  -5.4921595e+00
  -2.0345795e+00
  -1.6414235e+00
  -1.1748593e+01
  -9.1574222e+00
  -8.0689181e+00
   3.7976096e+00
  -7.9818377e+00
   2.6817100e+00
   4.6365615e+00
   4.2642662e+00
   2.0415095e+00
   4.7743908e+00
   1.4899631e+00
   9.5789707e-01
   1.4740119e+00
   1.1671133e+00
   1.8087158e+00
   9.1458132e-01
   3.9353818e+00
   6.7493373e+00
   4.4201813e+00
   5.6956564e+00
   3.7744790e+00
   9.5972737e+00
   5.9710336e+00
  -1.1771341e+00
  -4.5853595e+00
  -7.9862148e-01
  -2.3942954e+00
   6.1939166e+00
   5.4896224e+00
   5.9253766e+00
   5.2159999e+00
