0.028537
0.028536
0.024358
0.022883
0.028537
0.028686
0.028413
0.028543
0.009242
0.008636
0.024415
0.009242
0.027245
0.007964
0.009242
0.009242
0.005796
0.005786
0.013281
0.018409
0.005796
0.002677
0.005382
0.005796
0.024925
0.015739
0.008871
0.024514
0.025538
0.024851
0.024506
0.024514
0.017497
0.013328
0.016931
0.031919
0.017497
0.015077
0.007490
0.017504
0.027839
0.024946
0.002495
0.023919
0.024175
0.026890
0.023933
0.023919
0.258236
0.258263
0.263721
0.035304
0.258236
0.074836
0.012969
0.258236
0.001103
0.002396
0.001251
0.001103
0.012717
0.074837
0.001103
0.001103
0.002763
0.001977
0.002417
0.022706
0.002763
0.003635
0.003512
0.002803
0.020317
0.019217
0.004225
0.018815
0.018562
0.021131
0.018797
0.018815
0.032567
0.034750
0.028172
0.002572
0.032567
0.032333
0.031160
0.032561
0.027079
0.016821
0.027528
0.026862
0.002583
0.002383
0.026862
0.026862
0.000795
0.000725
0.001149
0.010981
0.000795
0.004766
0.018055
0.000795
0.002843
0.004933
0.051323
0.003015
0.003600
0.007630
0.003007
0.003015
0.011011
0.010931
0.017412
0.030698
0.011011
0.011240
0.021771
0.010989
0.036855
0.032834
0.027940
0.036732
0.036696
0.034785
0.036766
0.036732
0.068341
0.070272
0.069170
0.012346
0.068341
0.065691
0.000807
0.068341
0.002438
0.001467
0.000825
0.001252
0.001193
0.019761
0.001247
0.001252
0.015532
0.015881
0.012944
0.025610
0.015532
0.015706
0.007360
0.015503
0.019255
0.021754
0.005266
0.019502
0.019472
0.023857
0.019520
0.019502
0.000903
0.007312
0.000539
0.013875
0.000903
0.001238
0.000653
0.000917
0.013227
0.019073
0.006400
0.018163
0.017651
0.018576
0.018119
0.018162
0.019979
0.019969
0.031328
0.022342
0.019979
0.020010
0.019876
0.019977
0.020947
0.022543
0.031203
0.020967
0.023350
0.018606
0.020967
0.020967
0.003257
0.003261
0.002811
0.031895
0.003257
0.003272
0.023393
0.003253
0.034061
0.036254
0.020013
0.034062
0.034049
0.029543
0.034068
0.034062
0.035274
0.035240
0.034275
0.006346
0.035274
0.028235
0.039227
0.035274
0.002362
0.004454
0.030080
0.003681
0.003417
0.003935
0.003690
0.003681
0.028915
0.026346
0.028283
0.000881
0.028915
0.028962
0.028699
0.028932
0.000907
0.000996
0.025739
0.001011
0.001088
0.001050
0.001011
0.001011
0.025727
0.025766
0.030825
0.016504
0.025727
0.024896
0.028675
0.025727
0.006087
0.016313
0.033081
0.006081
0.006058
0.006285
0.006079
0.006081
0.020506
0.016085
0.013554
0.017862
0.020503
0.021941
0.024869
0.020503
0.001517
0.001563
0.017380
0.001495
0.006949
0.003547
0.001495
0.001495
0.152093
0.151906
0.142393
0.015864
0.152093
0.386730
0.042134
0.152093
0.019722
0.017750
0.114819
0.019871
0.020360
0.017772
0.019872
0.019871
0.029976
0.031863
0.030288
0.031861
0.029976
0.029935
0.030990
0.029974
0.032852
0.034434
0.033240
0.034858
0.034888
0.034152
0.034861
0.034858
0.000901
0.000846
0.009131
0.002910
0.000901
0.003437
0.119037
0.000901
0.003039
0.031496
0.007280
0.003191
0.004598
0.013936
0.003192
0.003191
0.001840
0.001838
0.001747
0.017014
0.001840
0.000746
0.002204
0.001840
0.018413
0.017320
0.000743
0.018458
0.017850
0.018814
0.018471
0.018458
0.021033
0.011766
0.001719
0.054850
0.021033
0.044082
0.023173
0.021025
0.165403
0.166324
0.003203
0.163048
0.058607
0.150940
0.163049
0.163049
0.001542
0.002776
0.012091
0.000891
0.001542
0.015911
0.008155
0.001548
0.002114
0.004407
0.002382
0.002145
0.004148
0.101767
0.002145
0.002145
0.028010
0.028007
0.032483
0.029352
0.028010
0.028484
0.022043
0.028020
0.028942
0.024864
0.026928
0.028939
0.028764
0.033613
0.028932
0.028939
0.010803
0.010753
0.011135
0.013066
0.010752
0.011750
0.004693
0.010748
0.002107
0.002144
0.003238
0.002107
0.002399
0.014105
0.002119
0.002107
0.023400
0.023482
0.025988
0.026188
0.023400
0.023626
0.026041
0.023415
0.030344
0.028524
0.028979
0.030468
0.030230
0.028446
0.030431
0.030468
0.234508
0.231833
0.238611
0.009513
0.234508
0.130687
0.031315
0.234508
0.003596
0.017016
0.013707
0.004127
0.003335
0.001528
0.004118
0.004127
0.016995
0.017005
0.017275
0.001173
0.016995
0.017169
0.025234
0.017012
0.006626
0.006541
0.025482
0.006627
0.006184
0.000749
0.006627
0.006627
0.037332
0.032263
0.032112
0.032004
0.037332
0.037331
0.034778
0.037320
0.018298
0.019100
0.025324
0.013960
0.013968
0.023441
0.013962
0.013960
0.002574
0.003206
0.005598
0.015115
0.002574
0.002522
0.011255
0.002551
0.002094
0.001504
0.016481
0.004009
0.004133
0.002129
0.004027
0.004009
0.019842
0.019921
0.020546
0.194809
0.019842
0.019812
0.018685
0.019850
0.384808
0.390683
0.019469
0.383959
0.363785
0.203295
0.383960
0.383959
0.000968
0.000968
0.000937
0.004260
0.000968
0.000963
0.002343
0.000968
0.011131
0.001249
0.001908
0.010538
0.010576
0.014235
0.010526
0.010538
0.006518
0.006320
0.006272
0.002365
0.006518
0.004624
0.004291
0.006511
0.274367
0.273988
0.007756
0.275408
0.126939
0.011835
0.275408
0.275408
0.028858
0.028915
0.026827
0.005398
0.028858
0.028847
0.031067
0.028863
0.011707
0.013996
0.029120
0.011775
0.012166
0.003359
0.011778
0.011775
0.015805
0.015292
0.016052
0.027219
0.015805
0.012533
0.017900
0.015805
0.026597
0.028048
0.014249
0.027447
0.027423
0.027563
0.027450
0.027447
0.016821
0.015701
0.025181
0.001433
0.016821
0.017773
0.016441
0.016818
0.009067
0.002016
0.025065
0.005512
0.003704
0.005997
0.005517
0.005512
0.028149
0.028131
0.026791
0.025622
0.028149
0.028485
0.025132
0.028111
0.019396
0.021794
0.023928
0.019381
0.018818
0.023854
0.019413
0.019381
0.047623
0.048090
0.042636
0.048306
0.047621
0.036334
0.005804
0.047623
0.006649
0.006367
0.006733
0.006484
0.005751
0.036625
0.006484
0.006484
0.011596
0.011281
0.010883
0.006821
0.011596
0.011126
0.006422
0.011578
0.002251
0.002389
0.005263
0.002163
0.002208
0.005160
0.002173
0.002163
0.004547
0.004547
0.004385
0.035824
0.004547
0.002094
0.001464
0.004547
0.027846
0.034157
0.011042
0.027846
0.028126
0.029614
0.027832
0.027846
0.021383
0.021364
0.018810
0.003751
0.021383
0.019254
0.023923
0.021361
0.001460
0.001868
0.019021
0.001461
0.005418
0.002330
0.001461
0.001461
0.049993
0.050039
0.047355
0.011342
0.049993
0.031928
0.023978
0.049993
0.024329
0.011762
0.013675
0.021736
0.021594
0.020610
0.021722
0.021736
0.021588
0.027154
0.021172
0.006724
0.021588
0.021799
0.025548
0.021581
0.007555
0.014777
0.030739
0.013815
0.011169
0.003108
0.013832
0.013815
0.000378
0.000370
0.002809
0.002936
0.000378
0.001786
0.035704
0.000376
0.124198
0.122533
0.121933
0.124197
0.070216
0.008857
0.124197
0.124197
0.005568
0.005501
0.005214
0.035146
0.005568
0.003091
0.002192
0.005569
0.031829
0.032059
0.010795
0.031767
0.031865
0.034673
0.031753
0.031767
0.018204
0.019843
0.012780
0.008256
0.018204
0.019356
0.014352
0.018212
0.097378
0.013526
0.010800
0.077872
0.213265
0.004587
0.077882
0.077872
0.002517
0.002559
0.002671
0.132353
0.002517
0.002583
0.013619
0.002507
0.001368
0.001413
0.012680
0.001369
0.001267
0.082868
0.001369
0.001369
0.030246
0.029790
0.035499
0.015754
0.030246
0.029857
0.028686
0.030248
0.012818
0.005189
0.033054
0.011842
0.013521
0.018285
0.011853
0.011842
0.054287
0.054294
0.053472
0.029540
0.054287
0.031882
0.004768
0.054287
0.000211
0.000490
0.001835
0.000213
0.000520
0.015323
0.000213
0.000213
0.018682
0.018480
0.021719
0.023036
0.018682
0.018895
0.004101
0.018684
0.016620
0.011945
0.007183
0.016183
0.016133
0.026358
0.016157
0.016183
0.005082
0.006885
0.000664
0.034520
0.005082
0.004242
0.014155
0.005087
0.027174
0.037132
0.004883
0.027520
0.027829
0.025273
0.027519
0.027520
0.027757
0.027762
0.028723
0.002422
0.027757
0.027644
0.029218
0.027760
0.004080
0.003139
0.029999
0.004087
0.005883
0.002795
0.004076
0.004087
0.022219
0.022045
0.014277
0.011252
0.022219
0.022087
0.029170
0.022224
0.013874
0.021445
0.021255
0.013758
0.014468
0.003138
0.013753
0.013758
0.001781
0.001862
0.001868
0.001750
0.001786
0.001598
0.021041
0.001781
0.024221
0.024176
0.013266
0.023108
0.020289
0.001696
0.023108
0.023108
0.034697
0.035011
0.035446
0.001149
0.034697
0.034718
0.034841
0.034721
0.003816
0.002710
0.036011
0.004415
0.003653
0.003378
0.004386
0.004415
0.147452
0.174562
0.004244
0.015398
0.147451
0.075051
0.125882
0.147551
0.026655
0.014864
0.003669
0.024728
0.024585
0.024559
0.024752
0.024728
0.032705
0.032318
0.027974
0.002141
0.032705
0.032669
0.032837
0.032724
0.019524
0.002279
0.027894
0.020733
0.010248
0.027424
0.020771
0.020733
0.005955
0.006130
0.007770
0.032778
0.005955
0.009552
0.007205
0.005891
0.034206
0.033415
0.012854
0.034393
0.034201
0.034092
0.034412
0.034393
0.027284
0.029792
0.027513
0.026763
0.027284
0.027524
0.012712
0.027306
0.011805
0.014231
0.015756
0.014545
0.014423
0.029943
0.014530
0.014546
0.005673
0.005803
0.005148
0.005690
0.005673
0.086046
0.003318
0.005673
0.061482
0.065700
0.064828
0.065008
0.003304
0.085951
0.065008
0.065008
0.022330
0.022361
0.016276
0.024571
0.022330
0.051474
0.016680
0.022304
0.025173
0.024605
0.030533
0.025169
0.025426
0.024907
0.025145
0.025169
0.019055
0.018763
0.025629
0.010793
0.019055
0.019567
0.019619
0.019064
0.000648
0.001157
0.025979
0.000739
0.005073
0.001388
0.000739
0.000739
0.005026
0.005040
0.005760
0.005087
0.005026
0.003296
0.136755
0.005026
0.012105
0.011459
0.012101
0.012106
0.144701
0.003050
0.012106
0.012106
0.006409
0.006409
0.009353
0.005618
0.006409
0.006149
0.019176
0.006409
0.021081
0.018434
0.021884
0.021080
0.021440
0.008008
0.021082
0.021080
