29.992026
29.979269
16.542608
3.344068
29.992026
29.930407
29.992025
30.041225
3.410133
3.327678
16.472630
3.410147
3.464658
3.406818
3.410146
3.410146
3.296823
3.299267
5.267325
5.123985
3.296826
3.322215
3.299415
3.296823
28.139347
5.236406
5.164275
25.816098
25.544627
25.816427
25.740625
25.816121
21.348550
8.095903
18.178522
27.378618
21.348549
21.547549
21.338353
21.409775
23.948260
12.461523
7.589703
11.404714
11.337167
11.407847
11.387851
11.404714
3.535277
3.535548
3.581330
3.438998
3.535279
3.475328
3.423974
3.535277
3.384134
2.218622
3.413759
3.384114
3.411928
3.463445
3.384135
3.384135
17.660304
10.847785
15.761300
32.016804
17.660304
17.322954
17.654817
18.185110
29.772985
23.040228
9.553232
21.681529
21.803096
21.683126
21.542150
21.681529
16.376378
27.382254
6.939154
3.243487
16.376378
16.471541
16.370187
16.336284
3.456927
1.942951
9.580864
3.451316
3.396098
3.396539
3.451316
3.451316
2.982855
2.877515
3.313139
18.686876
2.982853
2.791559
3.025577
2.982842
12.661796
20.380257
3.365515
13.355398
12.770192
13.331150
13.270085
13.355398
13.706029
13.493605
31.319595
15.208287
13.706029
13.552976
13.671001
13.561884
33.330241
14.840944
30.129189
32.492610
32.524648
32.483525
32.749873
32.492610
3.310706
3.388001
3.338045
4.011341
3.310713
3.312159
3.216989
3.310696
3.251344
0.941442
3.304362
0.583221
0.629204
0.587262
0.571443
0.583221
14.895086
15.963525
10.148059
17.179961
14.895085
14.868979
14.927764
14.702713
12.085729
18.181828
10.642046
12.742888
12.751190
12.731979
12.822161
12.742888
0.181147
9.949536
0.026696
7.288032
0.181147
0.138884
0.181042
0.206177
6.814821
22.418745
7.909274
19.865421
19.893138
19.864845
19.582821
19.865430
4.833934
4.822560
33.235404
3.464941
4.833934
4.829108
4.833826
4.821461
3.359904
3.464683
32.798747
3.361476
3.368201
3.361911
3.361470
3.361474
20.513982
20.551762
11.348497
31.431954
20.513684
20.487104
20.518135
20.456590
20.353493
31.450910
11.189918
20.375221
20.381327
20.368222
20.393628
20.375221
3.480228
3.474766
3.438887
0.200819
3.480224
3.477862
3.483659
3.480228
9.910651
0.572235
3.416391
15.346527
15.397882
15.346830
15.441626
15.346534
31.254174
17.818465
28.006296
2.792225
31.254174
31.249244
31.253925
31.388491
3.133775
3.313659
16.581281
3.331880
3.335024
3.328807
3.331881
3.331879
2.866239
2.872959
3.442703
22.749377
2.866221
2.874897
2.868273
2.866177
4.970879
22.764472
3.447378
4.963291
4.971165
4.962461
4.951226
4.963291
30.685880
13.940925
13.366403
0.656554
30.688635
30.504550
30.688459
30.660693
3.340884
3.297653
7.331508
3.363317
3.423699
3.399074
3.363319
3.363319
3.461194
3.457663
3.251693
21.416092
3.461197
3.502110
3.412420
3.461194
29.377430
22.029470
3.054734
30.302329
30.235341
30.301819
30.321236
30.302329
20.405614
31.040779
21.571523
20.523753
20.405614
20.469927
20.409084
20.398449
21.748183
31.237967
33.567364
33.727834
33.677222
33.726178
33.745763
33.727833
0.167678
0.241118
10.331856
0.826271
0.167678
0.877822
0.087058
0.168348
13.364639
0.382505
8.611293
12.228729
12.741454
12.191940
12.246150
12.228724
3.365988
3.364853
3.323782
22.864696
3.365980
3.339453
3.368884
3.365989
26.883423
22.757515
3.304479
27.167869
27.297427
27.168242
27.295409
27.167864
0.161113
0.145170
2.819439
3.481476
0.161113
0.031795
0.160552
0.159158
3.540391
3.558715
15.112799
3.520760
3.444501
3.518171
3.520763
3.520762
0.446312
0.063185
3.420934
4.805709
0.446313
2.227581
0.448958
0.423969
3.307678
4.161724
3.391577
3.319266
3.298546
3.416657
3.319251
3.319265
16.411530
16.405538
29.804092
16.666119
16.411530
16.326835
16.425466
16.453721
30.168308
16.616544
29.790072
30.150922
30.220918
30.154436
30.084299
30.150922
8.790121
8.794346
9.505620
12.867608
8.789818
8.328968
8.792348
8.508838
12.931186
12.267395
8.825042
12.934921
13.187262
12.952316
13.210791
12.934920
12.527540
12.761613
17.677919
12.655749
12.527540
12.493835
12.521849
12.596204
17.893844
12.915483
18.131124
18.296487
18.340141
18.298765
18.202315
18.296487
3.540417
3.513026
3.574306
13.630717
3.540417
3.495895
3.449113
3.540418
2.063882
18.884393
3.460153
2.597558
2.696645
2.617362
2.622737
2.597558
21.481343
21.527677
24.171676
3.325402
21.481345
21.404151
21.473849
21.633262
3.222851
3.260512
24.307326
3.222242
3.217283
3.277564
3.222243
3.222240
33.177371
9.681229
11.352947
32.019271
33.177371
33.179262
33.166475
33.083525
10.691262
9.039102
4.958758
4.507876
4.506639
4.521264
4.513556
4.507876
7.137548
9.479143
13.394189
3.199057
7.137547
7.159438
7.112272
7.004879
0.604784
2.943742
18.052163
0.754619
0.714800
0.764169
0.788604
0.754619
28.029343
28.496905
31.291300
3.490381
28.029343
28.032213
28.030152
28.114835
3.494752
3.524667
31.962398
3.490296
3.487124
3.456677
3.490298
3.490294
3.380720
3.381370
3.126132
1.016146
3.380717
3.381688
3.407638
3.380720
16.161833
0.885728
3.223503
14.084038
14.071718
14.078718
13.995082
14.084036
13.846282
13.143140
13.218934
3.303797
13.846278
14.269689
13.834798
13.795226
3.453230
3.450248
12.925496
3.462775
3.433870
3.347907
3.462774
3.462776
22.369155
22.626773
15.647938
16.658947
22.369155
22.402138
22.371079
22.354891
10.686907
16.948346
15.818589
10.814096
10.682410
10.867553
10.833499
10.814096
3.352975
3.284663
3.379870
24.876957
3.352975
3.343898
3.356341
3.352975
22.704928
30.256980
3.340917
27.288209
27.324510
27.288206
27.307210
27.288209
6.855476
5.485815
30.230345
3.308312
6.855476
6.760732
6.856343
6.842637
7.161043
3.327904
20.144079
0.770963
1.191177
0.771472
0.777482
0.770962
31.605140
31.483241
22.250376
30.489746
31.605140
31.559925
31.603887
31.258950
20.996633
29.966143
21.897253
20.933356
20.978501
20.922856
21.193828
20.933356
3.434238
3.459857
3.049243
3.470985
3.434212
3.425401
3.303138
3.434238
3.262557
3.323639
3.242329
3.304042
3.310601
3.439876
3.304038
3.304038
21.922856
20.527036
19.805062
16.095974
21.922859
22.114831
21.916378
21.767654
14.198736
14.930002
18.646864
13.140983
12.870957
13.137542
13.328710
13.140990
3.310584
3.310574
3.352634
27.841549
3.310584
3.345119
3.359548
3.310582
8.777976
28.110943
3.450146
8.776942
8.729284
8.778012
8.723946
8.776942
24.001224
23.917220
14.846350
1.370800
24.001224
24.466437
24.002668
23.838990
3.096171
0.023887
15.189104
3.098502
3.187188
3.116036
3.098430
3.098502
3.503335
3.499987
3.392205
4.868933
3.503335
3.478547
3.477176
3.503335
28.479297
3.633908
3.416549
16.307961
16.364929
16.306507
16.230152
16.307961
10.857628
30.724225
10.257600
4.930402
10.857627
10.753826
10.864139
10.808249
3.673923
20.012906
27.498602
17.496223
17.939161
17.508978
17.689355
17.496212
0.505570
0.480992
3.386496
3.394013
0.505523
0.096197
0.451403
0.501836
3.538333
3.509677
3.496690
3.538344
3.496585
3.444546
3.538340
3.538340
1.847694
1.959020
2.411256
33.221884
1.847693
1.168232
1.890580
1.846892
31.699484
32.925740
2.105767
31.290295
31.230743
31.292927
31.175702
31.290295
17.219439
23.967612
8.851906
2.837728
17.219439
17.087743
17.223980
17.301991
2.296145
5.913033
11.038415
1.131447
0.035769
1.246655
1.132726
1.131447
17.207433
17.881187
12.602905
3.360073
17.207434
16.972015
17.208262
17.042021
3.316585
3.211221
12.579681
3.313465
3.327565
3.449695
3.313464
3.313465
12.230406
10.900252
33.474918
9.583298
12.230406
12.337904
12.224666
12.215438
29.509696
8.697389
27.155032
23.604921
23.432198
23.610377
23.695660
23.604921
3.342128
3.342410
3.295874
1.138771
3.342035
3.335116
3.276882
3.342121
0.826813
1.543746
3.233949
0.834003
0.436291
0.842982
0.836079
0.834013
7.443695
6.847375
14.183712
9.351776
7.443695
7.385265
7.495168
7.454963
16.395046
8.707483
12.827063
14.970943
15.004794
14.957187
14.958345
14.970943
4.937064
10.329225
3.347978
25.170514
4.937066
5.390604
4.950583
4.957580
3.877600
33.114939
3.315267
4.306451
4.293880
4.297983
4.304865
4.306451
24.169346
24.196477
28.599135
12.895298
24.169346
24.259036
24.168020
24.198550
16.994664
13.510952
28.756407
17.022927
16.570777
17.037399
16.918958
17.022906
31.163349
30.042851
9.674808
27.500502
31.163349
31.181089
31.167687
31.206144
7.393316
26.548089
9.519696
7.232196
7.148341
7.285793
7.205266
7.232196
3.341336
3.287026
3.284022
3.363036
3.339819
3.351536
3.427025
3.341337
3.437833
3.433154
1.304797
3.356891
3.352228
3.267671
3.356876
3.356883
26.842371
28.765566
30.837248
4.486415
26.842370
26.802369
26.842853
27.004933
7.431328
5.240772
33.499750
9.199246
9.808668
9.197618
9.010891
9.199249
0.059079
0.027098
14.394261
4.217374
0.059079
0.027541
0.056578
0.050330
23.980041
3.356100
7.255917
15.752063
15.812463
15.751951
15.806726
15.752063
33.496970
30.869851
14.068143
15.017056
33.496970
33.538541
33.497300
33.665485
1.213040
13.922357
13.557360
0.951766
0.460442
0.962647
0.898170
0.951766
11.326502
11.984283
15.177217
26.027198
11.326495
10.232652
11.324619
10.895154
30.727247
26.678454
15.006788
32.004524
32.078170
32.003752
32.166232
32.004524
17.686658
29.399453
18.246162
17.379664
17.686658
17.655540
17.672758
17.810503
18.000573
29.167352
30.880054
30.494264
30.531260
30.510170
30.307023
30.494274
3.406132
3.420745
3.296835
3.408470
3.406130
3.491667
3.397151
3.406132
3.327443
3.496677
3.473080
3.478930
3.391304
3.489709
3.478928
3.478930
1.916305
1.905448
4.246630
29.261513
1.916307
3.481837
1.913705
1.966296
32.278686
29.485943
6.042361
32.254951
32.162797
32.254756
32.074862
32.254951
6.340478
5.951489
18.595485
3.434671
6.340478
6.279153
6.339854
6.365592
2.908363
3.385991
16.792991
3.056186
2.889625
3.063922
3.056221
3.056192
3.318077
3.321577
3.443286
3.331490
3.318077
3.263504
3.418367
3.318077
3.434458
3.355828
3.434529
3.434663
3.546715
3.349824
3.434663
3.434663
15.155523
15.154868
23.036792
14.291062
15.155523
15.267778
15.116517
15.148998
22.102304
14.364238
23.099656
22.101426
22.016780
22.107367
22.111792
22.101426
