642634835.622641
641947539.771939
114119918.615119
46.173274
642634835.054214
628099635.470476
642656517.764987
657741502.542927
46.185141
46.180153
108199265.945615
46.185141
46.183911
46.185142
46.185141
46.185141
46.169319
46.170399
1256.896869
209020.782381
46.169319
46.137098
46.169301
46.169319
9467030.404341
281458.386945
1408.965583
7199181.373247
6663636.169742
7198879.460066
7021878.921919
7199180.125433
1653188.609152
239833.819597
969845.131148
1402839482.780500
1653188.569307
1761599.032104
1655141.655319
1684339.646413
898598620.764466
266817348.268119
238445.242393
222268345.726185
200789283.215042
222166699.977803
215387214.647902
222268353.415081
46.182461
46.182476
46.184443
1752.505545
46.182461
46.184769
46.182533
46.182461
46.158348
735.982103
46.185601
46.158429
46.104554
46.155944
46.158429
46.158429
166475.846294
50298.324295
111717.492178
169843446.446276
166475.848763
149731.337697
166600.324614
184617.566213
127185761.489477
64906684.706963
35669.488890
52760450.246581
56095573.702975
52751193.443331
47972184.679191
52760450.804473
2201640427.241603
6938098394.265945
431918470.349650
46.156097
2201640498.710156
2428919661.742771
2202343453.968150
2088635769.308977
46.178714
42.816776
717145495.640932
46.175751
46.182882
46.175966
46.175751
46.175751
46.055723
45.991854
46.175966
338928.330405
46.055723
45.805412
46.054407
46.055712
115807.366986
457499.996989
46.157993
127922.458664
108181.701759
126840.230958
125140.891844
127922.407162
5716557.191233
5580177.508481
63604005.393068
4485763266.446275
5716557.191445
5097499.598260
5650577.968831
4980323.749586
41407408772.891785
3558149446.858473
49846080.428070
37726105364.462509
38150762809.503166
37731094775.129570
42656154308.016785
37726106121.203262
46.170048
46.179048
46.173246
573.498624
46.170048
46.170883
46.170213
46.170045
369.596732
53.544946
46.180311
27.966936
30.324016
29.286475
27.732562
27.966892
1935067.983642
2172239.185490
948517.436353
96975177.787604
1935067.965696
1908113.658852
1952683.127932
1724826.773200
43535390.545798
95724584.438913
914388.088852
46807557.199244
47284532.956062
46646836.287670
52561969.360866
46807557.457339
183.379177
15113.739450
81.783798
172048.130556
183.378982
154.462666
183.540066
198.634612
158923.331158
1430369.802908
9091.551755
968114.272881
976609.063822
967885.721932
894257.139514
968114.281426
67931051.843026
67779579.173331
4189038103.185964
46.185620
67931051.850992
66415018.439011
67937796.611333
63483414.774975
46.182846
46.185682
3713470584.907230
46.182913
46.182627
46.182913
46.182913
46.182913
546165.015694
549119.507827
107022.339279
8204574857.203357
546164.991722
542570.330356
541648.226679
538683.382245
1876873270.054740
8095463234.599460
100985.604508
1880615013.507520
1889187175.456885
1885800845.506078
1913435749.617350
1880614996.516419
46.184684
46.184655
46.183690
519.683603
46.184684
46.184852
46.184684
46.184684
32997.561119
904.164540
46.182943
89730.202371
91208.852741
89721.836139
91420.382567
89730.186266
208641594.359010
44930513.080984
128585489.725251
45.900984
208641594.201908
208237648.424886
208644248.557221
220952478.016410
46.118860
46.174437
38645563.717501
46.177861
46.177012
46.177863
46.177861
46.177861
45.689504
45.699101
46.184114
12702234.352628
45.689507
45.712789
45.687937
45.689379
730230.401116
13227767.663455
46.184186
729109.824576
737426.891961
728752.722306
711878.831779
729109.822990
32105350.394761
4561121.742860
3148622.779814
36.249020
32097358.442555
30288944.690653
32094405.759390
31827769.586263
46.181690
46.174633
1128226.156051
46.183885
46.178130
46.183867
46.183885
46.183885
46.179011
46.178551
46.131445
20649531.528930
46.179011
46.168786
46.179168
46.179011
63740516.617807
22674886.132027
45.990411
70656536.872654
68951280.255428
70685506.653334
71201149.901857
70656537.186013
1837351819.041943
5694528484.705157
2196660361.399814
5216160568.701740
1837351827.807416
1914670220.958518
1836514860.215403
1825022043.052244
6411213221.421451
16365322947.560053
8296223823.799427
23486589653.603912
23109606976.846329
23487360800.474258
23664427696.012985
23486592330.955414
8.262582
4.338036
23597.302295
2074.732442
8.262572
11.637597
21.007602
8.185137
78305.223032
983.070637
15122.108486
64979.476580
76538.072424
63707.393229
65280.513245
64979.463302
46.184298
46.184276
46.183021
2412655.659809
46.184298
46.185163
46.184298
46.184298
4429358.561392
2252020.586109
46.184373
4588997.003616
4743507.748467
4588797.467170
4768893.270173
4588974.627321
775.506691
3135.827306
31498.553004
46.185951
775.506855
1999.759370
778.895369
780.368514
46.184800
46.185112
367313.170164
46.183505
46.185267
46.183507
46.183505
46.183505
12.180096
15.154926
46.179183
1483.126130
12.180102
171.497126
11.807031
12.256054
46.017373
1456.199024
46.161693
46.038771
46.154743
46.023083
46.038737
46.038771
60094866.229987
60062827.119837
330701674.867864
171748555.900413
60094866.277570
55578896.378514
60352790.018502
62778451.355934
950891418.794946
165145412.348225
333085020.160368
949176219.203946
975887428.165195
948026019.069744
918882143.580519
949176226.357275
6641.367112
6647.182194
8103.653223
33242.500492
6641.987067
5620.776269
6720.987993
6219.060378
33581.240769
28667.814817
6643.008619
33606.256547
36494.008282
33427.378694
35595.252014
33606.256709
139843259.198004
143321148.175831
269932226.095050
396927047.346844
139843257.273990
133178756.613506
139576691.750341
156241515.530478
815818851.083057
425875491.029191
298190726.528916
847508796.053116
883036657.197704
848565379.518787
772001129.820074
847508792.317801
46.183170
46.181244
46.184911
3097346.183548
46.183170
46.184383
46.183175
46.183170
181557.883819
5425581.650998
46.185472
217568.127244
258241.964039
221023.451035
227772.190196
217568.129390
2423245.239389
2435857.807244
3629231.210131
46.180244
2423245.821147
2370897.730688
2411816.650990
2574646.832577
46.177525
46.181411
3781697.422499
46.177453
46.175323
46.177358
46.177453
46.177453
30804932854.262520
1869785837.266218
1642751580.485244
333238272.589588
30804932880.249325
30823446278.366489
30811917836.834476
29494359135.226498
16756870.686125
18790735.606347
592392126.323378
6006613.962774
5986727.285886
5971522.747576
6145557.039661
6006614.699070
31901.782672
48602.895589
119988.329756
45.982123
31901.782394
32198.689557
31486.024629
30540.976157
30.129048
45.683576
245384.842414
10.334939
9.396719
10.919033
10.682689
10.334933
72680038.762590
76312630.706639
117239747.758573
46.182431
72680038.197747
72770145.350316
72711567.864717
75520873.660109
46.180712
46.182174
129869665.416787
46.180460
46.180670
46.180467
46.180461
46.180460
46.184498
46.184553
46.087109
7133.620405
46.184498
46.184455
46.184488
46.184498
309534.903205
6662.951742
46.126367
234962.023607
234118.091033
234297.599917
228718.891675
234961.969073
42154.013375
36657.199409
36353.464435
46.180936
42154.017264
48247.500734
42290.846065
41723.115973
46.177065
46.176798
36562.414325
46.177909
46.181974
46.177991
46.177909
46.177909
1210348610.988440
1241123114.929684
502224696.252649
674148.306187
1210348608.220671
1232182089.273151
1208805537.709866
1197556193.151079
260101.509798
702614.869625
518376163.207050
264592.769986
250372.410032
269204.927418
267156.827575
264592.769981
46.178640
46.169043
46.181348
396135276.992170
46.178640
46.180001
46.178636
46.178640
284600376.410260
686831001.179406
46.179255
455276620.163196
461826949.079795
455253839.885978
460366776.642771
455276620.737615
699560.969372
554918.828128
21301802.773507
46.110174
699560.969377
631733.330228
699788.140229
689535.454022
2701.217316
46.156032
6275018.582703
69.690840
138.610283
69.642702
70.182863
69.690977
330915574.410610
326584250.375502
97561543.603335
57392003.416888
330915571.783614
325167894.694339
331058508.404756
286100796.016895
13823781.214783
48464924.730644
79880021.062185
13736921.206594
14073858.857634
13699373.091977
16025121.711770
13736921.215005
46.171220
46.178647
45.792709
46.183863
46.171220
46.174717
46.171960
46.171220
46.178115
46.184951
46.156289
46.183327
46.182492
46.183313
46.183327
46.183327
906416.055255
742336.637123
613561.602913
120316.255009
906416.401035
944773.064774
906853.285609
872000.872551
81807.469541
100105.306415
524559.218349
68196.199293
63003.798602
67934.852663
71057.244946
68196.188352
46.184330
46.184331
46.185298
7049194610.478652
46.184330
46.182447
46.184324
46.184330
730926902.785869
8193285724.638723
46.184289
730832144.464535
637103582.632757
729972400.516091
625173576.638062
730832147.431289
2808269.136248
2778817.380622
698387.268493
41.073853
2808269.186403
3177993.213058
2805814.184708
2654901.108564
45.901903
15.080448
801032.134396
45.905138
46.135479
45.901092
45.905013
45.905138
46.185355
46.185385
46.180777
4446946.317552
46.185355
46.185678
46.185357
46.185355
165412295.821295
3236435.942570
46.184913
41110644.695520
42824259.148443
41119855.110669
37974210.344329
41110644.792283
114594558.725603
1113610586.044944
102540108.594608
44614.450701
114594525.129446
98627620.376810
114741686.066650
104549880.763274
24907.352043
522482.227398
648281335.441229
325587.616198
369369.808227
328443.392793
342638.623023
325587.456893
19.488910
18.632450
46.169954
46.185637
19.489257
4.257920
17.289966
19.391036
46.185397
46.185095
46.154928
46.185396
46.185821
46.185399
46.185396
46.185396
44.187090
44.469076
45.371445
3995099334.114475
44.187089
40.888358
44.170275
44.184408
3341789987.590207
4060756380.977293
44.308979
3201629179.004643
3129744576.193197
3200051972.920604
3036695564.658980
3201629180.842896
13973606.420593
28137810.340179
3970882.470462
2003.208564
13973606.424996
12862817.125168
13997927.637316
14852987.022257
38.975838
4423.974820
4636826.820087
22.033797
38.583394
25.096009
22.060709
22.033792
181618.319956
201938.456256
74518.082668
46.158827
181618.346720
170340.233048
180538.382797
175767.848104
46.181043
46.167150
69568.264806
46.180746
46.177754
46.180564
46.180746
46.180746
1270609236.526583
1087223817.883727
21814240495.345585
705067.584291
1270609236.489453
1519849693.102236
1272237682.039776
1235828453.376289
14280778.182453
758487.657423
10922171491.261246
7036206.267471
6609549.057050
7034087.254626
7287507.555118
7036204.733028
46.164171
46.164233
46.155366
39.396785
46.164171
46.170833
46.164409
46.164169
37.795998
42.199569
46.165120
37.855857
32.774887
37.723841
37.875008
37.856020
360528.350419
326849.463061
1137074.504954
5044717.304214
360528.350503
345243.063562
369270.038498
364229.585995
14576111.580712
4557988.154399
964860.045590
12483364.935780
12794579.127515
12386629.687608
12318970.348852
12483365.210335
2757.286537
11952.296314
46.167810
12333482702.410303
2757.286142
3387.495995
2750.508468
2775.424112
396707738.335467
29966087113.697906
46.153713
435503937.708680
393017418.309824
436153839.306276
430328337.379184
435504588.146118
870945504.213335
873174598.085024
1538186067.425482
94187.545065
870945503.963787
915698219.454445
870258278.528722
888172650.934846
208798.701106
111912.659781
1632743940.709999
209645.891038
185442.605028
210890.925177
205188.275691
209645.791504
152143859.213386
134233858.902178
8231791.568847
6292545.711238
152143859.069121
153176684.238508
152006452.726956
154859433.499914
311378.209786
5689074.022030
8514692.811473
303737.371522
285239.215678
309633.220218
297751.578945
303737.358945
46.181956
46.169308
46.169626
46.185643
46.181955
46.181418
46.181871
46.181956
46.185189
46.185183
40.986870
46.181110
46.181708
46.181163
46.181109
46.181110
18182907512.614258
22015192228.268993
32063638557.589722
1705.505716
18182907428.142025
17873284530.299599
18182099721.298901
20068679202.039314
4466.120832
2054.555017
45627349190.731621
7131.714771
8718.366717
7134.393730
6816.887930
7131.717612
1557.798933
857.286954
162838.361379
36842547.418908
1557.796933
453.524040
1531.197982
1485.161705
561726778.644344
23037870.423496
46073.155266
241427055.294823
255883379.149403
241442468.971627
257911719.221069
241427073.900380
11244039774.594234
8405247672.558458
861995111.217477
64872.495306
11244039776.656328
11405655490.659031
11243962490.180666
12105725913.285141
1136.679179
55814.034293
962206489.935159
918.646268
407.425787
929.965119
873.302117
918.646170
38609.627172
43250.614330
86015.509561
3256622384.018824
38609.628017
27411.755992
38558.924835
35026.193904
5561940844.714256
3058743088.226506
75552.532652
6377303027.357022
6557167169.496481
6377596609.392197
6884770900.128321
6377303029.157943
8448220.852961
32547767.241250
9258494.561297
5901054.381269
8448219.162960
8308319.573056
8461962.505979
9155665.433306
6850791.303920
24370688.036752
42808753.665653
30027395.428421
30378455.145153
30000594.346090
28025734.242754
30027363.218885
46.184501
46.185211
46.170783
46.184880
46.184501
46.177880
46.184506
46.184501
46.134295
46.181983
46.176083
46.178457
46.184577
46.178448
46.178456
46.178457
149.301385
147.936625
648.960700
285408326.848254
149.302308
531.188062
148.130493
153.694726
476052197.181944
317701706.054484
1584.312249
474790746.758985
459740943.499914
474802931.803962
439720300.537766
474790745.839055
18682488.732817
17525507.159955
116614367.855006
46.173575
18682489.254655
15788091.839286
18672880.837106
20237186.515589
45.614753
46.180782
97324702.768653
45.870949
45.291326
45.869022
45.871013
45.870949
46.175335
46.175697
46.184002
46.177874
46.175335
46.184152
46.175277
46.175336
46.185925
46.184666
46.185907
46.185925
46.184066
46.185927
46.185925
46.185925
447581.399239
447545.839191
1534491.683958
302154.024994
447581.399231
463886.953895
441391.802393
446574.541520
1069471.724613
308641.382764
1552358.394443
1069303.824803
1046763.373771
1075470.319976
1071961.206109
1069303.841511
