2.780447281783733626e-04 7.153312109254540696e-02 -2.537575759777274328e-03 1.441993620216523710e-05 9.789033151854290363e-03 9.693047241848788964e-01 0.000000000000000000e+00
7.940083081664463997e-05 5.802566678334367817e-02 -2.585163195727703707e-03 2.920590034432260070e-06 3.919418906664451363e-02 9.586039493910030185e-01 0.000000000000000000e+00
3.118011266137029258e-04 6.121691704580316251e-02 -1.143843999602464759e-04 -9.428778428413280647e-07 6.178498054242612808e-02 9.231129468251918491e-01 0.000000000000000000e+00
-4.066918676256389090e-04 9.786916347032625918e-02 6.928422670909171154e-03 -1.461368136538854969e-06 1.172644623564808863e-01 8.296193566185957602e-01 0.000000000000000000e+00
-2.769129363427842131e-04 1.154832521320213884e-01 2.467710376968216407e-02 3.293781540341515716e-06 1.188425154557728458e-01 7.753984913102760501e-01 -3.521467313451859242e-07
-2.505709444331261082e-03 1.738112429542881532e-01 4.460201756476555451e-02 1.467576353658433989e-07 8.700643280269690361e-02 6.658695626948696322e-01 0.000000000000000000e+00
-5.292121286791883969e-03 1.962697224505538240e-01 8.127167644267516144e-02 6.179621301757664371e-06 8.581988618442260019e-02 5.372156947829184181e-01 0.000000000000000000e+00
-9.109605246089081190e-03 1.985612256484973748e-01 1.372111738816882420e-01 9.125377219938494256e-06 9.929657961997484517e-02 4.360538940371808669e-01 -4.848959359791498431e-07
-1.080965963264524099e-02 1.510941145302226174e-01 2.235484455666224834e-01 1.803679316767548520e-05 1.072217858156977455e-01 3.657418534613511851e-01 -3.284385473795095303e-07
-8.482512846871147205e-03 1.115660254553979824e-01 3.126164284108579050e-01 2.816162616984836794e-04 1.172776127469931928e-01 3.103647989638539939e-01 -6.367769764284016342e-07
-6.945474148144013642e-03 9.913642116460247289e-02 3.958536892579491151e-01 6.836551151224708276e-04 1.194854201504202268e-01 2.565837945152107946e-01 -1.769231959693089083e-06
-8.093993512633583867e-03 1.117323829951688552e-01 4.444506093493340027e-01 9.770895232645889893e-04 1.129371132076269491e-01 2.108317623139448482e-01 -1.971539259417621438e-06
-1.100462374428114350e-02 1.462548947478442551e-01 4.663107665688928649e-01 1.091327845125302865e-03 1.047148583083154783e-01 1.779951849902579042e-01 -2.509164645568072405e-06
-1.091112474067055735e-02 1.915640115927978449e-01 4.742062997886612452e-01 1.096006576303610583e-03 9.335396170696445839e-02 1.507609071980206272e-01 -2.183361866160821570e-06
-8.191187789966183561e-03 2.326147219499344887e-01 4.845111100731592790e-01 9.785525411946972840e-04 7.694278863060245721e-02 1.210023941889560167e-01 -1.051044669887163796e-06
-4.600794587099987613e-03 2.573662484042925636e-01 4.963899056799412346e-01 9.001721953865259420e-04 5.978136727281158774e-02 9.245947365520978956e-02 -1.457493023218837120e-06
-1.030961852684482861e-03 2.670897235777030532e-01 5.065121729043731147e-01 7.615327199518453051e-04 4.481343458181902967e-02 6.695048000225101159e-02 -2.364175024836034847e-06
1.574915142919283695e-03 2.723691313045583651e-01 5.190403876993617827e-01 6.216986237470004031e-04 3.304669834837792308e-02 4.678507453205597161e-02 -2.114161857962763098e-06
3.213141860802494042e-03 2.769487924459353989e-01 5.285901757332317485e-01 5.119853617566692827e-04 2.427138993465908709e-02 3.169237222931637482e-02 -2.091737659469485951e-06
4.182599812991321352e-03 2.811122169649958313e-01 5.342026740590363199e-01 4.229011229293702374e-04 1.799209300283058366e-02 2.049159984307189972e-02 -2.136098961865133737e-06
5.188952173124356144e-03 2.841485905766511499e-01 5.397598314522491503e-01 3.497889814350812815e-04 1.457027024042898029e-02 1.328829800552941073e-02 -2.197740327247168455e-06
6.627965524549150195e-03 2.856158973246288868e-01 5.448221042261117697e-01 2.961579892663129278e-04 1.245405932890861211e-02 8.886890860871887385e-03 -2.329443126920094664e-06
8.024661983220457082e-03 2.862108879390564686e-01 5.500151043508331172e-01 2.512516258012973628e-04 1.061386321395494520e-02 6.059787817113279455e-03 -2.941493781481068883e-06
9.117958030563587044e-03 2.865908526039384063e-01 5.546539069155476120e-01 2.137650628888709337e-04 9.262017796751988163e-03 4.180929011400552273e-03 -3.919138853433983791e-06
9.886674371263438205e-03 2.858985274909925378e-01 5.577220771917662523e-01 1.827968457482598264e-04 7.929126235875723350e-03 2.914432146228796653e-03 -4.886222676506072964e-06
1.039925515892753741e-02 2.844553591770401790e-01 5.596546870625798142e-01 1.569317765864394342e-04 6.572159998971905358e-03 1.776339781604291748e-03 -6.002135563543888362e-06
1.066297981137076349e-02 2.826314093786139736e-01 5.609387409737514041e-01 1.346738566636056429e-04 5.489603535058212164e-03 8.593873915382328017e-04 -7.561006518941454504e-06
1.079313700067928081e-02 2.807308828385896016e-01 5.618636737379878454e-01 1.164912893076742458e-04 4.585789009761219448e-03 1.643550616601135192e-04 -9.346683051318316091e-06
1.082050686833291656e-02 2.788056171362835456e-01 5.626620782073711302e-01 1.011596553474532233e-04 3.823853786486666045e-03 -3.636214790596640155e-04 -1.161536748759079119e-05
1.080242396126572524e-02 2.770792362314479229e-01 5.636531973738503343e-01 8.834472501795836877e-05 3.223796565984083078e-03 -7.643700394034968516e-04 -1.393538313869724623e-05
1.072842586212631628e-02 2.755839991947280354e-01 5.648686002951568419e-01 7.731499907676619434e-05 2.770046530056581927e-03 -1.034820137822363428e-03 -1.637221356014280444e-05
1.060787344853734993e-02 2.742778779212562967e-01 5.662271863608624445e-01 6.793654755327696538e-05 2.407566487469866429e-03 -1.197335104089957466e-03 -1.877999587187909964e-05
1.046362410247063217e-02 2.731410805634527650e-01 5.677197906360379465e-01 6.026382999883444808e-05 2.153702829412217253e-03 -1.270316426447659370e-03 -2.110760729571285957e-05
1.025353989055948108e-02 2.722213497230693280e-01 5.693667360140270972e-01 5.373178486534830917e-05 1.970343507355991688e-03 -1.303450317121553027e-03 -2.431810965797150183e-05
9.915115591311885260e-03 2.715203520487404765e-01 5.712943196797494183e-01 4.806354960203766501e-05 1.762728740096223753e-03 -1.301228391025101381e-03 -2.736102062309585302e-05
9.504064153194982309e-03 2.710648668406128170e-01 5.735347447637002549e-01 4.325000795199535926e-05 1.574320973511983196e-03 -1.269690123953291826e-03 -3.196658284835873402e-05
9.050437294068262514e-03 2.708567358706110428e-01 5.761139565111145222e-01 3.919312796700909581e-05 1.420868598407130749e-03 -1.226910279129460541e-03 -3.757860368907693665e-05
8.565274451807930803e-03 2.708919233008520444e-01 5.789596266190710772e-01 3.569039343070907138e-05 1.304320338071468912e-03 -1.179001712100453524e-03 -4.397023227329164538e-05
8.049394963163820915e-03 2.711463537744124852e-01 5.819878748244083910e-01 3.269419405311038853e-05 1.221618885410067365e-03 -1.127362970108398369e-03 -5.070773233981606921e-05
7.522220007517151433e-03 2.715888018460344000e-01 5.852317636637243137e-01 3.015595861955577698e-05 1.162397335255609208e-03 -1.075446626065593549e-03 -5.758024737453961572e-05
6.985367364800214481e-03 2.721994792511917005e-01 5.886885138081680013e-01 2.795616019665527583e-05 1.112083247298634517e-03 -1.023491595339399594e-03 -6.414255140709551758e-05
6.451831305659024886e-03 2.729652987080158355e-01 5.923470425722354715e-01 2.606058018507869233e-05 1.066998216345589655e-03 -9.778247337761129723e-04 -7.075330130584249098e-05
5.927461013433378730e-03 2.738698506191911131e-01 5.961860048899183528e-01 2.438165008863132251e-05 1.031948164083839161e-03 -9.364681352223417667e-04 -7.746499904367524993e-05
5.410798019621763065e-03 2.748840385761511795e-01 6.001458400595528486e-01 2.293974608756727484e-05 1.007469812741735443e-03 -9.001241349974689089e-04 -8.446910266631720032e-05
4.907145498500238394e-03 2.759624418945434421e-01 6.041673307531024717e-01 2.167340137522781067e-05 9.949998345442111810e-04 -8.677379375825341155e-04 -9.153889808286774712e-05
4.425218145483867868e-03 2.770529248347291529e-01 6.081605494208680573e-01 2.055177722121872991e-05 9.966366230440744118e-04 -8.391051510953028651e-04 -9.892915519097803000e-05
3.967598355412116536e-03 2.781009868818190012e-01 6.120569634478676413e-01 1.955306001323771359e-05 1.003027745471925811e-03 -8.122006219956143117e-04 -1.063182974995093423e-04
3.535921917819451980e-03 2.790631428737389008e-01 6.157978131684636036e-01 1.867724330397204966e-05 1.011336667329613710e-03 -7.888306357038245634e-04 -1.136518178503011136e-04
3.128623313112566771e-03 2.798981493327923342e-01 6.193586576321208348e-01 1.788765485341019295e-05 1.023770888573719180e-03 -7.671650663246457448e-04 -1.211522529308359654e-04
2.739433427580458338e-03 2.805808247468645211e-01 6.227197032873967864e-01 1.717859624204387363e-05 1.036686910730982587e-03 -7.481418108202601272e-04 -1.288245319723632805e-04
2.366123419690922998e-03 2.811009953816514528e-01 6.258775675440707564e-01 1.654989577098445414e-05 1.049203269273354553e-03 -7.309337256315574620e-04 -1.366807229097132914e-04
2.007717203370139748e-03 2.814552039351936319e-01 6.288385896921550033e-01 1.598740196456542451e-05 1.062153426985222712e-03 -7.153574153764060296e-04 -1.448982696254314591e-04
1.665292431117546034e-03 2.816444594739257457e-01 6.316059795829727097e-01 1.549836592078184081e-05 1.077952193522518616e-03 -6.962077031740131683e-04 -1.527558234056811733e-04
1.336257249633708436e-03 2.816838439744522304e-01 6.341848372176390747e-01 1.503750905202127475e-05 1.093804401018772529e-03 -6.743891108190085484e-04 -1.602869173131476045e-04
1.015027083057578336e-03 2.815853287072074829e-01 6.365824417386918288e-01 1.463039676597578254e-05 1.107655426790726165e-03 -6.490660525217846737e-04 -1.684454273037572691e-04
7.041425695072495682e-04 2.813683185070501303e-01 6.388137453380275943e-01 1.421812566990456186e-05 1.120605215621378169e-03 -6.202259351039118027e-04 -1.770793651533390876e-04
3.988392498184227921e-04 2.810475032685296748e-01 6.408851620013381600e-01 1.383760122576781671e-05 1.131439136011913680e-03 -5.897600608422953316e-04 -1.859295653874056095e-04
9.969061618958864124e-05 2.806428804067952476e-01 6.428039683880700794e-01 1.350418773345935411e-05 1.139745031332403203e-03 -5.588325735533517229e-04 -1.952919705192777879e-04
-1.933279673526312672e-04 2.801704348374795539e-01 6.445776032991312743e-01 1.316736547293193998e-05 1.145704249782629903e-03 -5.287274650104206806e-04 -2.045168934233744442e-04
-4.798558642188731739e-04 2.796479518982635804e-01 6.462168976213265026e-01 1.287029683754458597e-05 1.150603310969723105e-03 -4.987991421713411800e-04 -2.143102878218725363e-04
-7.612351667163873032e-04 2.790856819916393561e-01 6.477328369735718683e-01 1.255714059274352244e-05 1.154179069289011780e-03 -4.681404170841751131e-04 -2.241953135039588812e-04
-1.037080318357747836e-03 2.784954636353921820e-01 6.491279952840456335e-01 1.226268722481696217e-05 1.154847381476792291e-03 -4.389235208641799921e-04 -2.337917159164986758e-04
-1.307534023845944053e-03 2.778882938866450991e-01 6.504120753318739512e-01 1.197928956589991064e-05 1.153834031193815392e-03 -4.104498392691699623e-04 -2.436244992829787140e-04
-1.570830718195836626e-03 2.772753255819337403e-01 6.515876331126865262e-01 1.172047675709218357e-05 1.152617275845625516e-03 -3.836703796589444916e-04 -2.527084174339534858e-04
-1.827680881119969885e-03 2.766624026328978747e-01 6.526636899029917283e-01 1.147631858384552427e-05 1.149049378080043695e-03 -3.570941414296330534e-04 -2.620502423756711826e-04
-2.078836736281318605e-03 2.760549796875702011e-01 6.536495856053520237e-01 1.122190323291998276e-05 1.143722361519249227e-03 -3.308305396809404554e-04 -2.716655130115568821e-04
-2.323219415974529193e-03 2.754574947243003114e-01 6.545476862397875406e-01 1.100254334947206303e-05 1.139015977156375295e-03 -3.046384852176252270e-04 -2.809274114263646456e-04
-2.560267954114884940e-03 2.748754864108131080e-01 6.553659434601332157e-01 1.076274861429400497e-05 1.134614393469147173e-03 -2.770991914572039838e-04 -2.902348551172942480e-04
-2.789373743081676425e-03 2.743107548559848841e-01 6.561103335856746099e-01 1.054038606843554073e-05 1.129352068618741031e-03 -2.515585106627167360e-04 -2.998805460170798388e-04
-3.011047360271509876e-03 2.737657802079754288e-01 6.567836313155850370e-01 1.033850918446809122e-05 1.124500116059469826e-03 -2.268838488274703240e-04 -3.093047102600056408e-04
-3.223682798304262822e-03 2.732440924678944394e-01 6.573921719072345349e-01 1.013811369317849693e-05 1.120376271351818370e-03 -2.028853630539992510e-04 -3.189083252764649597e-04
-3.428925389925212112e-03 2.727434426080177499e-01 6.579394975095231857e-01 9.944166209353671982e-06 1.117996757342926226e-03 -1.800733040736976942e-04 -3.288739283605574080e-04
-3.627572160792178532e-03 2.722629502894438058e-01 6.584288025437614600e-01 9.775134978896068798e-06 1.115567857755997774e-03 -1.579848102670873772e-04 -3.387251571035072395e-04
-3.819305825532840273e-03 2.718044940829007494e-01 6.588665855199598020e-01 9.580023983694468801e-06 1.114019534821294403e-03 -1.375293553043194716e-04 -3.488123317993000513e-04
-4.002139737306535314e-03 2.713686456035878103e-01 6.592550074527805393e-01 9.417691256883832396e-06 1.113976145846993799e-03 -1.181862094503322236e-04 -3.589450813546766843e-04
-4.178376040937356942e-03 2.709533781295306309e-01 6.595962844035380135e-01 9.247587753441563490e-06 1.115353284670719206e-03 -1.003540326941604707e-04 -3.691630506940769634e-04
-4.348623233626260944e-03 2.705572503021388964e-01 6.598963667646127185e-01 9.096441055851274267e-06 1.117422337232043148e-03 -8.348692022647854788e-05 -3.795517671260586925e-04
-4.512297581348577100e-03 2.701785488386211909e-01 6.601571812265473183e-01 8.946496655727112626e-06 1.120759082635856742e-03 -6.878128412512489400e-05 -3.899559577264701134e-04
-4.669044176101903691e-03 2.698175126746179542e-01 6.603815164524985404e-01 8.799043798001465164e-06 1.125894134594545909e-03 -5.477316369075175482e-05 -4.004474778326512236e-04
-4.819440402366159844e-03 2.694733806482753624e-01 6.605715668847723654e-01 8.654271452353065014e-06 1.133141952595700724e-03 -4.156462801664203075e-05 -4.110658035723013196e-04
-4.963975852785325674e-03 2.691434094497594520e-01 6.607312852272811954e-01 8.515066152617921591e-06 1.141200707088725229e-03 -2.920116830056048322e-05 -4.220634459893115903e-04
-5.103312391941776383e-03 2.688260626287284905e-01 6.608612502304715974e-01 8.381486198613060680e-06 1.149939886024796279e-03 -1.796607835538951929e-05 -4.331091627285362021e-04
-5.236591351899344375e-03 2.685207884141572743e-01 6.609652300220377752e-01 8.249208048449866942e-06 1.160793218778524618e-03 -7.380832839148912553e-06 -4.442676089716406183e-04
-5.364495789949786514e-03 2.682266544449941059e-01 6.610452607849484075e-01 8.122787154624005107e-06 1.173340873856230362e-03 2.753891052706208799e-06 -4.555378331628307182e-04
-5.487054899541056116e-03 2.679418285512806808e-01 6.611038128569407535e-01 8.001592391101848727e-06 1.187617111348731637e-03 1.232488736848197558e-05 -4.669458864941765375e-04
-5.604704318154078019e-03 2.676646421017799260e-01 6.611419802915354804e-01 7.882473746757689365e-06 1.203847116513163127e-03 2.149549213457731554e-05 -4.785103132816115605e-04
-5.717458332509536313e-03 2.673939411154431234e-01 6.611617706637773484e-01 7.768680323721454946e-06 1.221532299014983346e-03 2.975483416762340701e-05 -4.903248690742654506e-04
-5.825598225426016803e-03 2.671281638015101101e-01 6.611651541120789899e-01 7.655866936140710979e-06 1.241248759446434910e-03 3.735088220537546329e-05 -5.025213867663192975e-04
-5.929221706574354725e-03 2.668672857408213028e-01 6.611541133239625667e-01 7.547504943970083102e-06 1.263059383796337129e-03 4.508876854897494850e-05 -5.148415344438893575e-04
-6.028974652041899952e-03 2.666098542611062272e-01 6.611304506123285574e-01 7.437770844690239393e-06 1.287096210984101661e-03 5.306565603326742446e-05 -5.272543294303256873e-04
-6.125046598875787812e-03 2.663553605464073493e-01 6.610958997340028453e-01 7.338107579986542405e-06 1.313304749263655407e-03 6.051917115481883442e-05 -5.401171567203929625e-04
-6.217200645352437272e-03 2.661024609401416163e-01 6.610515026417090878e-01 7.237147455074543568e-06 1.341533812937818195e-03 6.743398702534631872e-05 -5.533524119199303591e-04
-6.305139619500828643e-03 2.658493110751067312e-01 6.609987014031142305e-01 7.135993222594362309e-06 1.371782362219426538e-03 7.418420949524685392e-05 -5.669416969357744503e-04
-6.389866555542887856e-03 2.655950849341915387e-01 6.609390540171483641e-01 7.042304030420318828e-06 1.403701939084865246e-03 8.028452851763131755e-05 -5.808132424575450457e-04
-6.471281616215969479e-03 2.653401943737644930e-01 6.608741591347485622e-01 6.948441145342136836e-06 1.437833929507997387e-03 8.588326586656681698e-05 -5.949238360568738200e-04
-6.549552696497256722e-03 2.650839039451568513e-01 6.608051262365307599e-01 6.857140061894050383e-06 1.474030256579249689e-03 9.170846928471778541e-05 -6.094191197008863971e-04
-6.624768053753167345e-03 2.648255957467040567e-01 6.607334409053353674e-01 6.762881100573600255e-06 1.512808909152842888e-03 9.756729040184797773e-05 -6.243913794152266324e-04
-6.696842295795762609e-03 2.645642278436942663e-01 6.606595354464542824e-01 6.678717826418501377e-06 1.553774360529370418e-03 1.032869933836121177e-04 -6.396594141965611597e-04
-6.766290335475855754e-03 2.642988975437990939e-01 6.605844686835784518e-01 6.589449393067233123e-06 1.596478784607643746e-03 1.086110160574641089e-04 -6.554582956806845112e-04
-6.833440817713438281e-03 2.640291449643775157e-01 6.605098717444859435e-01 6.508398457087428233e-06 1.641049471702191957e-03 1.138383015643562536e-04 -6.715411973636747738e-04
-6.897958297119944140e-03 2.637546352967612417e-01 6.604368411200521871e-01 6.422900582798788222e-06 1.688060781313287196e-03 1.191264108943177000e-04 -6.880616955422773221e-04
-6.959889312673645141e-03 2.634749620712149021e-01 6.603658684575931526e-01 6.350526269771497846e-06 1.737267542939035332e-03 1.241928950386438329e-04 -7.049630958950423064e-04
-7.019119370505328553e-03 2.631900174302856943e-01 6.602981088267202425e-01 6.269732365937739869e-06 1.788791250407756241e-03 1.296466996725655161e-04 -7.221257992287601069e-04
-7.076394491625397250e-03 2.628991191515987480e-01 6.602333696762535675e-01 6.188475503259435911e-06 1.842352527528940461e-03 1.347467457032352318e-04 -7.398152566153573311e-04
-7.131811812925741532e-03 2.626017687316634652e-01 6.601728417292007656e-01 6.113775624697267680e-06 1.898066448550889259e-03 1.396254997211255017e-04 -7.579414601125068372e-04
-7.185411451032146582e-03 2.622974196723655282e-01 6.601174385376861187e-01 6.040404267471306209e-06 1.955880744509173180e-03 1.444544133305800180e-04 -7.765066599247768750e-04
-7.236863508723282747e-03 2.619864564107384775e-01 6.600683661565992510e-01 5.969682004699888224e-06 2.015906884986863774e-03 1.494778207847434405e-04 -7.953579072023477577e-04
-7.286470768272068979e-03 2.616683281914858328e-01 6.600259332969375947e-01 5.895544481212436312e-06 2.077875666035754187e-03 1.544405837492472287e-04 -8.145148217249433128e-04
-7.334469626595801865e-03 2.613429619241569579e-01 6.599902785685226592e-01 5.839098620740226538e-06 2.141899938506513449e-03 1.592776435799982810e-04 -8.342473502966619948e-04
-7.381342945227865535e-03 2.610097116320612143e-01 6.599612539729915461e-01 5.772597692116101218e-06 2.207778019927149425e-03 1.638543875715079074e-04 -8.546417078848275294e-04
-7.426487734198797090e-03 2.606687209688602347e-01 6.599404708329749125e-01 5.702347511176843216e-06 2.275855718077565530e-03 1.685469837408671906e-04 -8.755353109900687516e-04
-7.469626781581403807e-03 2.603203630292842963e-01 6.599283720400406228e-01 5.637116976509099364e-06 2.346313665597513348e-03 1.734307852530046811e-04 -8.964171500002834003e-04
-7.511080093929463873e-03 2.599642191156995019e-01 6.599252014809156019e-01 5.578680710107460699e-06 2.419047177949124744e-03 1.783684868085139749e-04 -9.175005185290901295e-04
-7.551518982395690957e-03 2.596001481261818733e-01 6.599311669247077683e-01 5.514152265695555958e-06 2.493364926816907592e-03 1.830981307517794132e-04 -9.391035321946972171e-04
-7.591013980046105655e-03 2.592278753284449899e-01 6.599464613561005777e-01 5.451810927732877027e-06 2.569482574785295417e-03 1.875992358913542650e-04 -9.614194223661754867e-04
-7.629341996170791243e-03 2.588475745188423272e-01 6.599713711410738481e-01 5.402751874869897633e-06 2.647862953913441252e-03 1.920607649537835855e-04 -9.842116047485602835e-04
-7.666246062475770041e-03 2.584588575115890352e-01 6.600063631341281933e-01 5.346736382913143058e-06 2.728275211279629266e-03 1.967255537823620331e-04 -1.007297872574919101e-03
-7.701754781171080838e-03 2.580627763194570656e-01 6.600519296693040383e-01 5.286066826770292430e-06 2.810778283566377298e-03 2.015047355063922553e-04 -1.030529908138557056e-03
-7.736037531200443303e-03 2.576586578511028125e-01 6.601079731429134734e-01 5.232782104822958992e-06 2.895292025744742974e-03 2.061818878497557344e-04 -1.053979471231570502e-03
-7.769526841799028610e-03 2.572465046773748099e-01 6.601741058947344643e-01 5.179314109819925296e-06 2.981367366656653781e-03 2.106638008308068730e-04 -1.078092886395022815e-03
-7.802326144521845065e-03 2.568268723870355541e-01 6.602506677752496556e-01 5.124050040274136099e-06 3.069289815775499888e-03 2.148286182798842371e-04 -1.102576168708958772e-03
-7.834175485644984810e-03 2.563994105576652416e-01 6.603377369881717751e-01 5.074336507498516407e-06 3.159071479995430830e-03 2.192891617219592908e-04 -1.127580759335643831e-03
-7.864766853530177557e-03 2.559647330134596777e-01 6.604356406953594272e-01 5.034697205364745275e-06 3.250949278782019544e-03 2.240053880959636445e-04 -1.152766575341981252e-03
-7.894454433733296209e-03 2.555232393523050871e-01 6.605450350529008530e-01 4.989730320134937149e-06 3.344734395534395416e-03 2.291712044378048385e-04 -1.178246926156565049e-03
-7.923125442124008891e-03 2.550744693665008000e-01 6.606654323571770071e-01 4.941066908752499657e-06 3.440382100113666131e-03 2.341529264296103032e-04 -1.203968728802341098e-03
-7.951230013122360940e-03 2.546187160408416861e-01 6.607959000776713054e-01 4.894643475128039148e-06 3.537657906431953408e-03 2.389148179892566076e-04 -1.230133797980120357e-03
-7.978778297927216490e-03 2.541561750339850767e-01 6.609358971503710434e-01 4.848823747581167004e-06 3.636031130791118459e-03 2.435495691968374179e-04 -1.256676146398071590e-03
-8.005420362907361351e-03 2.536867909301632196e-01 6.610866023257002677e-01 4.809822265419687749e-06 3.736193698536237166e-03 2.482692486809162094e-04 -1.283605434550091169e-03
-8.030707672082035634e-03 2.532115141569897809e-01 6.612472666248824238e-01 4.764986624166078474e-06 3.838109147268070707e-03 2.533423731298868392e-04 -1.310373459874428345e-03
-8.055490176783931464e-03 2.527311303859346436e-01 6.614183103563685551e-01 4.728449078573663926e-06 3.941684558404805021e-03 2.585767735333906604e-04 -1.337608748510673694e-03
-8.079590236217759971e-03 2.522447881744857567e-01 6.615996488173306878e-01 4.689557543952005529e-06 4.046555128623658022e-03 2.634190532500026399e-04 -1.365110424769097825e-03
-8.103150450100351024e-03 2.517533675588086717e-01 6.617908144665329839e-01 4.648964872943551853e-06 4.152724705520216900e-03 2.683092249956626129e-04 -1.392592688121298879e-03
-8.126309948812233605e-03 2.512572035401531290e-01 6.619901840516606573e-01 4.614463201632796563e-06 4.259939015721400657e-03 2.734994074074510555e-04 -1.420365834989674664e-03
-8.148674012722153040e-03 2.507558276193495583e-01 6.621987502939313819e-01 4.583942447314249845e-06 4.368492717700141366e-03 2.783272953601801411e-04 -1.448600976939602106e-03
-8.169990249746735683e-03 2.502504974336492993e-01 6.624161234669133647e-01 4.548635621754620272e-06 4.478521388669868056e-03 2.833295245962327976e-04 -1.476835296049018326e-03
-8.190616992060986701e-03 2.497420580512356714e-01 6.626417374479508515e-01 4.515656641005721253e-06 4.590072645220729004e-03 2.887259914586873775e-04 -1.504854848498378894e-03
-8.210878014295671865e-03 2.492300545597309624e-01 6.628754271229032602e-01 4.486532830985904875e-06 4.702078298583144481e-03 2.933006588802967041e-04 -1.533191162284103194e-03
-8.230760332254758588e-03 2.487150805720305946e-01 6.631163909485590091e-01 4.453788379869625767e-06 4.814490612295527043e-03 2.978540280666853264e-04 -1.561237842845831147e-03
-8.250537394595369028e-03 2.481980230728312864e-01 6.633639604951545587e-01 4.427315793835321824e-06 4.927747553546848666e-03 3.029009634383099153e-04 -1.589481229199406426e-03
-8.269327372323902539e-03 2.476790787770551117e-01 6.636178089106673506e-01 4.399187237366850317e-06 5.041770659336478749e-03 3.076289225385093465e-04 -1.618151592523450841e-03
-8.287381362147752673e-03 2.471593965483875055e-01 6.638787605083298349e-01 4.370236886154829440e-06 5.156903267590483633e-03 3.126673634241905692e-04 -1.646981582634475657e-03
-8.304788637514182517e-03 2.466386576848292878e-01 6.641453802690527874e-01 4.344174900167840275e-06 5.273167506823343322e-03 3.175015330820660469e-04 -1.675365772046333822e-03
-8.321806060364353441e-03 2.461176424093203252e-01 6.644171631475435102e-01 4.322334147876316982e-06 5.389562380603853640e-03 3.218962255875212745e-04 -1.703514227351042229e-03
-8.338361309752666956e-03 2.455965307141691756e-01 6.646940636411254877e-01 4.297095219678414554e-06 5.506103162792225052e-03 3.261377853767557069e-04 -1.730967715199969482e-03
-8.355126615570406326e-03 2.450760089450384205e-01 6.649747598156766637e-01 4.274106550984151190e-06 5.622407133933489572e-03 3.305025065398324189e-04 -1.758001271711903766e-03
-8.370675411434547186e-03 2.445571772142173528e-01 6.652595129680793917e-01 4.255892767623020586e-06 5.738714329624980751e-03 3.354179019869752538e-04 -1.785514906053346047e-03
-8.384812986492420905e-03 2.440400110896769614e-01 6.655479930881197381e-01 4.235197986996729734e-06 5.855808882189035038e-03 3.403426825183555686e-04 -1.813258030955656975e-03
-8.398602309609825428e-03 2.435249743693181645e-01 6.658397877729472780e-01 4.217863015963962539e-06 5.973068796752222138e-03 3.447919063060650262e-04 -1.840653626048568059e-03
-8.412519530403391593e-03 2.430126240142559957e-01 6.661327965530966511e-01 4.204390652956943419e-06 6.089856806611548649e-03 3.486716737254181154e-04 -1.867434185028718540e-03
-8.426022578670212468e-03 2.425033322009669534e-01 6.664272519373761750e-01 4.187914552951115951e-06 6.206393690963775932e-03 3.526538012283175522e-04 -1.893393124871297706e-03
-8.439369291087423647e-03 2.419978973111089893e-01 6.667230586166218442e-01 4.171929670954795950e-06 6.322264674908394978e-03 3.565531159664091232e-04 -1.918673363670370374e-03
-8.452036823821644160e-03 2.414964876595172005e-01 6.670194643150593183e-01 4.151714332867161304e-06 6.437157408230575854e-03 3.606646202164547608e-04 -1.944172409818631375e-03
-8.463511313690203972e-03 2.410004026200272542e-01 6.673168720493644068e-01 4.138696546272433576e-06 6.551650392892932606e-03 3.650308034828406113e-04 -1.969525589262870018e-03
-8.474211087902663170e-03 2.405095542748394710e-01 6.676142118937334891e-01 4.132693377989517711e-06 6.666007690807812698e-03 3.691874877588762448e-04 -1.994240678925817464e-03
-8.485102641389923386e-03 2.400243246244476714e-01 6.679101073677606859e-01 4.120752974793070475e-06 6.779717615653903066e-03 3.728330059897272549e-04 -2.018305257244043093e-03
-8.495616350518176221e-03 2.395453084005822464e-01 6.682048710901747901e-01 4.108176760765796013e-06 6.892813155263157604e-03 3.764876009327331016e-04 -2.041614287942011136e-03
-8.505975081430713555e-03 2.390730026870764025e-01 6.684977210370000034e-01 4.096917362626928671e-06 7.004466531444605328e-03 3.799790014869694173e-04 -2.064335487419816356e-03
-8.516152423362422300e-03 2.386073685219341767e-01 6.687882378947463957e-01 4.092219057371952032e-06 7.114265751285193604e-03 3.830128722916292393e-04 -2.086728167471128912e-03
-8.525864465873982806e-03 2.381487328716830609e-01 6.690759594289469314e-01 4.081293731172970502e-06 7.222270217917265214e-03 3.862058367267204957e-04 -2.108987555384119437e-03
-8.535008468659732728e-03 2.376981954431976740e-01 6.693603642627016237e-01 4.080718880587231467e-06 7.328773502266283484e-03 3.897322101597047446e-04 -2.130625528589277524e-03
-8.543779649218969860e-03 2.372561603988056766e-01 6.696415351779598790e-01 4.071959200314589259e-06 7.433751227886999796e-03 3.929410309889574439e-04 -2.151452838974345170e-03
-8.552043201597324396e-03 2.368226135905043550e-01 6.699190299982963337e-01 4.062773400423233937e-06 7.537366123983486876e-03 3.962293037474299900e-04 -2.171632774787160807e-03
-8.560255774998434472e-03 2.363978169671663576e-01 6.701922324679521203e-01 4.047714908596860591e-06 7.639137249799981752e-03 3.991559747391678487e-04 -2.191198040571060938e-03
-8.568131677381976563e-03 2.359822114510254643e-01 6.704608877212008267e-01 4.037951888569955013e-06 7.738715038716686284e-03 4.020614407027258298e-04 -2.210342639740053156e-03
-8.575544710766795295e-03 2.355757688619984358e-01 6.707248830108228921e-01 4.018780230081844590e-06 7.836227568566108553e-03 4.049495921674821928e-04 -2.228936729735742691e-03
-8.582998745708792995e-03 2.351786797187827571e-01 6.709835351229965772e-01 4.004553726819955652e-06 7.931345018516040499e-03 4.072961533796359487e-04 -2.247004672847355018e-03
-8.589876376428523530e-03 2.347914872356421101e-01 6.712369519835866827e-01 3.978936682219738142e-06 8.024637035334469121e-03 4.098074277153954787e-04 -2.264241779141066072e-03
-8.596401853868338924e-03 2.344146877549052044e-01 6.714848343534892683e-01 3.958520599887377294e-06 8.116062806286461484e-03 4.123921622351897241e-04 -2.280745996584376909e-03
-8.602633775029702029e-03 2.340480380240793634e-01 6.717271713728828475e-01 3.947968589818503631e-06 8.205195202592314649e-03 4.148228921280258793e-04 -2.296794218344621035e-03
-8.608416464905763871e-03 2.336918207554690985e-01 6.719635928796532376e-01 3.933579472564183222e-06 8.291902297968089738e-03 4.171393061160098381e-04 -2.312172868659666692e-03
-8.613934590953714956e-03 2.333459382460841280e-01 6.721939931528093659e-01 3.927755009369806605e-06 8.376161657220035361e-03 4.192556711591550501e-04 -2.326945696959162226e-03
-8.619309417159087133e-03 2.330106111082007325e-01 6.724180564805767313e-01 3.911534469842433709e-06 8.457946445011558026e-03 4.212181190979294942e-04 -2.341180542114135264e-03
-8.624503074604335240e-03 2.326858935064480827e-01 6.726357873723138869e-01 3.899315148165567393e-06 8.537358264557128040e-03 4.230347703721063597e-04 -2.354789140211618718e-03
-8.629175307770390116e-03 2.323719656841479742e-01 6.728474956252261663e-01 3.884267554970970868e-06 8.614682947456356668e-03 4.249090346741408444e-04 -2.367778106120796682e-03
-8.633567080259637455e-03 2.320688010794169642e-01 6.730529516499293985e-01 3.879259701243180298e-06 8.689562955270558470e-03 4.268243966563479226e-04 -2.380170273657818657e-03
-8.637618039581559937e-03 2.317760866031726152e-01 6.732517722517602499e-01 3.862763007589319629e-06 8.761838125294756432e-03 4.286383386709177105e-04 -2.392219473145683773e-03
-8.641661659469387219e-03 2.314937453569090031e-01 6.734438980185275536e-01 3.850368350254548836e-06 8.831513847322168195e-03 4.302263434659663586e-04 -2.403779187897886038e-03
-8.645668512579718704e-03 2.312218618292054828e-01 6.736293780530258068e-01 3.837623044974849855e-06 8.898646944201686962e-03 4.316540920740986821e-04 -2.414787335579363613e-03
-8.649265461960098378e-03 2.309604350011630336e-01 6.738085294686941840e-01 3.815767172818592003e-06 8.963492209305963174e-03 4.331502384520715494e-04 -2.425298005110098753e-03
-8.652562347159581391e-03 2.307092041545416028e-01 6.739812616789203625e-01 3.797697505249649648e-06 9.025977669005180379e-03 4.345998239468694228e-04 -2.435376172064125481e-03
-8.655546076605740921e-03 2.304682235374621024e-01 6.741475722872386500e-01 3.785964142329785917e-06 9.085964396430657591e-03 4.359925063526303530e-04 -2.444977307244065347e-03
-8.658334671510389130e-03 2.302371500747097677e-01 6.743074297325282185e-01 3.767515404959140624e-06 9.143380923733105195e-03 4.372599219150987955e-04 -2.454090485583474823e-03
-8.661202544415361540e-03 2.300156821324083889e-01 6.744609481991603595e-01 3.751066640353548242e-06 9.198283629197426606e-03 4.383391365192252785e-04 -2.462862741141731444e-03
-8.663815692175159261e-03 2.298037282117753877e-01 6.746083202698888170e-01 3.733381348125358980e-06 9.250795849205560931e-03 4.393633133284135768e-04 -2.471234315113288432e-03
-8.666152870497963526e-03 2.296011977669832893e-01 6.747496214077034482e-01 3.721922158423419076e-06 9.300984076365134690e-03 4.403164044495293185e-04 -2.479145084915842026e-03
-8.668429896688411088e-03 2.294077898238747748e-01 6.748848939696240334e-01 3.711602630851479633e-06 9.348805582746505527e-03 4.411410655916576853e-04 -2.486697176748201964e-03
-8.670618244469123492e-03 2.292233294189298387e-01 6.750142566909391739e-01 3.700391102175861282e-06 9.394410424258791900e-03 4.419365496759286127e-04 -2.493846687178833885e-03
-8.672477210774558881e-03 2.290476567836568222e-01 6.751380607876846796e-01 3.687809206371682098e-06 9.437891357075411242e-03 4.427789958261905598e-04 -2.500572657690318824e-03
-8.674173274268715678e-03 2.288803120437363503e-01 6.752563183185871232e-01 3.681186402523926322e-06 9.479187778860998295e-03 4.434118536327322094e-04 -2.507074242683822451e-03
-8.675911356949507838e-03 2.287211227007918402e-01 6.753689749678462029e-01 3.675908201576727612e-06 9.518300551649842497e-03 4.440059314175498332e-04 -2.513251807938114181e-03
-8.677501305941878393e-03 2.285698943295075558e-01 6.754763818946241116e-01 3.674085191227822500e-06 9.555397696607364003e-03 4.445852924474424559e-04 -2.519027320652060531e-03
-8.678847972774718367e-03 2.284263947145041829e-01 6.755786291679579669e-01 3.682411694364905560e-06 9.590584685043123878e-03 4.451015278517447284e-04 -2.524491237286006183e-03
-8.680194150967698863e-03 2.282903208710331255e-01 6.756758819946877548e-01 3.682305615111937546e-06 9.623831040927996461e-03 4.455302093011090218e-04 -2.529673105532064502e-03
-8.681426675009136160e-03 2.281614933803533807e-01 6.757683710536186439e-01 3.689266628407377582e-06 9.655263189713395033e-03 4.459675188368631966e-04 -2.534586405098085849e-03
-8.682543546192300621e-03 2.280395833957691021e-01 6.758560896834946430e-01 3.695570675385439653e-06 9.684883135416906888e-03 4.463113106241830760e-04 -2.539201693423355673e-03
-8.683649417422063810e-03 2.279242888433989922e-01 6.759393525755710286e-01 3.694826579532810124e-06 9.712755849310790099e-03 4.465615501430421743e-04 -2.543532157457578918e-03
-8.684591382964308021e-03 2.278155432505152012e-01 6.760183955575315151e-01 3.694467577429682416e-06 9.739101712661199159e-03 4.468764661421428114e-04 -2.547636168793692823e-03
-8.685504034109911217e-03 2.277128745789297748e-01 6.760931704408471576e-01 3.683525115824662084e-06 9.763799010728702737e-03 4.470899691212148249e-04 -2.551558833784868183e-03
-8.686323490437885750e-03 2.276161023687796880e-01 6.761639516999382593e-01 3.681141770546007928e-06 9.786949014735363619e-03 4.472979641938956068e-04 -2.555218898462618699e-03
-8.687045858267520432e-03 2.275250106175355502e-01 6.762309536372105301e-01 3.672681612697425548e-06 9.808652875888791353e-03 4.474795944395718148e-04 -2.558692766884548050e-03
-8.687772416864745703e-03 2.274392701032271480e-01 6.762942524440997971e-01 3.669279483282699756e-06 9.828935247212962356e-03 4.475906926223029245e-04 -2.561965363196118829e-03
-8.688372740931885052e-03 2.273587207530577137e-01 6.763540285058124990e-01 3.666257862292929174e-06 9.847894341329382559e-03 4.477016716444974531e-04 -2.565042147708036790e-03
-8.688999893237051367e-03 2.272829845590448872e-01 6.764103492425795894e-01 3.657744225120232048e-06 9.865493168883824812e-03 4.477836845645916911e-04 -2.567989628922596849e-03
-8.689531292044087168e-03 2.272119728953687356e-01 6.764634733540333400e-01 3.661072928476315035e-06 9.881906518752156879e-03 4.478377474365680708e-04 -2.570753544139848905e-03
-8.690056550574861566e-03 2.271453895275672985e-01 6.765134950368220101e-01 3.662713781875224755e-06 9.897113975697983262e-03 4.478361781782798693e-04 -2.573387139540452440e-03
-8.690555130334537415e-03 2.270829974012822661e-01 6.765605497941661328e-01 3.666059984082516297e-06 9.911204789236125953e-03 4.478243886635185108e-04 -2.575852971265262231e-03
-8.690981577233213018e-03 2.270245796263266891e-01 6.766047849833128902e-01 3.671210423221885689e-06 9.924219835459909336e-03 4.477838080255969449e-04 -2.578219088478739176e-03
-8.691408951829057705e-03 2.269699316351149743e-01 6.766463687276764727e-01 3.675538626890956623e-06 9.936223463973166414e-03 4.476891496915904787e-04 -2.580445639169979752e-03
-8.691825704342499501e-03 2.269188764328132213e-01 6.766854379794589036e-01 3.676641440065150447e-06 9.947279887679922467e-03 4.475621572052254898e-04 -2.582547560659279994e-03
-8.692197586455932892e-03 2.268711948077100082e-01 6.767220578882324755e-01 3.679108082181706724e-06 9.957414178458344825e-03 4.474185166721676059e-04 -2.584539245157620180e-03
-8.692539770609483338e-03 2.268267022593100923e-01 6.767564040859334051e-01 3.684699283922529946e-06 9.966704895509258602e-03 4.472498212090081707e-04 -2.586397771771081332e-03
-8.692866532894102591e-03 2.267852393208840134e-01 6.767886010008492548e-01 3.682225333513566210e-06 9.975176047985104266e-03 4.470510038664349088e-04 -2.588173481154744122e-03
-8.693188412389644265e-03 2.267466002677527570e-01 6.768187319692769988e-01 3.680652974106139642e-06 9.982875733481375025e-03 4.468164624998224562e-04 -2.589841538099183112e-03
-8.693481045163974422e-03 2.267106720273847631e-01 6.768469389644312662e-01 3.683722125612291834e-06 9.989878611754645851e-03 4.465889541294693218e-04 -2.591399865494930805e-03
-8.693753314554665546e-03 2.266772667064636815e-01 6.768733232306672898e-01 3.678071103608684107e-06 9.996192600657359886e-03 4.463307087250636528e-04 -2.592888296935332015e-03
-8.694011894461148998e-03 2.266462291674443963e-01 6.768979834470155721e-01 3.678460522332965435e-06 1.000187940507430741e-02 4.460564180854253427e-04 -2.594281655319329114e-03
-8.694255589939553497e-03 2.266174256540820497e-01 6.769210407625627646e-01 3.678929705569354071e-06 1.000697230166510895e-02 4.457707395109087906e-04 -2.595600130634157128e-03
-8.694489796631297077e-03 2.265907121202568597e-01 6.769425500107633109e-01 3.680864921560357085e-06 1.001150965857668107e-02 4.454740068875081530e-04 -2.596842587211070814e-03
-8.694711122093416039e-03 2.265659563665693155e-01 6.769626223405660337e-01 3.681235403103643164e-06 1.001552323632870153e-02 4.451745553063361283e-04 -2.598018812489129043e-03
-8.694923242954384277e-03 2.265430500344143561e-01 6.769813537193360986e-01 3.683123645931226383e-06 1.001905188141914357e-02 4.448654086635597696e-04 -2.599124446955031545e-03
-8.695129332507670061e-03 2.265218527687875294e-01 6.769988062830739617e-01 3.683217737581121796e-06 1.002212310750622525e-02 4.445410016518367194e-04 -2.600158185626317685e-03
-8.695339216847494668e-03 2.265022547813612397e-01 6.770150559094726406e-01 3.684504218633940097e-06 1.002475653897242670e-02 4.441973268180651399e-04 -2.601152704636364252e-03
-8.695533689779762904e-03 2.264841654226815160e-01 6.770301838449659382e-01 3.685055875951355017e-06 1.002698899330803362e-02 4.438534766834192663e-04 -2.602075870611577323e-03
-8.695727987331463432e-03 2.264674622075252275e-01 6.770442548417345829e-01 3.685687804196076208e-06 1.002884152348037551e-02 4.434903346886644756e-04 -2.602951399921516959e-03
-8.695916301678685220e-03 2.264520724782045635e-01 6.770573480403736522e-01 3.682397434912604205e-06 1.003034811458736360e-02 4.431196122764996395e-04 -2.603781504358028756e-03
-8.696096223281005178e-03 2.264379038313723835e-01 6.770695136950242166e-01 3.685805632107369505e-06 1.003152617368524742e-02 4.427469808126608449e-04 -2.604551031607486248e-03
-8.696275186719785305e-03 2.264248604056873226e-01 6.770808107217920480e-01 3.681545576197736851e-06 1.003239782232072559e-02 4.423565785302367693e-04 -2.605286891864328543e-03
-8.696449750573161108e-03 2.264128764389076731e-01 6.770913035759079657e-01 3.681998463158525285e-06 1.003299061521209685e-02 4.419631659291709262e-04 -2.605979575017170185e-03
-8.696621672080658352e-03 2.264018711014637308e-01 6.771010334357516758e-01 3.680119343374003692e-06 1.003331726179336296e-02 4.415641697396340535e-04 -2.606630837698187264e-03
-8.696786157204821829e-03 2.263917778153045346e-01 6.771100606326284632e-01 3.679839866784950824e-06 1.003340143055986289e-02 4.411576938310350702e-04 -2.607245420375645974e-03
-8.696945308025411797e-03 2.263825379541606619e-01 6.771184282145228384e-01 3.679104228755181271e-06 1.003325973319304371e-02 4.407486516424948225e-04 -2.607827321913856744e-03
-8.697110183058798238e-03 2.263740692038777591e-01 6.771261768265706138e-01 3.675552398667521596e-06 1.003289942531312290e-02 4.403276301325570420e-04 -2.608381744112472055e-03
-8.697264862387994039e-03 2.263663390716575130e-01 6.771333595899009516e-01 3.676979263634029957e-06 1.003234698762490822e-02 4.399056005840860819e-04 -2.608898273585438712e-03
-8.697425551654477255e-03 2.263592788387905896e-01 6.771400134244375257e-01 3.675179844851242411e-06 1.003161061558285189e-02 4.394811772130365925e-04 -2.609392590223505361e-03
-8.697579701304357022e-03 2.263528482901323580e-01 6.771461735512340763e-01 3.677862408861631116e-06 1.003070400076395280e-02 4.390543835028915811e-04 -2.609850383571517361e-03
-8.697743252396113525e-03 2.263469886085076321e-01 6.771518704328630678e-01 3.673883247914669791e-06 1.002963598987292350e-02 4.386178036758924155e-04 -2.610291381250256018e-03
-8.697898971561077164e-03 2.263416650473435987e-01 6.771571362160933027e-01 3.676354971089640962e-06 1.002842819268465364e-02 4.381786532503365332e-04 -2.610703966487525236e-03
-8.698059831051600105e-03 2.263368314073329057e-01 6.771620018461425028e-01 3.674486837869852158e-06 1.002708034031684313e-02 4.377334375591783889e-04 -2.611096116215777703e-03
-8.698213301956882887e-03 2.263324575215098222e-01 6.771665029947268044e-01 3.676228706925908446e-06 1.002561511949197001e-02 4.372883823842363946e-04 -2.611464796596221685e-03
-8.698371025919493862e-03 2.263284933135398524e-01 6.771706641262915660e-01 3.678610962147963506e-06 1.002403247616511818e-02 4.368393252643645516e-04 -2.611814851648182594e-03
-8.698533120721108070e-03 2.263249123197712820e-01 6.771745077090078890e-01 3.677155664573368699e-06 1.002233904427326378e-02 4.363811316868195520e-04 -2.612149637105802818e-03
-8.698695116052656412e-03 2.263216883688755343e-01 6.771780571785757097e-01 3.675467005568106544e-06 1.002054681686165467e-02 4.359191208852059235e-04 -2.612471379423338558e-03
-8.698854191368328090e-03 2.263187919041814988e-01 6.771813340639982748e-01 3.677666813056298213e-06 1.001866904371462134e-02 4.354590511060649834e-04 -2.612775342650358514e-03
-8.699008593837218375e-03 2.263161954786913066e-01 6.771843629013407639e-01 3.677599629387754299e-06 1.001670631004903528e-02 4.349946813897265598e-04 -2.613062394479235932e-03
-8.699164480934601720e-03 2.263138729181168318e-01 6.771871627177817876e-01 3.678665426353658890e-06 1.001466894247318024e-02 4.345279161156273507e-04 -2.613333934571368446e-03
-8.699317688231308562e-03 2.263118058321605675e-01 6.771897496956132967e-01 3.676181796494145982e-06 1.001255483028584518e-02 4.340594820709980147e-04 -2.613594368981017081e-03
-8.699471827488466924e-03 2.263099743182915569e-01 6.771921485734149204e-01 3.678026405211980314e-06 1.001037646477360293e-02 4.335935610737301949e-04 -2.613835776632732200e-03
-8.699629085025624084e-03 2.263083537468116024e-01 6.771943591588119871e-01 3.676260396635387550e-06 1.000813548689571258e-02 4.331207944843061975e-04 -2.614070447297390555e-03
-8.699788970424305115e-03 2.263069314971307977e-01 6.771963973231421852e-01 3.673300820973699161e-06 1.000583795067876668e-02 4.326407154950970670e-04 -2.614296776599615239e-03
-8.699945139722664589e-03 2.263056897794621936e-01 6.771982806109170250e-01 3.674452631809943008e-06 1.000349168019981118e-02 4.321620106001733950e-04 -2.614511362520946340e-03
