-1.319550676230558429e-04 4.090174369850075459e-02 9.592678133968676191e-01 -5.994120393825598103e-09 -3.952046288196918864e-06 8.737206980851641952e-06 0.000000000000000000e+00
-1.805179632913545538e-04 9.478430805586027241e-02 9.002787826981158981e-01 -3.447401763173597833e-09 9.383104263592946467e-07 3.582832505216117545e-05 -1.194556188704906397e-08
-2.848166558334319802e-05 1.334311039456698156e-01 8.548484011789967418e-01 3.371500936456358504e-09 2.668321106142772958e-06 6.324705070420414039e-05 9.819970253190785553e-09
2.657435411708017814e-04 1.583282806322429959e-01 8.224818166373421002e-01 4.545695692515180853e-10 4.442660603414444078e-06 8.414977046785150269e-05 -6.229384683074568724e-10
6.673018886968526799e-04 1.743633047245027046e-01 7.982307974735938227e-01 -1.582980376354413502e-09 8.137839430598690856e-06 9.885119198108679572e-05 -4.591106581914047905e-09
1.156858431547333433e-03 1.849507388959071019e-01 7.784711917801560022e-01 -1.594480500588359935e-09 1.360310072067573526e-05 1.087687736069490620e-04 -9.826273804908724049e-09
1.720267600372528969e-03 1.920472408605462256e-01 7.611334750773214308e-01 6.333763997769637230e-09 2.181748460006659876e-05 1.153943401975174548e-04 -1.892430862003127407e-08
2.350709872076305138e-03 1.968274613475023971e-01 7.450533803633558882e-01 -4.216721896963670275e-09 3.459468518435087470e-05 1.214268261376864308e-04 -3.415801740520942746e-08
3.040070431853470270e-03 2.000058599109783286e-01 7.294576837256884216e-01 -7.161014585057448025e-09 4.553041645053674071e-05 1.269447076988982454e-04 -5.779686984195868315e-08
3.776198919392406098e-03 2.019249563483763998e-01 7.140397284299944136e-01 -1.921587975697039633e-11 6.285563854648559205e-05 1.337322541775459674e-04 -9.472374413894722461e-08
4.551673725338434284e-03 2.027589787490789996e-01 6.985880732777971502e-01 -3.320894080400831618e-08 8.391807636469105164e-05 1.434203165447479119e-04 -1.475392672524780463e-07
5.353091832488762747e-03 2.027191336116178355e-01 6.829049826269013579e-01 -5.753354188222188729e-09 1.061734255720660057e-04 1.553922261709760099e-04 -2.214126890284896709e-07
6.165008984311292663e-03 2.018626235347025788e-01 6.669122369265120254e-01 -1.232018106616851177e-08 1.296565165180232513e-04 1.695060907375971638e-04 -3.257930464980401719e-07
6.989496141414487315e-03 2.003551627556355019e-01 6.505170339934515100e-01 -1.084540655091927086e-08 1.612912939385983263e-04 1.897632082015354856e-04 -4.614609877407883187e-07
7.805202591102539979e-03 1.982699946740912322e-01 6.337386885387794599e-01 6.871421532677348546e-09 1.972717640054314316e-04 2.140687486108124569e-04 -6.428888788505966411e-07
8.610486325638747399e-03 1.956479254191624828e-01 6.166175889170055768e-01 -2.976224359791905212e-08 2.405787300946396110e-04 2.433760159162364639e-04 -8.850069133280851695e-07
9.391819606627473116e-03 1.925717592427310387e-01 5.991340682243386784e-01 -9.921633553979912606e-09 2.884147568986501135e-04 2.766550012810445520e-04 -1.199696469414668082e-06
1.013583825903132188e-02 1.890807059623974551e-01 5.813157435402401818e-01 -1.635903476602582177e-08 3.415846655253752893e-04 3.133294754386282944e-04 -1.603413785391329752e-06
1.083354166410099850e-02 1.852295874441632073e-01 5.632420743438100175e-01 -8.326524111358880124e-09 4.027067428697264162e-04 3.535397101342055534e-04 -2.116640523417671865e-06
1.148197286376270027e-02 1.810963899918570652e-01 5.450202804722666938e-01 -1.634549550266487078e-08 4.687105092021443746e-04 3.962157452345343479e-04 -2.765419625450051646e-06
1.206792930918344255e-02 1.767111801250496883e-01 5.266251258667890012e-01 8.443523619251357925e-09 5.408662845433599925e-04 4.405934997713552965e-04 -3.573220495176089533e-06
1.259382269543884818e-02 1.721653378508320176e-01 5.083030275767931316e-01 3.737663377121626905e-10 6.174028300651876683e-04 4.830951084433612332e-04 -4.605053862034992512e-06
1.305824663467509798e-02 1.675487266796165109e-01 4.903409942628870755e-01 8.013708775281622792e-09 7.001246222540659760e-04 5.277233970325620081e-04 -5.870499181033580884e-06
1.345418470997081749e-02 1.630047305276182967e-01 4.729231948355602788e-01 1.349561630703880309e-08 7.846614741802368249e-04 5.701370114542873542e-04 -7.427566747499768513e-06
1.378457913712687055e-02 1.586298462421760480e-01 4.563435845372461053e-01 1.228123735070089790e-08 8.703660882142761832e-04 6.091360941153502011e-04 -9.374781263836168814e-06
1.408135186780596834e-02 1.545957427263255080e-01 4.410507468209116100e-01 1.663246712464337604e-08 9.587750156670902732e-04 6.459166528743927457e-04 -1.177910188841635447e-05
1.433615073536785058e-02 1.510695129032378070e-01 4.274605756705759374e-01 1.606937755683424918e-08 1.044719659192543592e-03 6.780043235814392673e-04 -1.475340658762046215e-05
1.456754877121424659e-02 1.482438631614680091e-01 4.160354419854187524e-01 1.795917541163381079e-08 1.127527905535227011e-03 7.047546989206178144e-04 -1.849451192548818879e-05
1.480656496021469197e-02 1.463095636093851015e-01 4.072583191121596502e-01 1.483807469229891631e-08 1.206346140604970009e-03 7.328248018652772783e-04 -2.346537561918756148e-05
1.507470985630946989e-02 1.455093900547996533e-01 4.016236559289714791e-01 8.710643863392079768e-09 1.280129783141711278e-03 7.564428706910913481e-04 -2.968566515273269200e-05
1.538066983823541990e-02 1.459710357196294939e-01 3.996170131497693845e-01 2.134742857952967550e-08 1.342468604667018152e-03 7.841851130559328482e-04 -3.791807120398979210e-05
1.574452606817104694e-02 1.477361754777637703e-01 4.012217680677330200e-01 -7.854226964798857491e-09 1.397596012354786112e-03 8.042253929546548099e-04 -4.858313528855457536e-05
1.618226098884446504e-02 1.507740391840448890e-01 4.062280602650005790e-01 1.160570989422343879e-08 1.440538136549823420e-03 8.179366586173172698e-04 -6.176891301214387038e-05
1.663813635873991406e-02 1.547863548308061887e-01 4.140508196852185629e-01 2.340456402095405006e-08 1.472076264611247307e-03 8.196461645323531746e-04 -7.874714355413263487e-05
1.710802321999693384e-02 1.594723506443382899e-01 4.238076789150493351e-01 5.042993686330726759e-09 1.477988792206030117e-03 8.175674955256903055e-04 -1.006089008624430295e-04
1.753723218422376454e-02 1.643165866789998431e-01 4.344003815651246714e-01 2.686434005913362732e-08 1.475098997493770733e-03 8.140676683452472253e-04 -1.273534306318238455e-04
1.785875537234145674e-02 1.688904127199621907e-01 4.448040388166188408e-01 2.787834619434782961e-08 1.440825681202214173e-03 8.138369737241091207e-04 -1.599127240126390498e-04
1.805094761309706738e-02 1.728830791692235747e-01 4.543609875219247751e-01 3.197436054781715698e-08 1.413576106919188285e-03 8.087049540905650582e-04 -1.982664070029790645e-04
1.803778146305452454e-02 1.761393880120863398e-01 4.627782871446098900e-01 2.514588672373991906e-08 1.354210672711059389e-03 8.023341043378277989e-04 -2.421109226504663072e-04
1.786701514400267435e-02 1.787735072396888503e-01 4.702902837184848583e-01 2.514877884224220611e-08 1.315325040078372263e-03 7.931416669069921155e-04 -2.910670520641744745e-04
1.749323352465894515e-02 1.810129363332828034e-01 4.773014570612809648e-01 3.816025476634927433e-08 1.261240429575714471e-03 7.760930115746084027e-04 -3.443363829210311375e-04
1.697093190285347761e-02 1.831503000668195935e-01 4.842773183844037432e-01 2.299982147551403624e-08 1.217984070726905099e-03 7.475494510688967739e-04 -4.024393082602828464e-04
1.633517792806915211e-02 1.854691164798764891e-01 4.915558957465915313e-01 3.130321260986973781e-08 1.183451041293029837e-03 7.138720738897579715e-04 -4.647220070388381405e-04
1.563479730166851545e-02 1.881369732677743434e-01 4.992655955528876865e-01 3.024975252210865022e-08 1.160250926239116478e-03 6.712739325850325357e-04 -5.317139890750052300e-04
1.489762795046742881e-02 1.912305138725632903e-01 5.074011977235792781e-01 3.650768362736998054e-08 1.134055313222552628e-03 6.217277127335814422e-04 -6.031093787929106683e-04
1.416529857505339184e-02 1.947578325164581736e-01 5.158195455884396763e-01 3.742713000271983932e-08 1.133385069976602629e-03 5.718729087330205437e-04 -6.795131002143564233e-04
1.345852171752993758e-02 1.986447518732885886e-01 5.243929929378331467e-01 2.914346763211423028e-08 1.145173489186172020e-03 5.214951722800909842e-04 -7.614809989763366913e-04
1.278633488643879552e-02 2.027704305986523237e-01 5.329579743131253045e-01 3.226081060046911332e-08 1.169062902726983669e-03 4.715018861409096037e-04 -8.485171483848730949e-04
1.215321071932152532e-02 2.070131271353609359e-01 5.414164967695413999e-01 2.182524828030059110e-08 1.216545654925768431e-03 4.243088156074348652e-04 -9.413980089492748893e-04
1.156988838942594328e-02 2.112474719670052459e-01 5.496956186249639664e-01 2.968054807931838639e-08 1.276175802584285542e-03 3.798333835230848659e-04 -1.040390303816178790e-03
1.102185961602845585e-02 2.153420079029533807e-01 5.577319047790221251e-01 3.134098248419032715e-08 1.346807725435861984e-03 3.355148396934601904e-04 -1.145247365904314288e-03
1.052089507944493213e-02 2.192184013950932153e-01 5.655103330208918200e-01 3.431428528249432247e-08 1.432331528131165765e-03 2.933727441379566266e-04 -1.257008706233559260e-03
1.005917462588248878e-02 2.227908096274802685e-01 5.730137188198635156e-01 3.597816308293115817e-08 1.536321927269212583e-03 2.543750325473484323e-04 -1.375490749000211942e-03
9.627428832495798366e-03 2.260216182877745339e-01 5.802146208922885906e-01 3.459096460870878296e-08 1.656470377810341770e-03 2.165964497417541712e-04 -1.500017475527238220e-03
9.221124425394701049e-03 2.288860478777394458e-01 5.871309802539790290e-01 3.573686721458515462e-08 1.792247277855528583e-03 1.825240455813374946e-04 -1.632340456315661608e-03
8.837130486144664787e-03 2.313798954406872666e-01 5.937719916077421889e-01 3.467315275766159870e-08 1.946990522066998578e-03 1.518424591491325472e-04 -1.771324429684975220e-03
8.464068635133098831e-03 2.335023540079719795e-01 6.001423062910581363e-01 3.332352681368624175e-08 2.114512067685473794e-03 1.237993876644281042e-04 -1.917706542105948164e-03
8.102146547048258429e-03 2.352739309924310462e-01 6.062573999279932124e-01 3.561181614971168618e-08 2.297812987303022095e-03 1.009120565721916728e-04 -2.070856640190134670e-03
7.747542547281977172e-03 2.367109420340225978e-01 6.121342624582223335e-01 3.916372676787132374e-08 2.495502475904762783e-03 8.046091467678968476e-05 -2.230799179995180109e-03
7.399589152342811796e-03 2.378338060369174500e-01 6.177877543489379564e-01 4.654375901898455840e-08 2.708167331028932170e-03 6.566815566955388930e-05 -2.397696015433878076e-03
7.052329939758833662e-03 2.386584206595758206e-01 6.232324696921057727e-01 3.822036368617072394e-08 2.933272047902213235e-03 5.392526459992932496e-05 -2.570836926146233443e-03
6.704141213184248299e-03 2.392077313766150515e-01 6.284678696482018934e-01 4.208393026325251862e-08 3.170067062288314634e-03 4.537373874826654025e-05 -2.749898788573128857e-03
6.356723431685465907e-03 2.394998882666900253e-01 6.335048743464369858e-01 3.174013291393018739e-08 3.417635599496359269e-03 4.333766728269866224e-05 -2.935257652123823401e-03
6.011122367065540109e-03 2.395576074981727588e-01 6.383563458140050217e-01 4.279079518962869373e-08 3.679743990535714725e-03 4.331764489028456421e-05 -3.123742392566670242e-03
5.663633790669660335e-03 2.393944636398342152e-01 6.430353548823757315e-01 4.487181098994814987e-08 3.949197432691425869e-03 4.783831817368805125e-05 -3.317974823287378819e-03
5.311661380223804338e-03 2.390276975946663551e-01 6.475544057845109558e-01 3.069293473297855247e-08 4.226297320095091445e-03 5.549897452851303853e-05 -3.516148614050613932e-03
4.960324456718639800e-03 2.384766854106602774e-01 6.519084315819054787e-01 4.272201785769478170e-08 4.514634976409371767e-03 6.683807912777163583e-05 -3.716768171217876317e-03
4.613531417228400842e-03 2.377542519609118776e-01 6.561076843112390033e-01 4.176075651188222053e-08 4.812684973248905311e-03 8.183973653779295498e-05 -3.920600431583235942e-03
4.263964604134690486e-03 2.368720193576503985e-01 6.601669986516327526e-01 2.611756783368854234e-08 5.116954840517763843e-03 9.881020254159627171e-05 -4.126590788300282982e-03
3.913588968937877811e-03 2.358407689731710222e-01 6.640863354108439420e-01 3.539311311071397351e-08 5.429828819312317034e-03 1.180518041434493100e-04 -4.332794503468827448e-03
3.569853447762439107e-03 2.346788531114160359e-01 6.678721516094817678e-01 3.386147990539352899e-08 5.753943145969719897e-03 1.379929756566527750e-04 -4.540033762689337643e-03
3.225710144923105323e-03 2.333905929784249045e-01 6.715250491117182863e-01 2.930877323045501512e-08 6.085122847133922139e-03 1.608002822108195787e-04 -4.747930800846275612e-03
2.882399173012686541e-03 2.319848255626124067e-01 6.750467961643201731e-01 2.706933138437959624e-08 6.419435140671218842e-03 1.853174479765619343e-04 -4.955037813212982874e-03
2.541241799132014107e-03 2.304712999928756334e-01 6.784522475570612388e-01 2.743412510541464606e-08 6.759649884236975693e-03 2.088803802898544495e-04 -5.162422159948713840e-03
2.207227846998272274e-03 2.288614663164286189e-01 6.817419544727892911e-01 2.863275678953191116e-08 7.113177489131688319e-03 2.330262621733272116e-04 -5.367572422892583940e-03
1.875640090494655856e-03 2.271614246798782655e-01 6.849117183123877295e-01 1.934331635194104944e-08 7.475148610526092391e-03 2.590995977825348920e-04 -5.569169294339919307e-03
1.544344660779446363e-03 2.253706029900165442e-01 6.879804366879920252e-01 1.397465157342897434e-08 7.840845200076315691e-03 2.856192957218098641e-04 -5.769008158046239239e-03
1.217722474427796603e-03 2.234964407937309605e-01 6.909462803545498577e-01 2.509512328018299780e-08 8.212253171991526143e-03 3.101121723756612453e-04 -5.964513584148507623e-03
8.972464589428356474e-04 2.215505710454377941e-01 6.938069339513807110e-01 2.236796651608972808e-08 8.596601824561456162e-03 3.357450446001866403e-04 -6.154492215327612634e-03
5.782627339732946455e-04 2.195366275977746751e-01 6.965702264632871454e-01 1.345383526360431743e-08 8.989766026496360390e-03 3.624723628574199686e-04 -6.339395096990832305e-03
2.609239960838263513e-04 2.174570476785162021e-01 6.992380149226231634e-01 1.671755516960945547e-08 9.388979676586686404e-03 3.889832653638285935e-04 -6.520404257516089659e-03
-5.376419757733691938e-05 2.153143520832750402e-01 7.018119495771848459e-01 1.211354309220552680e-08 9.796540533409330009e-03 4.140695256915098363e-04 -6.694979779994861442e-03
-3.620038112754376809e-04 2.131105744685041214e-01 7.042950999634806086e-01 7.429709149335611135e-09 1.021966901778115916e-02 4.397004894251155152e-04 -6.860122806912088110e-03
-6.655494565083779545e-04 2.108493270370423722e-01 7.066915877988156902e-01 -2.808010065084030264e-09 1.065075189935156715e-02 4.649433859059994272e-04 -7.020745439639773482e-03
-9.596044763495729284e-04 2.085395476171884033e-01 7.089985796963214071e-01 -1.011446521507471799e-08 1.109459496168316121e-02 4.903720494527777970e-04 -7.170867854480385793e-03
-1.249884766621178365e-03 2.061723043932307264e-01 7.112180005760998514e-01 7.939359380620946599e-10 1.154929390164988884e-02 5.163499575823575233e-04 -7.311680669819629538e-03
-1.549613940596635117e-03 2.037587724771219022e-01 7.133665084551593649e-01 4.934700188609441301e-09 1.201691416462704123e-02 5.413263374361174194e-04 -7.445689608905475647e-03
-1.846332003162569823e-03 2.012884499227294843e-01 7.154324460920379325e-01 -2.335948473054570371e-09 1.249569271218064527e-02 5.661980430186474168e-04 -7.574111932930982158e-03
-2.131997717142824350e-03 1.987762284158980375e-01 7.174351151369608992e-01 -2.623461084815239833e-08 1.299178309543557071e-02 5.897891944573388631e-04 -7.689815418645780387e-03
-2.407879225000849471e-03 1.962220936942948024e-01 7.193569085185267387e-01 -6.055147205225711926e-09 1.350148364478502214e-02 6.132496449660175064e-04 -7.796948400376047146e-03
-2.685347694699325664e-03 1.936310811241571395e-01 7.211952488632754621e-01 -7.212315396883715278e-09 1.402460426020477220e-02 6.361399592798912825e-04 -7.896912143250691546e-03
-2.952470508699216005e-03 1.909960550546713764e-01 7.229540864095500563e-01 -7.158767004720591499e-09 1.456809044427154719e-02 6.605497296896962198e-04 -7.985075241014666023e-03
-3.213684702452871116e-03 1.883142721502126249e-01 7.246388970378185856e-01 -3.845588874791435060e-08 1.512801456464427617e-02 6.864847652393401113e-04 -8.067593809235523716e-03
-3.476334094789686711e-03 1.855733668467395292e-01 7.262444073719995785e-01 -3.441040304358400867e-08 1.570638987944222159e-02 7.088607348326770880e-04 -8.129210489116222779e-03
-3.735548128573002499e-03 1.828010967415817090e-01 7.277914198362090969e-01 -2.191653785501340213e-08 1.630475594471199677e-02 7.314427717563399406e-04 -8.178097088383556174e-03
-3.992418055425901897e-03 1.799929765007827198e-01 7.292547864044011119e-01 -1.253974604961741514e-08 1.692092100203685875e-02 7.558001224851199681e-04 -8.218783958720837432e-03
-4.251619800581174155e-03 1.771586158244519149e-01 7.306424745968461698e-01 -1.307790343548500638e-08 1.754641428504915418e-02 7.714378909369929435e-04 -8.264767498889050851e-03
-4.492723410452313312e-03 1.742918682970197586e-01 7.319670087951694049e-01 -2.391391040161572807e-08 1.820335354799129321e-02 7.976894495984544666e-04 -8.291472384446052502e-03
-4.722700696599860942e-03 1.713880396557171393e-01 7.332145273942635155e-01 -9.648620014481911436e-09 1.888796212410386380e-02 8.140336019606474833e-04 -8.313545011738891419e-03
-4.942296383314090207e-03 1.684600773271725527e-01 7.343698314969803187e-01 -9.216412148065152547e-08 1.959398103415512654e-02 8.325196704649683640e-04 -8.323541578559558174e-03
-5.165220742445127827e-03 1.654942038538559090e-01 7.354640716363419761e-01 -6.527445738655372545e-08 2.031488854657046914e-02 8.598360386466675706e-04 -8.319781737643052594e-03
-5.379506847086279638e-03 1.624941732164723873e-01 7.364891413047908175e-01 -3.303067805183916054e-08 2.106314320292609898e-02 8.948443539821198745e-04 -8.303232441648529180e-03
-5.596401409519722800e-03 1.594708290422473529e-01 7.374610347324904724e-01 -1.516266897570534002e-08 2.185169953911363788e-02 9.083368201205825956e-04 -8.279739392985143928e-03
-5.796674418020682229e-03 1.564487941479947020e-01 7.383813751840525574e-01 -6.036692600506835076e-08 2.268953436106653856e-02 9.162252377686181662e-04 -8.229504239011203523e-03
-5.993307234604212594e-03 1.534042651783562861e-01 7.392204709229026616e-01 -6.347256324402949561e-08 2.354628913426784487e-02 9.354045509185170007e-04 -8.194033338238296618e-03
-6.183976474926791353e-03 1.503355397574390739e-01 7.399430010821119730e-01 -8.856513665235979144e-08 2.443075717976318784e-02 9.546082392445642828e-04 -8.147928234324841243e-03
-6.372728583602417507e-03 1.472302920709423757e-01 7.406080603879960922e-01 -6.169759749551932480e-08 2.534106708058736154e-02 9.791831134159582721e-04 -8.101237974085089347e-03
-6.546861524971452767e-03 1.441006164584078819e-01 7.412071142534945034e-01 -9.918900134097633493e-08 2.628557629009337787e-02 1.009808236554283383e-03 -8.042519418781523058e-03
-6.710981532762054502e-03 1.409560789661718494e-01 7.417316187150659879e-01 -1.494295766804362101e-07 2.727297736105637957e-02 1.024805363330353594e-03 -7.965373839322597085e-03
-6.856725229744225526e-03 1.378352389429748359e-01 7.422314470524321584e-01 -2.434121981582294732e-07 2.833405041013705578e-02 1.032737708468330160e-03 -7.857203270999172859e-03
-7.002743328766892691e-03 1.346944933227687824e-01 7.426316546647432348e-01 -1.410649728338056052e-07 2.946325183395696531e-02 1.053853791587487827e-03 -7.725994898936879712e-03
-7.158779240549238178e-03 1.315213288317015894e-01 7.429388736773969715e-01 -1.585987327855612088e-07 3.060941134736240229e-02 1.079438253038809579e-03 -7.614308322064628626e-03
-7.311144016965386884e-03 1.283191139256264768e-01 7.431745292891067667e-01 -9.627551763981647748e-08 3.176854112890389881e-02 1.107489480404056726e-03 -7.503127240603232710e-03
-7.440224423336223337e-03 1.250941440675073235e-01 7.433387149059921262e-01 -1.036579945766451468e-07 3.298847226050482390e-02 1.139826564325906568e-03 -7.380913531076970825e-03
-7.552425862994231395e-03 1.218752122269065458e-01 7.434152227410312230e-01 -6.487660363275020322e-08 3.427121065237601072e-02 1.162715062715706255e-03 -7.241025345280764809e-03
-7.656311423160363366e-03 1.186731329689418163e-01 7.433935487707503675e-01 -2.775621505728491456e-07 3.561492649204256455e-02 1.175074537033765458e-03 -7.077005652944360833e-03
-7.741358318650143865e-03 1.155054504827002781e-01 7.433102785449666738e-01 -3.860981907268576548e-07 3.702938258631479490e-02 1.207030288778355607e-03 -6.888536946830412476e-03
-7.833721626041161706e-03 1.122871797685645739e-01 7.431283664262903210e-01 -2.361589124168401226e-07 3.847993252412068577e-02 1.240547023890456284e-03 -6.711689969001326944e-03
-7.940785792152790096e-03 1.090554483524484031e-01 7.428541531470794768e-01 -1.831581163466952194e-07 3.995765941426403928e-02 1.276812022224581115e-03 -6.552130315271748572e-03
-8.040206100957290533e-03 1.057869738780022884e-01 7.425154286595796460e-01 -1.656494254910807545e-07 4.148728927590612098e-02 1.305839067162590638e-03 -6.384136766678343532e-03
-8.120010202666189808e-03 1.025257699355341945e-01 7.420805006821232785e-01 -1.138811689334104288e-07 4.308787978739550550e-02 1.343644123700738846e-03 -6.201729279036026499e-03
-8.196054257746995114e-03 9.928065330529897703e-02 7.415162358937361642e-01 -2.404023496740790960e-07 4.474360178483836881e-02 1.363511019355165233e-03 -6.013281059069222265e-03
-8.259897323019488313e-03 9.605570531626005104e-02 7.408572617811026717e-01 -3.754403329718553409e-07 4.646265573567086304e-02 1.390612286202454152e-03 -5.799985655404411855e-03
-8.315274140469610872e-03 9.282197408204061195e-02 7.400573872914116835e-01 -5.256216788563414852e-07 4.823190090300059907e-02 1.420211749161607532e-03 -5.585618149923899343e-03
-8.375749680627944671e-03 8.957841067357508180e-02 7.391576265187781436e-01 -3.912013718177948582e-07 5.005754155627182428e-02 1.457911818882638016e-03 -5.372645274488197474e-03
-8.448608163404773899e-03 8.630296993940657357e-02 7.381597911512781662e-01 -3.779778390489119670e-07 5.192376613108902472e-02 1.472954651118342246e-03 -5.164688731937366363e-03
-8.495782423775922673e-03 8.305392719763630971e-02 7.370935277337112845e-01 -3.614184677123523403e-07 5.386556327207645684e-02 1.487998858768365806e-03 -4.938970772585748840e-03
-8.524778872427224430e-03 7.983892004514912821e-02 7.359000619147493261e-01 -3.834757494774898646e-07 5.587929775526569165e-02 1.515837036160412685e-03 -4.704251153320739356e-03
-8.562802783514225288e-03 7.663540330785116594e-02 7.345612680271195183e-01 -4.774116496936396060e-07 5.793941523497508905e-02 1.537585462212554205e-03 -4.473393282077038798e-03
-8.587078009272863452e-03 7.342655489283071713e-02 7.330741206666228083e-01 -4.583632444164574050e-07 6.005523322543081244e-02 1.556304721334655309e-03 -4.222470772698128441e-03
-8.615778275429303648e-03 7.023482262473457194e-02 7.314562274350400184e-01 -4.500626727657924286e-07 6.224256952183121472e-02 1.580873249664399181e-03 -3.964954969632012403e-03
-8.653694300708605555e-03 6.704236228112797624e-02 7.296720396939095910e-01 -4.938730337646714392e-07 6.448675021996716494e-02 1.594120973510737170e-03 -3.706808740701070595e-03
-8.677906491348528692e-03 6.386561565372461668e-02 7.277866809955517713e-01 -4.566508316017343230e-07 6.680143268663858713e-02 1.588074308917662584e-03 -3.448730427773750561e-03
-8.681988744075419193e-03 6.074156202091505335e-02 7.257954612629260449e-01 -4.004194559964342760e-07 6.919174322889523610e-02 1.595446151201701480e-03 -3.167675938090039247e-03
-8.686615371802102956e-03 5.764329953307523874e-02 7.236504102795173754e-01 -4.054811177675207243e-07 7.164035141874711132e-02 1.612923803493018044e-03 -2.873467280047424261e-03
-8.688053910478443775e-03 5.456337719984735712e-02 7.213223322415431848e-01 -2.592379285248731626e-07 7.413561927298285836e-02 1.619249759507208116e-03 -2.569762727055138057e-03
-8.679264658214469810e-03 5.152232920262025950e-02 7.188192789352300105e-01 -3.021990019780382082e-07 7.670661438469540683e-02 1.635828032643214065e-03 -2.254825965905539378e-03
-8.678919650320965698e-03 4.851067510119875387e-02 7.161503858757886087e-01 -1.549108921168942345e-07 7.935056427993074368e-02 1.644613094694605520e-03 -1.932302775290219068e-03
-8.670398614487531339e-03 4.553010207446294560e-02 7.133097091805720158e-01 -2.269392905890984293e-07 8.205585969546960734e-02 1.635829183907795996e-03 -1.602381773264845329e-03
-8.658916792953559594e-03 4.259174677613807719e-02 7.103258271843495564e-01 -3.631276083831395793e-07 8.482824911514529054e-02 1.618436292640973743e-03 -1.250445809019629919e-03
-8.639095915479981166e-03 3.969297744336486300e-02 7.071862464640863433e-01 -4.350818348311086993e-08 8.765893619586442864e-02 1.602739980676866913e-03 -8.764914006838035948e-04
-8.609912766347822821e-03 3.686495102766695897e-02 7.038505943673045717e-01 1.390283647451303469e-07 9.054793161428947856e-02 1.597885634026723544e-03 -4.835909454247221215e-04
-8.569740102773816537e-03 3.408397835534768966e-02 7.003306845121903823e-01 2.824268243434091154e-07 9.349798512897293523e-02 1.597143028463213210e-03 -7.921903811981786437e-05
-8.520378119455971483e-03 3.134602798055426132e-02 6.965936569948688595e-01 3.688903114756396317e-07 9.651278806149987677e-02 1.593887383019936725e-03 3.302039538381584100e-04
-8.465810769125885205e-03 2.867044363104741256e-02 6.926627590665692669e-01 6.013193512345427502e-07 9.958671402993331256e-02 1.593199844941483754e-03 7.491667242353481282e-04
-8.416304075126961395e-03 2.604771552671473339e-02 6.885256097997630720e-01 8.320115040075373756e-07 1.027322040918689922e-01 1.577086275316149548e-03 1.196693414099132564e-03
-8.382785717362896752e-03 2.347193668091647478e-02 6.841911855071127757e-01 1.217548731221042614e-06 1.059175378321040167e-01 1.541676647959401699e-03 1.670366797504227755e-03
-8.344306374137444235e-03 2.098023439833956658e-02 6.796764682304624605e-01 1.626641150824596529e-06 1.091582750131407792e-01 1.512073641573447643e-03 2.160494556536359748e-03
-8.279914612697494500e-03 1.857548537115912002e-02 6.749585207691856104e-01 1.454581519477983019e-06 1.124533678647458845e-01 1.498136011965437060e-03 2.670263382256409662e-03
-8.212222136247141965e-03 1.623111214376399963e-02 6.700333802351333690e-01 1.743409684377555074e-06 1.157943544575969069e-01 1.479489282452547743e-03 3.189416048201133662e-03
-8.156388470218651002e-03 1.395752386615214773e-02 6.648910551965834248e-01 1.498612001786715893e-06 1.191838494422905737e-01 1.457563331844379060e-03 3.715724103814465381e-03
-8.094978107875364093e-03 1.176998300489935124e-02 6.595502213296070559e-01 1.674930304751372297e-06 1.226225743815492486e-01 1.435385853261181288e-03 4.276296442687730834e-03
-8.039205428065899356e-03 9.653607857834407488e-03 6.539927209281126697e-01 1.840289648874541312e-06 1.260975163924616671e-01 1.402970616904513062e-03 4.863422187490053922e-03
-7.988223321641936200e-03 7.626079727161555813e-03 6.482365015260307395e-01 1.612974966134490712e-06 1.296062316953629778e-01 1.359560887580741869e-03 5.459851088015852359e-03
-7.917862528618008211e-03 5.697844391075370524e-03 6.422810173884777596e-01 1.579561061950212547e-06 1.331507548410318376e-01 1.329297544173242609e-03 6.066251335035860968e-03
-7.854770273835437466e-03 3.847566771065393573e-03 6.360894471443424569e-01 1.507741497268922218e-06 1.367128448934335216e-01 1.297389210842773933e-03 6.685826521329185299e-03
-7.819456060712524220e-03 2.060160786160840970e-03 6.296893350704358960e-01 1.839880082410792677e-06 1.403000752465354273e-01 1.247847966676197701e-03 7.314550926915306187e-03
-7.783570391188759409e-03 3.800126517550119864e-04 6.231241594038396947e-01 1.382189848080783328e-06 1.439313321510102828e-01 1.211272914197431081e-03 7.974415453548813412e-03
-7.726929322880929894e-03 -1.188648639169913443e-03 6.163840340477374502e-01 1.350375030779466687e-06 1.475962442716596268e-01 1.177968795814127211e-03 8.657685787996102431e-03
-7.663887797740786927e-03 -2.651286595447698187e-03 6.094691823578777257e-01 1.022809473200696971e-06 1.512658515673030724e-01 1.130372819924931266e-03 9.341358750667392088e-03
-7.607783895905840740e-03 -4.028807632543253588e-03 6.023592062244598200e-01 8.072617596560255008e-07 1.549273264290932650e-01 1.079528741823000768e-03 1.003067689539795422e-02
-7.573388634593812736e-03 -5.323550842352484450e-03 5.950521822703955799e-01 7.312383337256852237e-07 1.585907741161066142e-01 1.025636403623146099e-03 1.071650207462037339e-02
-7.539042097050114612e-03 -6.500870968822050101e-03 5.875748638789319855e-01 7.501900290302374571e-07 1.622756224632315170e-01 9.706835503936269045e-04 1.143518606572064243e-02
-7.520081576817508329e-03 -7.597615852539765617e-03 5.799708856694332226e-01 4.264752435603946093e-07 1.659713106845172037e-01 9.139559266421927062e-04 1.217729863726450985e-02
-7.488248131512848654e-03 -8.601088305912414980e-03 5.722106762495310361e-01 2.922161409880124551e-07 1.696649034795154887e-01 8.482263866829664557e-04 1.292763612152866490e-02
-7.448837287631422839e-03 -9.513086545886305367e-03 5.642887902261778388e-01 -2.492211819398948635e-07 1.733463888614812931e-01 7.802678445272575496e-04 1.367088993273459993e-02
-7.396967075755192002e-03 -1.031806359760296422e-02 5.562515467051406537e-01 -6.288074174143393260e-07 1.770033882830075733e-01 7.133992822362950764e-04 1.442371981148747768e-02
-7.338382934064335492e-03 -1.101539610351491907e-02 5.480972009680354917e-01 -8.790990745892963920e-07 1.806666049755083769e-01 6.463606871540241230e-04 1.518608504715637103e-02
-7.302078895309904380e-03 -1.161448187623040189e-02 5.398061634425992406e-01 -1.023190101690280806e-06 1.843183750642821139e-01 5.809176929634198494e-04 1.594735552391812403e-02
-7.272978805681036898e-03 -1.212650995981996889e-02 5.314082718253075877e-01 -1.312734730727686569e-06 1.879410770808815079e-01 5.113398837412227570e-04 1.673028359311782426e-02
-7.236583887813822016e-03 -1.255962933655055923e-02 5.229054817888685314e-01 -1.721337581152100429e-06 1.915323224623762255e-01 4.331465194866862827e-04 1.751845615847446788e-02
-7.194131105636276079e-03 -1.290427470964170854e-02 5.143076435980740158e-01 -1.952732780377214122e-06 1.950845680491473944e-01 3.493408477899229668e-04 1.831314768077077493e-02
-7.142471580914914325e-03 -1.312642935527097432e-02 5.056337418929395255e-01 -2.180540520850324673e-06 1.986251126094712716e-01 2.841268961186866303e-04 1.911260320787904615e-02
-7.123562429939500618e-03 -1.328131929011088473e-02 4.968556296359802338e-01 -2.442152357456643470e-06 2.021010912816829930e-01 2.203244841119459112e-04 1.990013902867523998e-02
-7.110669712975819894e-03 -1.336286271002010140e-02 4.880221424173625255e-01 -2.759526748815986699e-06 2.055282229825130536e-01 1.550437637434216138e-04 2.066856311685616801e-02
-7.091935886143558437e-03 -1.337292773264669825e-02 4.791554975125317251e-01 -2.424974707128166160e-06 2.089050517339008095e-01 7.682534247870167240e-05 2.144372333588389842e-02
-7.076729101077074147e-03 -1.332552268360618838e-02 4.702326634115804871e-01 -2.566325210984160878e-06 2.122278999743620331e-01 -1.401332398320641898e-05 2.223413799899922466e-02
-7.042458574341396195e-03 -1.320513835571629838e-02 4.612730918474818864e-01 -2.501841704879832182e-06 2.155015522541359474e-01 -1.012360082973744836e-04 2.301912112464579024e-02
-7.032426768935120913e-03 -1.300372895189717999e-02 4.522653104838097460e-01 -1.881929910217991349e-06 2.187104595889664271e-01 -1.827808442028142435e-04 2.379404683681230273e-02
-7.055748121886176207e-03 -1.273245311946471191e-02 4.432125394459374146e-01 -1.107748314980701021e-06 2.218532098372988370e-01 -2.681798279082896219e-04 2.454567573723189650e-02
-7.072240592064234915e-03 -1.242534097985873408e-02 4.341593732896179558e-01 -1.362401734003831779e-06 2.249264741892574582e-01 -3.598881942708982446e-04 2.527250851231278156e-02
-7.077335491961830351e-03 -1.208665609103336605e-02 4.251161855723296079e-01 -9.240672401521335056e-07 2.279292126757441472e-01 -4.565268365183650068e-04 2.599557545820922744e-02
-7.072730555409631643e-03 -1.168750575392660598e-02 4.160680905714576605e-01 -3.003538307893468630e-07 2.308545818548606854e-01 -5.313646179870920453e-04 2.675405637192183883e-02
-7.079427766821872609e-03 -1.123148860101747144e-02 4.070260005029402994e-01 1.550208585433899627e-07 2.337458715788831021e-01 -6.015117738148358789e-04 2.750906612249828451e-02
-7.099383032145894362e-03 -1.072332422616913659e-02 3.980082134393889137e-01 3.749558550483937611e-07 2.365667129503721822e-01 -6.725156641214349775e-04 2.824499508495599207e-02
-7.082969515480133996e-03 -1.016732722976591494e-02 3.890674430381414473e-01 5.375136052427007222e-07 2.393265725538813726e-01 -7.322963802239152971e-04 2.895902106890387712e-02
-7.081753345708088551e-03 -9.597428821570646446e-03 3.801645294445756829e-01 3.938107196434668606e-07 2.420036189931826509e-01 -8.099115966639729679e-04 2.964350979895645152e-02
-7.112853243018150452e-03 -9.022731637846463995e-03 3.713005361644488023e-01 1.063490922532654087e-06 2.446051384978633891e-01 -8.923380089293601880e-04 3.028597386010413103e-02
-7.118160721058788311e-03 -8.389245932483489765e-03 3.624650763292323608e-01 2.645006087034785776e-06 2.471005553131273014e-01 -9.413295079984362575e-04 3.095990334897836052e-02
-7.125012571559931340e-03 -7.727142318139680610e-03 3.536969605453150756e-01 3.897073361298360326e-06 2.495264190798362758e-01 -1.010495255440539307e-03 3.163099677231799578e-02
-7.126532837323883499e-03 -7.060784398230972141e-03 3.449941811528527413e-01 3.686920317605586332e-06 2.518578643168011832e-01 -1.092430372034293266e-03 3.224199409033220998e-02
-7.150602502557921319e-03 -6.377175370659021389e-03 3.363876641509941923e-01 2.278010385310422244e-06 2.540962581403316545e-01 -1.174964198473548707e-03 3.281577448680314535e-02
-7.178237132692688073e-03 -5.671281424398275442e-03 3.278633961031995891e-01 2.523911005421091093e-06 2.562270230350928713e-01 -1.260546627131940755e-03 3.339396067402796570e-02
-7.194190326490533006e-03 -4.970673627037264231e-03 3.194607794133723644e-01 1.479029554644585191e-07 2.582769722295488735e-01 -1.342462729852675254e-03 3.396085976286117303e-02
-7.217536781236985784e-03 -4.252128470832037405e-03 3.111708661651636509e-01 -6.042756072831002298e-07 2.602303951568247231e-01 -1.424259530239167229e-03 3.447845892565985088e-02
-7.220148366274167263e-03 -3.503883831518038190e-03 3.029492960319012940e-01 -4.601953024020877670e-07 2.620695142984006965e-01 -1.499820702840568747e-03 3.495051634486020381e-02
-7.230691445761436471e-03 -2.764781460805220380e-03 2.948261093481274742e-01 -1.203600767830129909e-06 2.637990114708981815e-01 -1.582206449732462489e-03 3.542019102212045495e-02
-7.233163055103459041e-03 -2.041345241000016349e-03 2.868571610790149329e-01 5.932765835985996350e-07 2.654443305137393905e-01 -1.653146862574088414e-03 3.587047322993668769e-02
-7.230063758803932129e-03 -1.323503397440980046e-03 2.790146911732817592e-01 1.646093839684650585e-06 2.670179935057175324e-01 -1.731554474129922989e-03 3.628716836419718789e-02
-7.240255877319514040e-03 -6.090995466173546686e-04 2.712986854607811749e-01 4.369250388753084139e-06 2.684948691290832690e-01 -1.796315839927249214e-03 3.669907703191613996e-02
-7.239204535386911839e-03 9.785971048225157616e-05 2.636607568573305915e-01 6.618457016455079636e-06 2.698869125697093696e-01 -1.867265253183598333e-03 3.708264806044425654e-02
-7.252499031751824185e-03 7.682569033656205196e-04 2.561574980498023679e-01 7.850772464718683242e-06 2.711939318540499411e-01 -1.923411667217960006e-03 3.745437059470069913e-02
-7.257773518364447202e-03 1.451321361456739747e-03 2.488042075996064750e-01 1.088124041946898719e-05 2.724161164831598869e-01 -1.982889431231527316e-03 3.780386825740109785e-02
-7.264739742847373984e-03 2.118937254443654505e-03 2.415451164919168170e-01 1.175237694654487717e-05 2.735326882816170868e-01 -2.050833258042241390e-03 3.812825910228492821e-02
-7.265502755144450514e-03 2.721411472951450541e-03 2.344069300014215429e-01 1.236990729475493879e-05 2.745675590480356476e-01 -2.107305765304559163e-03 3.843745162852644365e-02
-7.264919978201176201e-03 3.300985831684250752e-03 2.274194308761169625e-01 1.172642272504937125e-05 2.754610606973846854e-01 -2.184041495177744142e-03 3.870771641830556692e-02
-7.274346411284876059e-03 3.870667808734320342e-03 2.205833071557436187e-01 9.541082460697481146e-06 2.763341031854927299e-01 -2.246823079250144864e-03 3.895387874114482341e-02
-7.269754687052893544e-03 4.393533125060869460e-03 2.138524057056618022e-01 8.928490509129563351e-06 2.770891001147591792e-01 -2.310812851248736192e-03 3.917805882512777338e-02
-7.242249870278797894e-03 4.932630331786628901e-03 2.072704129438021625e-01 7.210711199683268360e-06 2.777263657424938748e-01 -2.362918801130476070e-03 3.937833540403096189e-02
-7.232766217531740732e-03 5.427028023856755520e-03 2.008431359597954713e-01 6.128459831087203249e-06 2.783134189665075753e-01 -2.415076516185056879e-03 3.953209552356533318e-02
-7.214502423315686565e-03 5.897605854609777251e-03 1.945187749229083940e-01 4.369451302901613215e-06 2.788139328354815039e-01 -2.477917397120623332e-03 3.965151638762377112e-02
-7.181695934331213185e-03 6.383559606898986383e-03 1.883331387830956827e-01 3.552769672229065863e-06 2.791738345121290155e-01 -2.530060164183646054e-03 3.977179203782395950e-02
-7.153731279197479351e-03 6.811148457648741328e-03 1.823216008396668364e-01 2.569613135256157410e-06 2.794748045970568140e-01 -2.577902182456395016e-03 3.983811019819335358e-02
-7.127486569702042203e-03 7.210679840804108849e-03 1.764168278934500345e-01 5.504435693533595143e-07 2.796661969777513579e-01 -2.652258368185066422e-03 3.987312988872765418e-02
-7.113050527677806933e-03 7.579346175393800872e-03 1.706180295436090233e-01 6.854092167851366592e-07 2.797688464490667992e-01 -2.720587838805984312e-03 3.990419631387110561e-02
-7.087260746294499029e-03 7.885321280540260117e-03 1.649885104273453862e-01 1.617496464448696920e-06 2.797998404781659176e-01 -2.776201081422939847e-03 3.988763251430373080e-02
-7.050838082803216784e-03 8.173805116330333520e-03 1.594672204099396307e-01 3.241502102699163875e-06 2.797603137607712065e-01 -2.837524175985345343e-03 3.986694012466353298e-02
-7.003963533907674351e-03 8.426203648778654229e-03 1.540852735727645251e-01 3.059396057190874933e-06 2.796281382539256843e-01 -2.876472003785968644e-03 3.983739193062230122e-02
-6.951712720043002301e-03 8.661314589655536023e-03 1.488387392466670733e-01 2.872119237761380344e-06 2.794043765357722697e-01 -2.929621350001019794e-03 3.977914139404051252e-02
-6.886147745773435642e-03 8.846359204155116243e-03 1.437391038508892549e-01 7.947052754011074359e-07 2.791248234249551485e-01 -2.967479895243250489e-03 3.970637916054435557e-02
-6.825225576837250577e-03 9.038961559524140432e-03 1.387328983572203578e-01 -1.345473853409957797e-06 2.787017354472234865e-01 -2.998992064246282143e-03 3.959415255659275851e-02
-6.746793800889213516e-03 9.180168756617689343e-03 1.338928594383496651e-01 -2.444696557973171583e-06 2.782515654514080006e-01 -3.024943300049275346e-03 3.948733657944458741e-02
-6.684240404956281328e-03 9.293129917425259692e-03 1.291586155200460662e-01 -4.662152128491087684e-06 2.777389990406807785e-01 -3.056469950850093133e-03 3.933461627226478297e-02
-6.608496244627912707e-03 9.391298795783865200e-03 1.245435774644486349e-01 -6.174827743398778131e-06 2.771104265153244706e-01 -3.078913550159826512e-03 3.916498963222177915e-02
-6.540164882194673436e-03 9.460696368660698533e-03 1.200541391978540151e-01 -6.608880488754847705e-06 2.763903835967642109e-01 -3.106145503143627282e-03 3.899178305018637797e-02
-6.471463543328847406e-03 9.492320969159469962e-03 1.156764156448948228e-01 -8.073510804875038915e-06 2.756101687831027935e-01 -3.138424326060780707e-03 3.876594723116831565e-02
-6.393847396389238519e-03 9.516197860219817797e-03 1.114230471511433868e-01 -8.296962047245864445e-06 2.747053300400176257e-01 -3.161998319244230943e-03 3.854451957436538789e-02
-6.313990627427812190e-03 9.508476011539396255e-03 1.072736242113417199e-01 -9.553637526326458636e-06 2.737510024584351442e-01 -3.183204235990751054e-03 3.830942346762133272e-02
-6.226513395337783703e-03 9.451547778682019285e-03 1.032345483307205020e-01 -9.239701135726374176e-06 2.727068549908508999e-01 -3.214982975506524426e-03 3.804529039018120229e-02
-6.135682736057422419e-03 9.405937117923512600e-03 9.931740400611664688e-02 -9.882479960402393141e-06 2.716009186980085088e-01 -3.228510893886882890e-03 3.777170415829615713e-02
-6.049162739347435126e-03 9.295971655925841515e-03 9.550189057100318124e-02 -9.971569275883877177e-06 2.704156620087904139e-01 -3.255945486894562535e-03 3.748196985560239142e-02
-5.942875475100285743e-03 9.199066970826662651e-03 9.179894603816657339e-02 -9.516480795232704691e-06 2.691953038125955433e-01 -3.273125744855485009e-03 3.716725744915955199e-02
-5.846211119324536826e-03 9.064294488703430672e-03 8.819463689104237170e-02 -9.431431027790775589e-06 2.678849796900438229e-01 -3.283128111070498893e-03 3.683897506385277326e-02
-5.746635177616663502e-03 8.911696274346552621e-03 8.470403171342719140e-02 -1.010291714153127653e-05 2.665194807166929580e-01 -3.310263611844225812e-03 3.650284518405070427e-02
-5.644565048601606939e-03 8.732112303665115829e-03 8.131716464388032140e-02 -1.173500848667021393e-05 2.651167799062421060e-01 -3.328204189909051997e-03 3.613066445736418802e-02
-5.546963293010134625e-03 8.534214497666836596e-03 7.802324561926830826e-02 -1.579311775801683465e-05 2.636449910524678586e-01 -3.337479933267297177e-03 3.577081415871122272e-02
-5.437216365020455626e-03 8.311164594895035368e-03 7.483240946295882656e-02 -1.650572717172108062e-05 2.621072591782205308e-01 -3.351247907468147408e-03 3.539556008431169604e-02
-5.323982958329131869e-03 8.089062963542505494e-03 7.174949192943599896e-02 -2.119352729328580188e-05 2.605149521387503664e-01 -3.353195600885165197e-03 3.501228871833605982e-02
-5.219876675686459938e-03 7.832331442809556052e-03 6.874550809748304625e-02 -2.161116203647370297e-05 2.588826404439795170e-01 -3.359680893654183077e-03 3.461260393541348152e-02
-5.091275459405173766e-03 7.565378516130148376e-03 6.584655634096701904e-02 -2.305676512677158938e-05 2.571529660622354774e-01 -3.350210944414208896e-03 3.420888999794582941e-02
-4.966376836404535686e-03 7.313224269342809454e-03 6.303891866263580668e-02 -2.090074064312804830e-05 2.553869046168203427e-01 -3.343893309798988672e-03 3.380228575739611246e-02
-4.835453075946669933e-03 7.011417725535377260e-03 6.032203800216028727e-02 -2.053959926014023657e-05 2.535571327591575330e-01 -3.331965579987832167e-03 3.337405582744467497e-02
-4.703173711074889671e-03 6.744588752191812454e-03 5.768655840153084219e-02 -1.919752414293283158e-05 2.516638869647936372e-01 -3.319475200168170350e-03 3.293671539745707949e-02
-4.576518580737575989e-03 6.426695967363176172e-03 5.513754813266678878e-02 -1.645673561453296768e-05 2.497269588577416821e-01 -3.298440423083826359e-03 3.249472874904479891e-02
-4.441028321816108994e-03 6.104820120660899192e-03 5.267851651666234647e-02 -2.060097925171664747e-05 2.477435566379312670e-01 -3.287550125971582318e-03 3.204336864388988154e-02
-4.328882468564108563e-03 5.739260580475371264e-03 5.027954015702314899e-02 -1.813854097877807541e-05 2.457208648272774520e-01 -3.272348006087490331e-03 3.157541738517292973e-02
-4.197432895088156445e-03 5.396165866313176220e-03 4.796924306939902988e-02 -2.218870354736040331e-05 2.436343653066546655e-01 -3.249835618238096097e-03 3.111574002256972324e-02
-4.080213096700274593e-03 5.012814398907035861e-03 4.570313237561630243e-02 -2.369256523749363721e-05 2.415287303535643415e-01 -3.250812023640115532e-03 3.063407604255124345e-02
-3.966354142117482773e-03 4.637198065612163633e-03 4.351439528520893024e-02 -2.156778012675592492e-05 2.393694459539820463e-01 -3.231959704042635783e-03 3.013758058403120596e-02
-3.855660009994516836e-03 4.228228561352465921e-03 4.140356814903103227e-02 -2.004131695611652121e-05 2.371839152363314218e-01 -3.232040981099315764e-03 2.963229640656594652e-02
