2.832288986533116902e-05 1.572578714914858581e-05 -3.903071004410573695e-05 0.000000000000000000e+00 1.438892258540243243e-03 9.999767144973127353e-01 0.000000000000000000e+00
3.031333289294050413e-05 3.581715838943070468e-04 -5.820161418739459467e-05 0.000000000000000000e+00 3.692009011076787060e-03 9.991211455897274218e-01 0.000000000000000000e+00
1.834124019753814191e-05 3.831884895075505604e-04 -6.222276306007266293e-05 2.161316953770639540e-08 6.219151007326621100e-03 9.970582421048075350e-01 0.000000000000000000e+00
1.546404993279440674e-05 6.530872671408744206e-04 -8.578506850935538081e-05 2.711021470069656202e-07 8.802558578568793826e-03 9.945663582099397715e-01 0.000000000000000000e+00
8.467430412595706643e-06 5.639050174014569733e-04 -1.027183043527387187e-04 2.828280348794396477e-07 1.132925448093604660e-02 9.919392572336055425e-01 0.000000000000000000e+00
1.832525424861103746e-05 3.610744604925672746e-04 -2.241988256667016188e-04 -9.770462998094291831e-08 1.365088976067884916e-02 9.890125067011638071e-01 -4.574884603250991078e-09
5.009084165587765226e-05 3.512123617010238391e-04 -4.557970673265682301e-04 -1.797698023181675755e-08 1.592687028197177848e-02 9.858488309074544542e-01 0.000000000000000000e+00
7.850746017054198358e-05 2.428428000419660291e-04 -7.157353996135089541e-04 -1.074883536110310917e-07 1.819048526738232738e-02 9.828355945689735140e-01 -1.794017803097896711e-08
8.232443625264598006e-05 6.627426530908691097e-05 -7.861769279226527539e-04 -2.986960386054829426e-07 2.037645264969053724e-02 9.802411039099391266e-01 -4.279476814269279079e-08
6.491894961630490630e-05 -9.537418028461140272e-05 -7.365207962865119367e-04 -9.010343604247194217e-07 2.245822709875448103e-02 9.779255074813475446e-01 -4.436486686488879637e-08
3.584235266763844644e-05 -2.678691580022802112e-04 -7.193605553615283008e-04 -2.727242776027983076e-06 2.441931294680329406e-02 9.757314733774941073e-01 4.283701013849799151e-08
5.264563383027996354e-06 -5.211594606475993723e-04 -7.616886937685605607e-04 -4.316278706487058469e-06 2.629400384088196457e-02 9.735784436275265463e-01 -5.010028814234559850e-09
-2.965040467998578249e-05 -7.309905685795701916e-04 -8.125271300347287071e-04 -5.764761519040453569e-06 2.807469513763713106e-02 9.715737457964820356e-01 -5.043177993304951718e-08
-5.968695491649298330e-05 -8.751933723394778476e-04 -1.058767407676190070e-03 -6.279063917245744613e-06 2.974531508283359202e-02 9.695151170197537915e-01 -4.216137344936780594e-08
-1.055479231615979579e-04 -8.232038701516089692e-04 -1.456889426215899870e-03 -6.097531659838928777e-06 3.130460288892684961e-02 9.674674312387260278e-01 -2.968148977689374540e-08
-1.159810078078883010e-04 -9.453594540617045764e-04 -2.176085994577816284e-03 -5.696731083433901325e-06 3.272325502577641543e-02 9.654267977912071030e-01 1.617195558740007710e-08
1.586939103233724621e-04 -5.256286597423431026e-04 -2.427589185793646055e-03 -5.593011364326001592e-06 3.397611724948929046e-02 9.630247799393895081e-01 -1.443785619595074027e-07
5.065730667900537020e-04 2.822491924453060974e-04 -1.748953724647505769e-03 -5.130982906884763306e-06 3.521593285154649144e-02 9.608271434899264829e-01 -2.005745438961211710e-07
7.693680900605113322e-04 6.966030052828842221e-04 -1.242076775298298161e-03 -4.611447671643792724e-06 3.655289677417141586e-02 9.586282387858311438e-01 -1.730139788709751702e-07
8.356182978231353970e-04 4.448143547085771539e-04 -1.240431368314386757e-03 -4.390505239113098155e-06 3.799355538145343658e-02 9.562508709471290169e-01 -7.005777397811373255e-08
7.408095789898168533e-04 -3.385483762240760206e-04 -1.851164836502690010e-03 -4.583972035687625537e-06 3.971386927271634143e-02 9.537440445468959860e-01 -2.557661194451113903e-07
5.439872534494921957e-04 -1.315646896313852742e-03 -2.793330320795987982e-03 -4.722873585760806184e-06 4.133140302366615504e-02 9.512687073329638698e-01 -2.832358356196301372e-07
4.622136953896955887e-04 -2.230867610244821782e-03 -3.641023932304572261e-03 -4.600697337885305950e-06 4.264947611754774798e-02 9.489473433762807275e-01 -4.160518337949460345e-07
4.672918068122365359e-04 -2.906091720925994219e-03 -4.518192164819350744e-03 -4.190884012399824961e-06 4.354870201013998771e-02 9.466842779999685709e-01 -5.886666842919299366e-07
4.674294510539471221e-04 -3.263994183862456173e-03 -5.297631638021659505e-03 -3.094028637604192364e-06 4.421089242359963617e-02 9.443603471952365380e-01 -5.543513483253305886e-07
5.928098010722776534e-04 -3.233874903867219215e-03 -5.718907941062270281e-03 -2.030839750604025215e-06 4.480412079069804460e-02 9.420110221608739565e-01 -6.412823707507592918e-07
6.066757786302394819e-04 -2.979901248755694940e-03 -6.069130256203836629e-03 -1.518150535909284529e-06 4.528323089005004132e-02 9.395594145448661338e-01 -6.708456978106172637e-07
6.742644962066219553e-04 -2.631826000729208231e-03 -6.277737551770648516e-03 -1.231841878565338675e-06 4.574648507046677470e-02 9.369568062131453656e-01 -8.182175230403842993e-07
7.253972449182954094e-04 -2.155350514275435059e-03 -6.341957317826321314e-03 -8.486962384684993574e-07 4.623632611107843238e-02 9.342260832938673598e-01 -8.958797378261149902e-07
7.527342131988466181e-04 -1.658134853225451139e-03 -6.364118442903595081e-03 -8.629353145244244799e-07 4.671346976546161128e-02 9.313200166269839375e-01 -1.027488371032328248e-06
7.862127098331682645e-04 -1.146455067675825881e-03 -6.268989897099456338e-03 -7.800221281360571646e-07 4.715124451254146948e-02 9.282344929713840509e-01 -1.041226293492282274e-06
8.294104138605728083e-04 -5.746136276987324782e-04 -6.096711998603586424e-03 -1.031438370972905478e-06 4.757001466806987794e-02 9.249734527808823881e-01 -1.399065990814057696e-06
8.404417381280395241e-04 5.393466637437722173e-06 -5.840740640585585092e-03 -1.097281392790218963e-06 4.793437586269882339e-02 9.215622829521877835e-01 -1.557966154156930845e-06
8.852221287990508138e-04 6.327492131352738030e-04 -5.452699570729432552e-03 -1.189606517623160486e-06 4.824148732989488181e-02 9.179883910707340444e-01 -1.515853456804754252e-06
9.261648724976176026e-04 1.300523304105587761e-03 -4.945092080703403052e-03 -9.813469681559418849e-07 4.848141009380512595e-02 9.142699144758493768e-01 -1.633633814621644219e-06
9.691285197474287794e-04 2.006130915851278129e-03 -4.306943425309819190e-03 -9.998291101662770949e-07 4.868033835405530946e-02 9.104286699248128611e-01 -1.806853179138585920e-06
1.017409592778296869e-03 2.733655391927289433e-03 -3.546197590799779822e-03 -1.054308746618692320e-06 4.882883178323821349e-02 9.064831337044749748e-01 -1.977229993618961443e-06
1.051619616668135341e-03 3.473809950431599753e-03 -2.665601007383248174e-03 -7.078054615836800631e-07 4.893715969301930951e-02 9.024401027621633542e-01 -2.118594374453252470e-06
1.075177876464236768e-03 4.223274013419740097e-03 -1.661004670029235866e-03 -7.244606856172060287e-07 4.900890953227140384e-02 8.983217433107322236e-01 -2.451870198870926345e-06
1.107300840765585272e-03 4.982765376243073266e-03 -5.351558428285917981e-04 -5.667414454126183413e-07 4.906134945677782105e-02 8.941500523241943110e-01 -3.063795748778281010e-06
1.128862500135307308e-03 5.726904683175318943e-03 6.901502942569025332e-04 -6.319757123595850024e-07 4.908645405625202546e-02 8.899463290358866630e-01 -3.445469972462467077e-06
1.146446719769779335e-03 6.462692857305953574e-03 2.023311623874234251e-03 -5.009596340766950776e-07 4.910231400595714557e-02 8.857051646673177459e-01 -3.890531275317052383e-06
1.165268046479022357e-03 7.188959881909170666e-03 3.459218665363595398e-03 -3.993182420640627764e-07 4.911513492951502524e-02 8.814504324746803565e-01 -4.370434316783466598e-06
1.182968400505713183e-03 7.894004163053918929e-03 4.978664111977664820e-03 -3.951622041918862092e-07 4.911470353170852704e-02 8.771845323417933882e-01 -4.890245984890213988e-06
1.198850195720466095e-03 8.578596941108872220e-03 6.574879354769100868e-03 -4.126230879226099645e-07 4.911361312344633689e-02 8.729013527991534849e-01 -5.424256608215175199e-06
1.207458647654383911e-03 9.232282816983003459e-03 8.247837630747685903e-03 -3.501285204770576419e-07 4.910766417301338366e-02 8.686097479422070222e-01 -5.629925025317609106e-06
1.217282562625763339e-03 9.860675577229359098e-03 9.993422734310333094e-03 -5.184002831547977633e-07 4.909660778213183197e-02 8.643148351434408738e-01 -6.134929353237701565e-06
1.228595125419607286e-03 1.046658808471737437e-02 1.180050688403551026e-02 -3.588772487778679072e-07 4.907794950371647397e-02 8.600180775991557169e-01 -6.184414919615102665e-06
1.231750884881293662e-03 1.105039549431879875e-02 1.366095282190714702e-02 -3.892387321184444447e-07 4.905251053895305635e-02 8.557106014737846378e-01 -6.722646042511306950e-06
1.230108716014965790e-03 1.161739690263119060e-02 1.558097084296542964e-02 -3.960846848604525246e-07 4.902313856456504138e-02 8.513959240675674778e-01 -7.097486718949517702e-06
1.227419334342076803e-03 1.216611168218658355e-02 1.756052022625788703e-02 -3.203228546506094765e-07 4.898841279791737308e-02 8.470748480745907694e-01 -7.526674284755483688e-06
1.222448226057881943e-03 1.269427516570971644e-02 1.959599904210261936e-02 -2.752289912570521089e-07 4.894665207943229429e-02 8.427519175230702153e-01 -8.030224586164751968e-06
1.215437196991849466e-03 1.320523411783092529e-02 2.168641081838037013e-02 -3.712679411074645100e-07 4.889316834680221269e-02 8.384199166505844625e-01 -8.689495621894014138e-06
1.204574001864508470e-03 1.370046179192167118e-02 2.382509350421434594e-02 -2.870654096845498575e-07 4.883306455969942811e-02 8.340828094026195849e-01 -9.506377035387906328e-06
1.189217811943801047e-03 1.418569140850003095e-02 2.601464412081677322e-02 -1.644608857309170246e-07 4.876472559971276044e-02 8.297379537394193871e-01 -1.009301010074145916e-05
1.170369795179494613e-03 1.466753312125063970e-02 2.825066862389662495e-02 -2.814455391934589235e-07 4.868937326040988917e-02 8.253888190152458559e-01 -1.103796579732380666e-05
1.149406767694715909e-03 1.515014892542825356e-02 3.053888693533609797e-02 -3.284899941464431326e-07 4.861054027891998502e-02 8.210369565504824774e-01 -1.172314031672993971e-05
1.125897323781796132e-03 1.563175215330178669e-02 3.287528054029559971e-02 -3.023170777715977890e-07 4.852292004927889063e-02 8.166784332422595272e-01 -1.223396435963782437e-05
1.099900775772397936e-03 1.611512721020048194e-02 3.525892111774044102e-02 -2.556510393779533537e-07 4.842647907801619911e-02 8.123209001875600910e-01 -1.293124977801997040e-05
1.070670978981890474e-03 1.660190279861657389e-02 3.768455066654519126e-02 -2.370777975838914207e-07 4.832265362054533053e-02 8.079624590144530716e-01 -1.349224907684757919e-05
1.038262155210212170e-03 1.709671976623658787e-02 4.015176786678818777e-02 -3.547572214694738203e-08 4.821160090615876637e-02 8.036053986437731167e-01 -1.403715037196050371e-05
1.002465522802687553e-03 1.760182810940169248e-02 4.265504704786973744e-02 -5.188726841403874346e-08 4.809235065518268487e-02 7.992479089627895217e-01 -1.445381390279703030e-05
9.644484471263151592e-04 1.811843171002074787e-02 4.519094544055088369e-02 -1.821038759589275850e-07 4.796527704910737849e-02 7.948928713001076618e-01 -1.499116107218291080e-05
9.237559309886923418e-04 1.864606012492648832e-02 4.775829870686691681e-02 4.237239787682825232e-08 4.783134912430026670e-02 7.905433957230488806e-01 -1.512130245421590465e-05
8.816655063640614761e-04 1.918547254294373366e-02 5.035372954684954466e-02 -1.444718015010622714e-08 4.768822609526243705e-02 7.861992912998346794e-01 -1.511758898906391931e-05
8.366952959468741419e-04 1.973952731506561920e-02 5.297710542860698674e-02 6.253858276547506385e-08 4.753741721781561125e-02 7.818639811713947729e-01 -1.528573843896755634e-05
7.900749537765219387e-04 2.030790753069938726e-02 5.562352927489101068e-02 -2.208902717174136841e-08 4.737748822402840926e-02 7.775375430180168079e-01 -1.555691657007007402e-05
7.422158885312869119e-04 2.089246234129241500e-02 5.829014878678950851e-02 1.736068828250838316e-07 4.720921875009300578e-02 7.732219730387970280e-01 -1.573186164033398495e-05
6.917500981555668813e-04 2.149260860194709966e-02 6.097112101662459371e-02 4.875274688939663006e-08 4.703111094654167934e-02 7.689165257586955127e-01 -1.625721095348235413e-05
6.400928077544552116e-04 2.210683172851334727e-02 6.366371396449314879e-02 1.407410286652193353e-07 4.684404410930072954e-02 7.646224842928762699e-01 -1.694129073388411357e-05
5.867450652558101488e-04 2.273612237270472569e-02 6.636673630334068152e-02 1.396454921588982346e-07 4.664800058747987227e-02 7.603411230274433885e-01 -1.770389187466570011e-05
5.316695288544705461e-04 2.338096605242338810e-02 6.907731097666669484e-02 5.226907015971295799e-08 4.644354309451997898e-02 7.560736427383647484e-01 -1.828477502182709693e-05
4.750227927480728815e-04 2.404243545855267242e-02 7.179523296980692970e-02 1.767019554811776974e-07 4.623220829178821545e-02 7.518222308210116278e-01 -1.915041689719560643e-05
4.162972770100897141e-04 2.471949876387567746e-02 7.451791174793769013e-02 2.258474623967958456e-07 4.601209208946935997e-02 7.475872875120114225e-01 -2.000015293052162459e-05
3.566908057148851117e-04 2.541128968789693743e-02 7.724201611856532090e-02 1.321259719267387496e-07 4.578416504793804409e-02 7.433691643060094112e-01 -2.074631579460780396e-05
2.958195262513272457e-04 2.611827686013634686e-02 7.996475756616711061e-02 3.210088085054069351e-07 4.554950248874222590e-02 7.391683989135783284e-01 -2.146651552343085335e-05
2.335809556021989299e-04 2.683959584388358535e-02 8.268500158776477538e-02 2.391198423694150457e-07 4.530778615521231095e-02 7.349854953790664336e-01 -2.240652144220107902e-05
1.706533178463894203e-04 2.757487410096678623e-02 8.540302397060137163e-02 2.661812950348771683e-07 4.505889745814290609e-02 7.308217459901515944e-01 -2.298991180035652753e-05
1.075143475442249673e-04 2.832396409209921723e-02 8.811579423452363391e-02 2.544064208903822903e-07 4.480441227669686166e-02 7.266773381481171912e-01 -2.372702241680442380e-05
4.360979484388238521e-05 2.908593656288778126e-02 9.082250843069600288e-02 2.838857706260550657e-07 4.454462363631808697e-02 7.225530013680016017e-01 -2.457341525087993267e-05
-2.076348024583971939e-05 2.986037197761837181e-02 9.352155430597582086e-02 4.235409218714554997e-07 4.427970478757352335e-02 7.184494872488761397e-01 -2.534836746467162172e-05
-8.479927040508659962e-05 3.064683499389116508e-02 9.621226640564820021e-02 4.264633272683698627e-07 4.400876190290668039e-02 7.143673438817350618e-01 -2.601840450616172806e-05
-1.491652442920633433e-04 3.144492048257092887e-02 9.889333557626689419e-02 5.252678867370590058e-07 4.373308331439843682e-02 7.103067210310866075e-01 -2.693898288054379480e-05
-2.138186106475977323e-04 3.225383642330581502e-02 1.015637164889855726e-01 5.104896345250417464e-07 4.345260081262299762e-02 7.062682969225934082e-01 -2.789548990359240753e-05
-2.778058391238536276e-04 3.307308856125063673e-02 1.042222870210557650e-01 5.254436916321219155e-07 4.316801144700237181e-02 7.022517812598310094e-01 -2.878932677818970759e-05
-3.413833099438259833e-04 3.390139480454629206e-02 1.068687231122249781e-01 4.860421019944276134e-07 4.287950346855547157e-02 6.982576686567001367e-01 -2.961232430801287902e-05
-4.046975506941750261e-04 3.473842112400087057e-02 1.095020812009845218e-01 5.375972201131141797e-07 4.258750151243483051e-02 6.942863349678852769e-01 -3.058934368289904267e-05
-4.677879991922904838e-04 3.558358869081618830e-02 1.121213464455217135e-01 6.054605986131763308e-07 4.229231894049623880e-02 6.903377964006306433e-01 -3.185414426225377819e-05
-5.306771498292603417e-04 3.643645816799263165e-02 1.147266092636925749e-01 5.173749703967062490e-07 4.199398816045247368e-02 6.864124371999339447e-01 -3.295048179381467735e-05
-5.924319614537286232e-04 3.729738485741214415e-02 1.173184206589507200e-01 6.139610585837132206e-07 4.169318356722988284e-02 6.825109744219939323e-01 -3.409904536602532163e-05
-6.534384586568566357e-04 3.816569924119360413e-02 1.198958337973245886e-01 6.625461044284344155e-07 4.139043121608355219e-02 6.786321907012931032e-01 -3.500208358322163052e-05
-7.146307062948827754e-04 3.904009633290454750e-02 1.224578219234148946e-01 5.619243961475144441e-07 4.108530053122927406e-02 6.747767575044716359e-01 -3.623009255268585599e-05
-7.755264362127060537e-04 3.991946030295936282e-02 1.250041449857547393e-01 5.009833243820347465e-07 4.077806799483736644e-02 6.709449129893827468e-01 -3.773423919003319902e-05
-8.363772124142525473e-04 4.080357067873577326e-02 1.275347080408311962e-01 7.240444415238531707e-07 4.046885528151527439e-02 6.671365551377061998e-01 -3.896606179402478464e-05
-8.970168322050938369e-04 4.169208800502347684e-02 1.300494588998668821e-01 7.590445746098939719e-07 4.015803143200158409e-02 6.633516642193565405e-01 -4.006007718298001117e-05
-9.580617048283102599e-04 4.258397285086603506e-02 1.325472346108708954e-01 6.567319827895116494e-07 3.984470852867236235e-02 6.595889671497766615e-01 -4.158056402076599643e-05
-1.017734664929270672e-03 4.348058324798852875e-02 1.350302637152252239e-01 7.031828382030786891e-07 3.953101816993289525e-02 6.558515829525600749e-01 -4.300611631399637246e-05
-1.076294373385396162e-03 4.438107560397673568e-02 1.374981331943859186e-01 6.109760534599040675e-07 3.921653639824104060e-02 6.521372768791667829e-01 -4.437769847527074391e-05
-1.134599079146753411e-03 4.528474557046514165e-02 1.399502820465902131e-01 4.966468506751770019e-07 3.890183788318662267e-02 6.484459165074051290e-01 -4.584178175259906012e-05
-1.192393672333010805e-03 4.619126342467441693e-02 1.423860345185445631e-01 6.121010875887860028e-07 3.858681448554152765e-02 6.447780808073161340e-01 -4.726434229010543933e-05
-1.250383923233289391e-03 4.709936389326389861e-02 1.448056393342692649e-01 5.783715645020497876e-07 3.827089469531051030e-02 6.411331394610355616e-01 -4.885435576761419749e-05
-1.307711098857888485e-03 4.800907983389524764e-02 1.472099988668931769e-01 7.103476508335855085e-07 3.795432695406119467e-02 6.375115982402480563e-01 -5.031530193927763917e-05
-1.363440040089002481e-03 4.892112489310665446e-02 1.495992724386568107e-01 7.772501361656063946e-07 3.763875118900858463e-02 6.339135760689166288e-01 -5.190663695323394547e-05
-1.419348259727100251e-03 4.983382209384482758e-02 1.519722828465336628e-01 7.929463543625537909e-07 3.732225746603818478e-02 6.303374188956262225e-01 -5.374161205125980485e-05
-1.474324534259875436e-03 5.074794526053021115e-02 1.543304951332737651e-01 8.578692872334895546e-07 3.700600231345345381e-02 6.267846556590915830e-01 -5.526841699117357188e-05
-1.529008553175527623e-03 5.166204727932798002e-02 1.566731165668414361e-01 6.349212733977598254e-07 3.668966216643625849e-02 6.232543644460223353e-01 -5.705004104906409525e-05
-1.583339340097238796e-03 5.257593740274378591e-02 1.590000861774139018e-01 7.336138975411984311e-07 3.637367952959250778e-02 6.197469882773445349e-01 -5.865857370700447643e-05
-1.637141639083741166e-03 5.348971055381086803e-02 1.613122515921913691e-01 6.782871891560417213e-07 3.605826721767235732e-02 6.162626480060309220e-01 -6.066577299280152499e-05
-1.690181195926344828e-03 5.440293045179071113e-02 1.636095477563693223e-01 8.080645002214210987e-07 3.574300455393866760e-02 6.128004514256824020e-01 -6.262068247928905896e-05
-1.742829003256598109e-03 5.531484318774858994e-02 1.658913676568657680e-01 6.745346802445685629e-07 3.542801402900307844e-02 6.093604751138679276e-01 -6.429336156962916582e-05
-1.794819567408657184e-03 5.622523456302943451e-02 1.681582977423035641e-01 1.027982909139074222e-06 3.511315188383633268e-02 6.059425825985864655e-01 -6.587330363076819009e-05
-1.846850653904496663e-03 5.713355302535923219e-02 1.704094532111439797e-01 7.326262028028510239e-07 3.479853692133672710e-02 6.025474261016707800e-01 -6.829224567733615712e-05
-1.897674580094433228e-03 5.804055724582087711e-02 1.726473974518701882e-01 8.417350230900514777e-07 3.448561207229450254e-02 5.991742797027694856e-01 -7.065957346788758614e-05
-1.947846518265704046e-03 5.894506536395653640e-02 1.748706655197060367e-01 6.043935610563190365e-07 3.417304228690015017e-02 5.958232928098029513e-01 -7.307973986983618312e-05
-1.997879624466398878e-03 5.984684340627681454e-02 1.770792738772657138e-01 7.992861951789878230e-07 3.386108045847261577e-02 5.924941586114600423e-01 -7.544532900665131621e-05
-2.047925490174942222e-03 6.074499095865583398e-02 1.792729020843110976e-01 8.553865681018471123e-07 3.354894503559331664e-02 5.891866687341417164e-01 -7.795476105073773543e-05
-2.096651579728285933e-03 6.164101727729687230e-02 1.814531747776989556e-01 7.999327013770948273e-07 3.323833459221912229e-02 5.859020439484488030e-01 -8.041500108191525979e-05
-2.144950026614656727e-03 6.253287489921445508e-02 1.836188739826606076e-01 8.141630932369843893e-07 3.292842251212214910e-02 5.826390844955188220e-01 -8.293955668528888976e-05
-2.192906960363589109e-03 6.342026949118376167e-02 1.857698978428968806e-01 9.032575358897900138e-07 3.261896280470889115e-02 5.793978674415680707e-01 -8.577287323061203773e-05
-2.240743424428617587e-03 6.430300545615964813e-02 1.879068170695236129e-01 9.141314388040323359e-07 3.230974847702094976e-02 5.761780531183976484e-01 -8.892619425174893167e-05
-2.287579960158525692e-03 6.518186915598946085e-02 1.900309092988484716e-01 8.972714911826090761e-07 3.200150624958490037e-02 5.729808085806121776e-01 -9.226255869581005285e-05
-2.333838640024898936e-03 6.605608086163063108e-02 1.921410494165268490e-01 8.478244101704606033e-07 3.169423435500098862e-02 5.698046630083261066e-01 -9.537241344717679815e-05
-2.380316695466142083e-03 6.692487184657061605e-02 1.942370665195657931e-01 8.296090076518866409e-07 3.138753312999936068e-02 5.666498483739872416e-01 -9.819292247344437656e-05
-2.426793839892049578e-03 6.778795128236243805e-02 1.963180634722300200e-01 8.892215611355798678e-07 3.108176268698460004e-02 5.635168598601090206e-01 -1.010574338267024584e-04
-2.472237448360386104e-03 6.864573185862485327e-02 1.983857547501359786e-01 1.028270278348235082e-06 3.077775874857148139e-02 5.604063169398409983e-01 -1.038600157280485548e-04
-2.517364350989557530e-03 6.949731950122195467e-02 2.004400966073303370e-01 9.532678625623095311e-07 3.047403318232111413e-02 5.573170291601784454e-01 -1.075065104053049049e-04
-2.561941547134690290e-03 7.034281074831813529e-02 2.024808454025056326e-01 9.079209276405275000e-07 3.017096908173776473e-02 5.542491487410357021e-01 -1.118383559026760052e-04
-2.606105969312913408e-03 7.118136370056984963e-02 2.045080248333306094e-01 7.896684109029777850e-07 2.986911416966270272e-02 5.512035546894061833e-01 -1.154277426849691925e-04
-2.650079387795116394e-03 7.201236721258018336e-02 2.065209439177091155e-01 9.383719234841284493e-07 2.956818842314867107e-02 5.481797793444620481e-01 -1.185578427948269389e-04
-2.693934229888356874e-03 7.283717246175699933e-02 2.085200029811655476e-01 9.157693386090309113e-07 2.926801146839166576e-02 5.451774677196592478e-01 -1.221106961201320049e-04
-2.737007222649519549e-03 7.365486614006495902e-02 2.105054633471404868e-01 8.797435729507429221e-07 2.896874507219841105e-02 5.421968159123405906e-01 -1.262148347267718154e-04
-2.779851995503206628e-03 7.446518019021544643e-02 2.124770818226702218e-01 9.097135441400063432e-07 2.867087922102604103e-02 5.392377093077073136e-01 -1.311232376809827493e-04
-2.821888315684347413e-03 7.526740180305388495e-02 2.144352228528342841e-01 8.994032787632260777e-07 2.837414795251032643e-02 5.363010722076139158e-01 -1.354430125900548505e-04
-2.863614557172950142e-03 7.606118507306383614e-02 2.163800217453167030e-01 7.860758946357568740e-07 2.807858549690910727e-02 5.333865186098392108e-01 -1.399922110320468965e-04
-2.904932468257840749e-03 7.684701439483691832e-02 2.183102132845712029e-01 8.302964763732814296e-07 2.778324410698075966e-02 5.304941725302303457e-01 -1.448566467777645484e-04
-2.945864591984099189e-03 7.762451217542083726e-02 2.202262874482205091e-01 8.701039320958886943e-07 2.748933436820064774e-02 5.276236397449044491e-01 -1.502818094762658227e-04
-2.986423745750566971e-03 7.839316642281048131e-02 2.221287205319819047e-01 8.924670233892396420e-07 2.719723812132106636e-02 5.247755897769689204e-01 -1.550836855948837406e-04
-3.026910702847047767e-03 7.915228819563059626e-02 2.240168759516991681e-01 8.266226785645104543e-07 2.690579304703056077e-02 5.219487471212261864e-01 -1.602761117062150465e-04
-3.067913590455433482e-03 7.990275225166465489e-02 2.258913780741920174e-01 7.851451961910253619e-07 2.661562271539364907e-02 5.191441158056324667e-01 -1.664115082579436698e-04
-3.108399145587048464e-03 8.064539799091829941e-02 2.277520965496697969e-01 9.418621818732347088e-07 2.632726865893345383e-02 5.163624260615737871e-01 -1.724792430765345001e-04
-3.148206477084628061e-03 8.137768446655364862e-02 2.295978153559765089e-01 9.191535744234263336e-07 2.603972176358483950e-02 5.136026338723344020e-01 -1.779768887066593343e-04
-3.186984306977573480e-03 8.209997587398534802e-02 2.314290731170542681e-01 9.446548734997697942e-07 2.575294185609441205e-02 5.108660459391600739e-01 -1.836781822793144710e-04
-3.224826492177688009e-03 8.281225610994909225e-02 2.332459463496251162e-01 1.045260252205929371e-06 2.546798366854746698e-02 5.081526021888103095e-01 -1.899152440234769083e-04
-3.261486966984329054e-03 8.351483820431231109e-02 2.350487197540520046e-01 8.621970523064304521e-07 2.518448928359699399e-02 5.054614688904740527e-01 -1.971201369407098939e-04
-3.301108935371322578e-03 8.420738952525098908e-02 2.368360728097269607e-01 7.945196281346963677e-07 2.490200678696133374e-02 5.027919997554747278e-01 -2.045093214017820228e-04
-3.338735442325927415e-03 8.489014592597081410e-02 2.386092114234859840e-01 8.574970436143317308e-07 2.462138238830979126e-02 5.001453329109929458e-01 -2.116639045413538293e-04
-3.376428146488178687e-03 8.556191144554790851e-02 2.403669210463360850e-01 6.317768798235287535e-07 2.434215734467557249e-02 4.975216827294214883e-01 -2.195348010520937598e-04
-3.412525010220703644e-03 8.622360837893532082e-02 2.421101280270137879e-01 9.163974913033528108e-07 2.406460574828983567e-02 4.949222203097469186e-01 -2.265759336089464638e-04
-3.447848120292567892e-03 8.687456378325700279e-02 2.438371255390893444e-01 9.248216200361949809e-07 2.378803877871826788e-02 4.923455301197384171e-01 -2.342139442607487363e-04
-3.483442996031811505e-03 8.751398324249373695e-02 2.455493988537919281e-01 8.539222429444248941e-07 2.351330778887768952e-02 4.897919881300235589e-01 -2.426804707405694640e-04
-3.519875041206024704e-03 8.814355797501262357e-02 2.472465564551868389e-01 9.825090441189665195e-07 2.324013188111285350e-02 4.872604463943949193e-01 -2.507111301387233981e-04
-3.554712737004455531e-03 8.876265440947873897e-02 2.489284206512753506e-01 8.599548378637588745e-07 2.296867639163056515e-02 4.847529831102921349e-01 -2.595050453779804427e-04
-3.588566800020532091e-03 8.937068176109541628e-02 2.505939358033759667e-01 6.886461282030476665e-07 2.269910376467643154e-02 4.822690824847598035e-01 -2.684791774414640986e-04
-3.621568723011991345e-03 8.996758438942530078e-02 2.522439962773337374e-01 7.807088738070731048e-07 2.243136220291661390e-02 4.798086511226364870e-01 -2.770431393247258932e-04
-3.656183086879582871e-03 9.055401269311466605e-02 2.538778209005287945e-01 8.781269870510685343e-07 2.216438353135078906e-02 4.773716559438759277e-01 -2.861898391861290142e-04
-3.689719717604094361e-03 9.112919461906829333e-02 2.554958961316415866e-01 9.167907696616759095e-07 2.189935427195373666e-02 4.749581553831141445e-01 -2.958007452648016202e-04
-3.722547557433837032e-03 9.169300381713942072e-02 2.570969422221825451e-01 8.932017944175285070e-07 2.163596638929834656e-02 4.725675708362641614e-01 -3.057362964203859325e-04
-3.755185241693258149e-03 9.224559923533627581e-02 2.586815416261136202e-01 8.472046216973883214e-07 2.137376996495721215e-02 4.702010912121505348e-01 -3.159548705406365027e-04
-3.787818043518189574e-03 9.278702468844460260e-02 2.602498359145974383e-01 8.536344121929955751e-07 2.111430683349877283e-02 4.678579640963651531e-01 -3.262421158665141621e-04
-3.819470138760447733e-03 9.331691772092598480e-02 2.618016466135897891e-01 9.167474208450898651e-07 2.085661001691141436e-02 4.655384298664527742e-01 -3.366950714640029292e-04
-3.851277433637850193e-03 9.383642173714087931e-02 2.633365067577492780e-01 9.105497100152401520e-07 2.060084573528556118e-02 4.632429353283213369e-01 -3.476176854661697084e-04
-3.882348105514581323e-03 9.434446793836175071e-02 2.648542319409408763e-01 8.538201720995012716e-07 2.034712234415581369e-02 4.609706535615479828e-01 -3.588586792067403148e-04
-3.913486515154250729e-03 9.484111104488396338e-02 2.663544444123771004e-01 8.115340883387445372e-07 2.009570998895193750e-02 4.587224609550952792e-01 -3.699925021483836153e-04
-3.943759725940601708e-03 9.532701573178685439e-02 2.678377962040306981e-01 7.906841630600620975e-07 1.984656427779743493e-02 4.564979976329211486e-01 -3.814820202386169255e-04
-3.973369063611302023e-03 9.580211582985921626e-02 2.693037058838592679e-01 7.743841703401371069e-07 1.959903989622453768e-02 4.542970039776902391e-01 -3.929539739855186786e-04
-4.003012048074065798e-03 9.626665916307045046e-02 2.707520012413212052e-01 9.774058429813553989e-07 1.935398500424307527e-02 4.521195837066788181e-01 -4.049565076944903336e-04
-4.031850123580935433e-03 9.671958835331399829e-02 2.721830970707873609e-01 8.907664306973053637e-07 1.911125151860416232e-02 4.499661960735186761e-01 -4.171287547183901681e-04
-4.061305588672068853e-03 9.716222437641176823e-02 2.735957313038540062e-01 8.552925674613251908e-07 1.887051977577323611e-02 4.478359199101955568e-01 -4.295234772033421772e-04
-4.090392331322159798e-03 9.759449374983086845e-02 2.749908911765313047e-01 8.572004190455757301e-07 1.863201967072708118e-02 4.457295989617890419e-01 -4.417285182123895679e-04
-4.118667093118027513e-03 9.801563812173799684e-02 2.763679914061782927e-01 7.706087015235923469e-07 1.839569984312732290e-02 4.436460566837799324e-01 -4.545334537132900490e-04
-4.146862943678418685e-03 9.842631639875690230e-02 2.777269764508087935e-01 6.482122610154275421e-07 1.816194663423493019e-02 4.415866002104540944e-01 -4.675744174055915963e-04
-4.175223747586834927e-03 9.882729375806176275e-02 2.790681758885917851e-01 7.540183462538988210e-07 1.793077673941727290e-02 4.395504784145411459e-01 -4.804189390794122482e-04
-4.203825198604082408e-03 9.921807840419782920e-02 2.803912863680726453e-01 8.066588308611352940e-07 1.770215920944936960e-02 4.375376470770845905e-01 -4.932770942104492025e-04
-4.229940663252352955e-03 9.960039695608104149e-02 2.816975186386462826e-01 8.429790624762374792e-07 1.747744705842649293e-02 4.355498858597148248e-01 -5.065627064916717031e-04
-4.255325412522034667e-03 9.997273233026547634e-02 2.829857538955322660e-01 8.747154901019267951e-07 1.725535641144356966e-02 4.335848829675277849e-01 -5.195821924122475798e-04
-4.280488746256343874e-03 1.003345449471993306e-01 2.842546335325914497e-01 8.174289877913353556e-07 1.703483017507617658e-02 4.316421387707145563e-01 -5.332424636157616273e-04
-4.306216550983661337e-03 1.006861394415550365e-01 2.855041942852641901e-01 7.736021034398343490e-07 1.681648331231421281e-02 4.297214159232706776e-01 -5.470716911883827813e-04
-4.334951941047700784e-03 1.010270600223728416e-01 2.867342165040486224e-01 9.491422184924895061e-07 1.659933808540812669e-02 4.278222240786700992e-01 -5.609447379082117087e-04
-4.360434266823204862e-03 1.013611698054042720e-01 2.879481817762082341e-01 7.066496854297712431e-07 1.638745941008215926e-02 4.259482222120651307e-01 -5.741988688268852671e-04
-4.384229489795934617e-03 1.016867489617358095e-01 2.891448122199993254e-01 7.577649360444164380e-07 1.617883057649208145e-02 4.240971664821261422e-01 -5.881382926466597119e-04
-4.407392719094917720e-03 1.020029382601087276e-01 2.903223036137039803e-01 9.586610971229566179e-07 1.597248670840720544e-02 4.222678743729674777e-01 -6.021101702251552539e-04
-4.430553922426881674e-03 1.023094737238220281e-01 2.914801317059913521e-01 9.233893529698610267e-07 1.576793205760333716e-02 4.204594506178817026e-01 -6.162517012513642201e-04
-4.456196511648143933e-03 1.026063373353138797e-01 2.926185039929055653e-01 7.040011218729902661e-07 1.556512762560556540e-02 4.186715655434111172e-01 -6.305418419314814341e-04
-4.480828687581748550e-03 1.028945176339114836e-01 2.937383772593750164e-01 6.644215051612741432e-07 1.536490465077424740e-02 4.169056133682614851e-01 -6.448486598614048323e-04
-4.503393821173996489e-03 1.031758028493262869e-01 2.948407159073194173e-01 7.087040515489548178e-07 1.516871590801383875e-02 4.151619547259045584e-01 -6.590722895230478103e-04
-4.526905256846748202e-03 1.034481496020283608e-01 2.959241524633374198e-01 1.019816150476821415e-06 1.497467867740596113e-02 4.134392640001997021e-01 -6.732397953937148231e-04
-4.551229990567211107e-03 1.037120950294132815e-01 2.969886259055509736e-01 7.818606825540523773e-07 1.478273626952734780e-02 4.117367345899408670e-01 -6.875825208190833402e-04
-4.573593915016462702e-03 1.039696416419284841e-01 2.980357100558100880e-01 7.138699539204057080e-07 1.459483920742078548e-02 4.100565598174004123e-01 -7.017715013772175348e-04
-4.595437982404271607e-03 1.042190458376936468e-01 2.990643424268571993e-01 6.554502667476685925e-07 1.440950735874584054e-02 4.083963350488983846e-01 -7.164179603465308226e-04
-4.618218816898382595e-03 1.044607596688665041e-01 3.000742709094568750e-01 9.411115136569684124e-07 1.422673592659792416e-02 4.067561347477305911e-01 -7.308022583306523481e-04
-4.640388288935878326e-03 1.046953812423419561e-01 3.010658869540669413e-01 7.187269605472465614e-07 1.404667141578145109e-02 4.051362466340693858e-01 -7.448706220241295937e-04
-4.661286741817847329e-03 1.049231996195033739e-01 3.020396090856069526e-01 6.679511397875363982e-07 1.386976555686410609e-02 4.035363525234962334e-01 -7.593860435945750222e-04
-4.683205774171424196e-03 1.051439563861061993e-01 3.029950360125878706e-01 7.076010023962364459e-07 1.369541331353211350e-02 4.019557720340491969e-01 -7.736208712423649648e-04
-4.704392771209453886e-03 1.053586043321722288e-01 3.039329029097975754e-01 7.600500944218388752e-07 1.352440249648035643e-02 4.003952255248108827e-01 -7.875464166530613073e-04
-4.724969498076913785e-03 1.055667549210589085e-01 3.048530974332108734e-01 9.479830041530908693e-07 1.335628986204255575e-02 3.988537911223999921e-01 -8.019080786445815633e-04
-4.746598438115836455e-03 1.057680025400369456e-01 3.057549253662358857e-01 8.694690134767425774e-07 1.319045620197408300e-02 3.973309840761454215e-01 -8.163172591831640776e-04
-4.766706616995786822e-03 1.059643387868572789e-01 3.066398929546964025e-01 8.478608877808095405e-07 1.302830687572476172e-02 3.958273544124303878e-01 -8.302203204819046892e-04
-4.786830216926077526e-03 1.061540210734911727e-01 3.075066431502687103e-01 6.468549183358097569e-07 1.286884315690608495e-02 3.943419930888965030e-01 -8.444791938940995370e-04
-4.807250441043011031e-03 1.063381968985265547e-01 3.083560840958833871e-01 6.338629613880559492e-07 1.271180253357832510e-02 3.928745753737901691e-01 -8.585101708534331180e-04
-4.826621310705019562e-03 1.065172536100852801e-01 3.091886033142372536e-01 8.159928353985037530e-07 1.255814728003113064e-02 3.914255485621649933e-01 -8.721136853110584338e-04
-4.846629007787282839e-03 1.066905166186138676e-01 3.100039322677390352e-01 6.733715279503048264e-07 1.240696469268834888e-02 3.899939089351588950e-01 -8.862847052434074963e-04
-4.865799706908883505e-03 1.068587046549365482e-01 3.108022532706163354e-01 6.153834291596475985e-07 1.225887826506118737e-02 3.885797204684889317e-01 -9.001204638581105809e-04
-4.885019356824242022e-03 1.070219987641873732e-01 3.115840221036779711e-01 7.861198466729533547e-07 1.211389162666265396e-02 3.871826880893346479e-01 -9.136271359442350078e-04
-4.903780403250218752e-03 1.071806246286311076e-01 3.123489164216425862e-01 6.149298945040515728e-07 1.197151880215951286e-02 3.858027773182465259e-01 -9.272630473738111478e-04
-4.922640827411375354e-03 1.073340451376894322e-01 3.130967924152787130e-01 7.405344134271289053e-07 1.183191671243004860e-02 3.844390064569569443e-01 -9.408137447861508089e-04
-4.941344322786198236e-03 1.074834305391573069e-01 3.138290464420918080e-01 9.639419687836329346e-07 1.169503160573440691e-02 3.830918973762156843e-01 -9.543204292987899143e-04
-4.959413244794830429e-03 1.076281097223488331e-01 3.145445412832363896e-01 6.377657314929602035e-07 1.156129237640082970e-02 3.817605448587667039e-01 -9.675936671305283279e-04
-4.977966248497900544e-03 1.077683882164318513e-01 3.152440359630119815e-01 8.215755179924199248e-07 1.143013608808582729e-02 3.804454380661718149e-01 -9.807832280538724898e-04
-4.995911446315565684e-03 1.079046035006712423e-01 3.159276718163581688e-01 7.112693496377883436e-07 1.130162812832564631e-02 3.791452541095048923e-01 -9.942214567261486481e-04
-5.013982836343219666e-03 1.080366755990035121e-01 3.165954052654096351e-01 7.684193012246724719e-07 1.117586826786346431e-02 3.778608956676290376e-01 -1.007190703902965034e-03
-5.031674070598714243e-03 1.081651276168721226e-01 3.172474759402048594e-01 9.225359719204205142e-07 1.105284276528778475e-02 3.765909729075936907e-01 -1.020213329975175722e-03
-5.049208020891970787e-03 1.082892422409866134e-01 3.178839654916262303e-01 7.031005746900407444e-07 1.093264521201875623e-02 3.753360106134473462e-01 -1.033283366345096911e-03
-5.066420083458928435e-03 1.084103947797994405e-01 3.185058218152529430e-01 1.021978930336731522e-06 1.081492307498794873e-02 3.740959723405453685e-01 -1.045703819568666012e-03
-5.083889397598065872e-03 1.085278386352701019e-01 3.191119845591346982e-01 6.664973160914220632e-07 1.069892836394030315e-02 3.728694043549816151e-01 -1.058335751249079746e-03
-5.100864060380233024e-03 1.086422610646820830e-01 3.197038683243523804e-01 7.940288082891197023e-07 1.058594826563465791e-02 3.716574210741884210e-01 -1.071039129963353423e-03
-5.117746260215158723e-03 1.087529298962219559e-01 3.202806225568888832e-01 7.749501891527641241e-07 1.047654779987414707e-02 3.704595117361669798e-01 -1.083185660711435613e-03
-5.134661164467272700e-03 1.088608509794529861e-01 3.208435193051876744e-01 5.980333826020173398e-07 1.036965541600945624e-02 3.692743986467401096e-01 -1.095717936915348864e-03
-5.151045578756378689e-03 1.089656013767496545e-01 3.213920374271682645e-01 7.444635062542271947e-07 1.026582464882316338e-02 3.681031739233715516e-01 -1.107672672372217015e-03
-5.167374063825278148e-03 1.090676461236361611e-01 3.219265240924673588e-01 7.457202690644617017e-07 1.016444948393964778e-02 3.669446038134521193e-01 -1.119135691805822966e-03
-5.183741658872222796e-03 1.091669894154902176e-01 3.224469747618435300e-01 5.435747947442282565e-07 1.006536439383256577e-02 3.657990762461286183e-01 -1.131179103646829135e-03
-5.199820345376744528e-03 1.092632328389182561e-01 3.229537736485450505e-01 4.976561891209247697e-07 9.969369626838916337e-03 3.646659017838328465e-01 -1.142654358725501886e-03
-5.215639938598769232e-03 1.093570784318553257e-01 3.234474426268652003e-01 6.657246389196310271e-07 9.875991501950660487e-03 3.635453885000886065e-01 -1.154081314926218944e-03
-5.231380130835709338e-03 1.094487278104983169e-01 3.239276989650372585e-01 5.576083376821855433e-07 9.785319416181327903e-03 3.624372167503676634e-01 -1.165178836728580740e-03
-5.247149550738695531e-03 1.095373358162108623e-01 3.243944897194467325e-01 4.799672653647145010e-07 9.696745561513567951e-03 3.613402399549937027e-01 -1.176577626761345996e-03
-5.262777944024478981e-03 1.096237343784806501e-01 3.248483445100183720e-01 6.032763879004767120e-07 9.610641878879479238e-03 3.602552316637867569e-01 -1.187480999328268446e-03
-5.277808784220963494e-03 1.097078171165529192e-01 3.252898919179795234e-01 4.434873642588368868e-07 9.527521666936317538e-03 3.591816931222215903e-01 -1.198567388880477941e-03
-5.292933725208568210e-03 1.097893469969203895e-01 3.257189506674617596e-01 5.228793686696040207e-07 9.446551199587741379e-03 3.581196087526478666e-01 -1.209319452816053899e-03
-5.308070063147180863e-03 1.098690315199870732e-01 3.261352222095430520e-01 3.286218927563809085e-07 9.368131031455654081e-03 3.570682388983727473e-01 -1.219913629868283386e-03
-5.322739299117102557e-03 1.099469445062005446e-01 3.265389013295120768e-01 5.890499683802469472e-07 9.292391130459858734e-03 3.560278728457878517e-01 -1.230197250812332639e-03
-5.337430630585278217e-03 1.100228105620582458e-01 3.269305161205953714e-01 5.353926829538184105e-07 9.218763221647552353e-03 3.549976723190835237e-01 -1.240704865563519756e-03
-5.351949023111135344e-03 1.100965929779644109e-01 3.273102295414884733e-01 3.719714600898485604e-07 9.147241483573551393e-03 3.539778692408659944e-01 -1.250792159811005061e-03
-5.366111605959793425e-03 1.101686116413312655e-01 3.276782913545646103e-01 3.848929027946857745e-07 9.078285657674193057e-03 3.529690882590443279e-01 -1.261022478244232725e-03
-5.380156647578252828e-03 1.102390248802690570e-01 3.280355618949585272e-01 4.230220512695410385e-07 9.011504684916387536e-03 3.519701282018469768e-01 -1.270699909788593771e-03
-5.394376059490822196e-03 1.103073994028907906e-01 3.283810630279626053e-01 4.511993370661895838e-07 8.946380264290974826e-03 3.509814282404541963e-01 -1.280443316682125434e-03
-5.408165854579441434e-03 1.103745571645428358e-01 3.287159456505263644e-01 5.754637935707520690e-07 8.883935350778957019e-03 3.500025404718873911e-01 -1.289823702287634568e-03
-5.422153139868193285e-03 1.104396502163951105e-01 3.290395636524621747e-01 5.052405714379206360e-07 8.824149782501166175e-03 3.490328950550903864e-01 -1.299296195522958199e-03
-5.435744875729534194e-03 1.105028869045301954e-01 3.293515423082821192e-01 3.443976513301171573e-07 8.767476652222666242e-03 3.480721943928593021e-01 -1.308506791036895787e-03
-5.449236513770343640e-03 1.105644019304811154e-01 3.296524213391653357e-01 2.917001254460150202e-07 8.713090527432602525e-03 3.471206847587540167e-01 -1.317102784059061499e-03
-5.462956935824029095e-03 1.106242642934678194e-01 3.299437394227903719e-01 8.670398721740721785e-08 8.660061735629711807e-03 3.461784458899677119e-01 -1.326220262828726581e-03
-5.476676708817544356e-03 1.106824990717476948e-01 3.302240955999136696e-01 2.853576127506550722e-08 8.609376587751033788e-03 3.452448472657649314e-01 -1.335232796715507368e-03
-5.490712629548749092e-03 1.107392740435125117e-01 3.304947054014455432e-01 -6.795544689758336260e-08 8.560974150370539645e-03 3.443200710060934644e-01 -1.343641495050788143e-03
-5.504105369832167083e-03 1.107951689784123506e-01 3.307556842451465084e-01 1.208170380866335055e-08 8.514847726877059278e-03 3.434046299706524641e-01 -1.351323961917267171e-03
-5.517185822789896950e-03 1.108493068049407199e-01 3.310060484481793242e-01 -6.822267399035211952e-08 8.469988524929923657e-03 3.424965512058910644e-01 -1.359514973474532139e-03
-5.529940700558051356e-03 1.109010904335490377e-01 3.312450518473376571e-01 -9.822684924401152253e-08 8.427060687121023380e-03 3.415958095313879062e-01 -1.367688328970221223e-03
-5.542692987306410343e-03 1.109515964966769491e-01 3.314747618534761298e-01 8.140255375168793840e-08 8.386262854045496012e-03 3.407036400597925896e-01 -1.375760694709350770e-03
-5.555321864624595228e-03 1.110007912932209212e-01 3.316963582018399026e-01 -1.282500864679018682e-07 8.346876586664430178e-03 3.398200341712902528e-01 -1.383484359481446276e-03
-5.568647066198808941e-03 1.110478281277821611e-01 3.319085640901364154e-01 -1.417222986173362061e-08 8.308864685907649261e-03 3.389426646306750723e-01 -1.391585430871443430e-03
-5.581414472180627750e-03 1.110932578645013741e-01 3.321120294216977631e-01 -1.871340201613038787e-07 8.272178206732601347e-03 3.380719050939792747e-01 -1.399261725476397657e-03
-5.593708756604131964e-03 1.111380905462806129e-01 3.323072318174022377e-01 -3.236888991293817798e-07 8.238016566976579316e-03 3.372087900238948110e-01 -1.407208928981413133e-03
-5.606440699870880728e-03 1.111820993259363677e-01 3.324939186932271973e-01 -2.839192283906182129e-07 8.206378865059222455e-03 3.363540227569049579e-01 -1.414575119944358429e-03
