1.702434883433662227e-04 4.454315367430987382e-02 9.655778039518778666e-01 3.544743278824659542e-14 1.896361695192244692e-09 1.946319534588303495e-08 0.000000000000000000e+00
4.660016759587967076e-04 1.105551445491106816e-01 9.167094217535052270e-01 2.156133178994505280e-15 2.666987754399810298e-09 3.225955451396749682e-07 1.940519861530876736e-15
7.533113263638283215e-04 1.636616560948784271e-01 8.823279950607603173e-01 1.395309976392620324e-15 1.811404450306327999e-08 1.255976617263449386e-06 1.943467469302327931e-15
1.019364174223525614e-03 2.046836993351695277e-01 8.620176866268396410e-01 1.879595097675118945e-15 6.181592770110257971e-08 2.907995809747968511e-06 5.023342656330258126e-15
1.279319389403454693e-03 2.388815212796183973e-01 8.512170740888116427e-01 3.216678721940180000e-15 1.648170509529582906e-07 5.249999576153525434e-06 1.559722891483244183e-14
1.549486121826907162e-03 2.700326564695497700e-01 8.465291490608616298e-01 1.726349904578101761e-15 3.666571920831186621e-07 8.248665177092702355e-06 4.296331173728471637e-14
1.842989539228323407e-03 3.003166457699925074e-01 8.459870091383360213e-01 2.656504887974590380e-14 6.962463318253541276e-07 1.189825170776903171e-05 1.036176211000104448e-13
2.169091803209913672e-03 3.309235515575289499e-01 8.483839964209395346e-01 3.313673535364858323e-14 1.313861285677622642e-06 1.618159029441854942e-05 2.386265716068849890e-13
2.538625862489915074e-03 3.627509589804282508e-01 8.530355783115796120e-01 7.268167499595022226e-14 2.205433363228322912e-06 2.117293362679715962e-05 5.116273642599102630e-13
2.956859140126281722e-03 3.961485015810943255e-01 8.595603107327290937e-01 6.694775461416552008e-14 3.534897160211944263e-06 2.686157548762370016e-05 1.054527835785915279e-12
3.431025935076959313e-03 4.313313261337118343e-01 8.675882240543599799e-01 1.144400001328685517e-13 5.419545473070560011e-06 3.327795573877748039e-05 2.093877950285034795e-12
3.967468435268312749e-03 4.684654869768573593e-01 8.768657227676125432e-01 1.514024930204956568e-13 8.108277242161480237e-06 4.056111053201117659e-05 4.057526662564335174e-12
4.567961644387717388e-03 5.075437830268449968e-01 8.871540941937147151e-01 9.659460473716258342e-14 1.192793832198101679e-05 4.874275085565660340e-05 7.670904069687154927e-12
5.240457026539344955e-03 5.487560925045930071e-01 8.983864728720692971e-01 1.004522585367369220e-13 1.725675452141362586e-05 5.786663858483779123e-05 1.417254114290232462e-11
5.989619174722587806e-03 5.919375370819321969e-01 9.103851506098846746e-01 1.381565481203141163e-13 2.454390794119837901e-05 6.804723824950419868e-05 2.576980613721705276e-11
6.819624536988084032e-03 6.369124737447130480e-01 9.230070195071068406e-01 9.135066458483242346e-14 3.440391189967601220e-05 7.937286330339433265e-05 4.653115399595318080e-11
7.731928049900051864e-03 6.834119161934060216e-01 9.360325417367999501e-01 7.367736223664075551e-14 4.751035829994324026e-05 9.198347585537335145e-05 8.307462841535421709e-11
8.727683766140127003e-03 7.311625642552948001e-01 9.493026357041061125e-01 7.118083498089943131e-14 6.469481660724440454e-05 1.059110809918325537e-04 1.466096981868338552e-10
9.804376838797073529e-03 7.798130630687627463e-01 9.626702555949209206e-01 5.880387213198815151e-14 8.710179441692588343e-05 1.213720219138799474e-04 2.559513908844021950e-10
1.096073100586502508e-02 8.290244779355646632e-01 9.760075412647754023e-01 1.313163862371000051e-13 1.156302802714141931e-04 1.383654778566566093e-04 4.434502618321582427e-10
1.218421141984967447e-02 8.782170220258422866e-01 9.890270186974219335e-01 7.266558171539085752e-14 1.521587424742715201e-04 1.569073916048300459e-04 7.608312507505877548e-10
1.346185710155779237e-02 9.266805765964685193e-01 1.001476377289254094e+00 4.529839869033167150e-14 1.974507734517714087e-04 1.765930091042952068e-04 1.300435115191740634e-09
1.478060366916561855e-02 9.738462484549116338e-01 1.013312107077520174e+00 2.899881165982026480e-14 2.528228708504870860e-04 1.975679853053339868e-04 2.205553100397856767e-09
1.610907309011021943e-02 1.019123710654428416e+00 1.024479078361807849e+00 4.175257904244891603e-14 3.189790068994189124e-04 2.192517842434253596e-04 3.699416896170266958e-09
1.741235200860136861e-02 1.061706694988531430e+00 1.034797362138810239e+00 3.856025443532033843e-14 3.962130223869415532e-04 2.409148040567794411e-04 6.186621200058122108e-09
1.865726746872331879e-02 1.100715786353295478e+00 1.044204223679695565e+00 2.636057554751516358e-14 4.849752055442099730e-04 2.617170094799199567e-04 1.030434519889314302e-08
1.978056157723182690e-02 1.135418963098236089e+00 1.052708732630168287e+00 2.740006553955806075e-14 5.820116016521069413e-04 2.804539966086265230e-04 1.701421416631260780e-08
2.072279381932089562e-02 1.164877416238102370e+00 1.060254359728564078e+00 4.402647255367073586e-14 6.843893507726320604e-04 2.962436892622762313e-04 2.802399159439766186e-08
2.144641786283831703e-02 1.188132665680515121e+00 1.066666358917784274e+00 6.802061043943626800e-14 7.876716822590155466e-04 3.114149139848417327e-04 4.671953782122780937e-08
2.191943481383836281e-02 1.204105080097912728e+00 1.072270276388749277e+00 6.783583362122482354e-14 8.878662519665145606e-04 3.223896981694534224e-04 7.662563939579540281e-08
2.209524963626644314e-02 1.212296821251809709e+00 1.077042643316529658e+00 3.640466892180326046e-14 9.748683465597084933e-04 3.326774063282119352e-04 1.270441965034684220e-07
2.194949836762825901e-02 1.211724835422490543e+00 1.080338781895797462e+00 7.082165582790871860e-14 1.047579879308352131e-03 3.365615200802675130e-04 2.064897662275393238e-07
2.149161123336914073e-02 1.201608335680649953e+00 1.081549212220911826e+00 7.153159507250548918e-14 1.104593162167769949e-03 3.293817279171219335e-04 3.324449711572630593e-07
2.077346658693876580e-02 1.181331400543438548e+00 1.079906008593688904e+00 2.912403435558526227e-14 1.148401097123819903e-03 3.142042217456647471e-04 5.258336671802289757e-07
1.982540569061423327e-02 1.151287762693875338e+00 1.074432484167975765e+00 3.086954375209619946e-14 1.180355969642903199e-03 2.961688216293640197e-04 8.242656334307645836e-07
1.871189645171806443e-02 1.112546598565652411e+00 1.064637321421370464e+00 2.880011571670793737e-14 1.211497290009433316e-03 2.802188274436447362e-04 1.271705936207571325e-06
1.749259484407749560e-02 1.066919380840916309e+00 1.050456608981309437e+00 3.023082378745269807e-14 1.244223141442577082e-03 2.675116231649562223e-04 1.927832200797633044e-06
1.620769922454336903e-02 1.017277789274626532e+00 1.032488794409485822e+00 2.481901657086008298e-14 1.281816865504748024e-03 2.577467608202661581e-04 2.863833644423436508e-06
1.489720876298404086e-02 9.665434728518755847e-01 1.012014107402511964e+00 2.614240557937520514e-14 1.324092914816785713e-03 2.510773152149257709e-04 4.157583802725389822e-06
1.362120908895466699e-02 9.172886315544365177e-01 9.904928445542743320e-01 2.731156897965551466e-14 1.371835200725626943e-03 2.454138398278087399e-04 5.897122474296673967e-06
1.241361973838019106e-02 8.713228352730209014e-01 9.694185446067880019e-01 3.450289106990200125e-14 1.422518289236417155e-03 2.400663932608598729e-04 8.166739197991094488e-06
1.132076898604330271e-02 8.296175097603395443e-01 9.498893514448929487e-01 1.878328081418781726e-14 1.474497054462834376e-03 2.343137395110930050e-04 1.107796535632078469e-05
1.035521152639135023e-02 7.924194552457165530e-01 9.325240354585634384e-01 1.998424691352924480e-14 1.528047130399654008e-03 2.276361211780612652e-04 1.475274749536494947e-05
9.523144795195627108e-03 7.595032172685063365e-01 9.175397900586266253e-01 1.934394381946698821e-14 1.583685441491409010e-03 2.201451311743015781e-04 1.934831418805600932e-05
8.811238914831136942e-03 7.303953682113223378e-01 9.048735069327432656e-01 2.421924392002476428e-14 1.643272731905569013e-03 2.122645955428625962e-04 2.500315047012315167e-05
8.204491320025316531e-03 7.044727313060250573e-01 8.942387551750686780e-01 2.539505262696487056e-14 1.708313626891419350e-03 2.042305145105715323e-04 3.188951589941329656e-05
7.683810698727366884e-03 6.812026077168329419e-01 8.853808019489446401e-01 2.925851980370475077e-14 1.779852697101214380e-03 1.964887952957903574e-04 4.023571517852441738e-05
7.235722018890939147e-03 6.600710292587945727e-01 8.779882848915590010e-01 3.185268369336236425e-14 1.858639369205285306e-03 1.894979599862436882e-04 5.018171249475419471e-05
6.844193346899243857e-03 6.406980859750445179e-01 8.717973794809135146e-01 3.378042898247593533e-14 1.944686546087723809e-03 1.830074638492243345e-04 6.195886087864314407e-05
6.503173000104495519e-03 6.227633094840693273e-01 8.665861726955651489e-01 3.397788715125951516e-14 2.039096197689099690e-03 1.772083427081388193e-04 7.580754924731966443e-05
6.202264207714855600e-03 6.060281265630648173e-01 8.621402980798882343e-01 3.354861508101682566e-14 2.142205951033456738e-03 1.721802900147036803e-04 9.193375259913397549e-05
5.935155772029025029e-03 5.903031478112986674e-01 8.583034225349835955e-01 3.717351285647274684e-14 2.254076097107902705e-03 1.675236522456531737e-04 1.106098914969822584e-04
5.695726448930992988e-03 5.754301063612832223e-01 8.549399982143244259e-01 4.092442756532668102e-14 2.375372556253947578e-03 1.636958525915280281e-04 1.320534244442015510e-04
5.478745882031636240e-03 5.613075885749749805e-01 8.519483063882320462e-01 3.693177268564210014e-14 2.505836211622464779e-03 1.600074754480612801e-04 1.565164117958818893e-04
5.280629973323138458e-03 5.478399524684820499e-01 8.492462391003661182e-01 4.597665913159327547e-14 2.645558467998387116e-03 1.568910531329040952e-04 1.842363820573247174e-04
5.099424258133613413e-03 5.349597968279146132e-01 8.467848787296581303e-01 5.215866916285177805e-14 2.794635183501218301e-03 1.539425339040784841e-04 2.154754353535228372e-04
4.931358572341020333e-03 5.226234582046183075e-01 8.445045332842336938e-01 5.237211583830979242e-14 2.952418714323226494e-03 1.511386980794691916e-04 2.504640636028075294e-04
4.776285855638585931e-03 5.107894611467396206e-01 8.423817821158232633e-01 5.943398568119324443e-14 3.119795171923783229e-03 1.485653628818023775e-04 2.894724312463540388e-04
4.632251980602991592e-03 4.994158614879203317e-01 8.403801598546565277e-01 6.171576112604491551e-14 3.296393668158431253e-03 1.461374878439507426e-04 3.327946615622951517e-04
4.498488995105869373e-03 4.884721460249983327e-01 8.384889934251025245e-01 6.827098648476790814e-14 3.482632637702494805e-03 1.438187358819024628e-04 3.806981824877685009e-04
4.373683323537462184e-03 4.779359681950442473e-01 8.366883014124255613e-01 8.208608973159297118e-14 3.678931564411644459e-03 1.416129065143097155e-04 4.334398685820237238e-04
4.256615988679115191e-03 4.677725797080450332e-01 8.349573527732108147e-01 8.095194761176819026e-14 3.885774563173898400e-03 1.394965119082649575e-04 4.911505756553111645e-04
4.147400243373538208e-03 4.579537938312438494e-01 8.332875489315753059e-01 8.867125896614550700e-14 4.103869780064680825e-03 1.375134562100732954e-04 5.540802808022298647e-04
4.044571026088468468e-03 4.484616383506971338e-01 8.316747783222055990e-01 1.008230324968098715e-13 4.332992946293444565e-03 1.355705699942693992e-04 6.223972240122555878e-04
3.947203736084498732e-03 4.392661600030658420e-01 8.301155264782084098e-01 1.041021162603524633e-13 4.573087726661456687e-03 1.337151778899597237e-04 6.963382056906141857e-04
3.855451838643243583e-03 4.303532575955064665e-01 8.286030153349676075e-01 1.128458722741558266e-13 4.825209804599840321e-03 1.318730262670186600e-04 7.760186672767418461e-04
3.768603674643531722e-03 4.217023377315284871e-01 8.271306154800553978e-01 1.294778948270547307e-13 5.090412270463167375e-03 1.300852779310844229e-04 8.618359946353139215e-04
3.686954732999507978e-03 4.132972958275429320e-01 8.256961206910131690e-01 1.393855252367684005e-13 5.368728748636227358e-03 1.283925055200107936e-04 9.540271955928521144e-04
3.609662347386184082e-03 4.051171611545832940e-01 8.243069363058451726e-01 1.464016100334643759e-13 5.659565226649104080e-03 1.267581084235449987e-04 1.052690930696932071e-03
3.536205350381076747e-03 3.971493871443249613e-01 8.229515616257863098e-01 1.598174542243541478e-13 5.964175258240704373e-03 1.250596254037498209e-04 1.158074627536351481e-03
3.466967789995372123e-03 3.893870893693459068e-01 8.216372691166241582e-01 1.716008972478810785e-13 6.283674015913796700e-03 1.233908993339728213e-04 1.270386990204538458e-03
3.400985456239511914e-03 3.818152286650819405e-01 8.203606370024332239e-01 1.759344270583295168e-13 6.618200446485172916e-03 1.218407044459873817e-04 1.389879738121279273e-03
3.338252510142337981e-03 3.744205091383229766e-01 8.191160063516464973e-01 1.694490876392683853e-13 6.968749061882566556e-03 1.202217193311322027e-04 1.516678379368586495e-03
3.278675507960506549e-03 3.671990855400090181e-01 8.179140282580865673e-01 2.049746839342966197e-13 7.334550217211148818e-03 1.186294590786442183e-04 1.651067166089589333e-03
3.221497969819672735e-03 3.601295494790730523e-01 8.167555203716424517e-01 2.147926428938905308e-13 7.717538708484656708e-03 1.171269672373288214e-04 1.792863563319893128e-03
3.166925657395144086e-03 3.532066103357818232e-01 8.156296285446592575e-01 2.308039547592259567e-13 8.117908951174238399e-03 1.156078147450005845e-04 1.942517462867626547e-03
3.115125474940424501e-03 3.464322205462683768e-01 8.145475148064788007e-01 2.397386903576741968e-13 8.536331770021570245e-03 1.140571244731687742e-04 2.100049953435064506e-03
3.065478306648740641e-03 3.397977676945468373e-01 8.135060138578715794e-01 2.424396534175505451e-13 8.974126935183276976e-03 1.125396115476083716e-04 2.265591467489080826e-03
3.017841968717276807e-03 3.332986662390738375e-01 8.125042775482594903e-01 2.524284852363102939e-13 9.431079639062891345e-03 1.110376983966800883e-04 2.439535656650455853e-03
2.972198916916016318e-03 3.269343436095741295e-01 8.115458524178348343e-01 2.751137546137297394e-13 9.907959137696310120e-03 1.096070875011719264e-04 2.621619615753963822e-03
2.928775291933653248e-03 3.206856181926415750e-01 8.106211709462114445e-01 2.874259493716694392e-13 1.040532253841052780e-02 1.081772275935426631e-04 2.812248237294615212e-03
2.886845314235849443e-03 3.145526490586491586e-01 8.097342464351602320e-01 2.984299266232841735e-13 1.092477521116309164e-02 1.068032187306690620e-04 3.011682373999675314e-03
2.846767372886294372e-03 3.085320604829406288e-01 8.088940804213018421e-01 3.206829602170426456e-13 1.146721045243132703e-02 1.055116257054847527e-04 3.219501533241712118e-03
2.809183138214787524e-03 3.026293034312310670e-01 8.080916323086643205e-01 3.614104068287739470e-13 1.203247353427403139e-02 1.042115122941770323e-04 3.436418525434422212e-03
2.773734411453625866e-03 2.968492878901389798e-01 8.073165696549525761e-01 3.821607718652268092e-13 1.262207446525968543e-02 1.029191944682422043e-04 3.661851469885813240e-03
2.739573825884428909e-03 2.911864295145815129e-01 8.065791091306138139e-01 4.066342907733020717e-13 1.323798332102000055e-02 1.016176990729687020e-04 3.896300953632306479e-03
2.704928747734140770e-03 2.856149756965988273e-01 8.058988101665425230e-01 4.271561849487289570e-13 1.387917061180123438e-02 1.003774377552190956e-04 4.140764562403179486e-03
2.670489489555056932e-03 2.801437120793719426e-01 8.052608087489280253e-01 4.985391929492991163e-13 1.454615445583260988e-02 9.916152843945122246e-05 4.395394614816144560e-03
2.637815208608933464e-03 2.747655418632042323e-01 8.046770590217707797e-01 5.216559239594132426e-13 1.524089456843150635e-02 9.802959357310247340e-05 4.659062198841554606e-03
2.608159148921994613e-03 2.695011018560174443e-01 8.041086978470809443e-01 5.438493955855465993e-13 1.596425728178203426e-02 9.693424113905984164e-05 4.931898507285605547e-03
2.578851334418022414e-03 2.643472893600394280e-01 8.035707489391816782e-01 5.974107681107190530e-13 1.671640483226624965e-02 9.578597252834814176e-05 5.214855912013391034e-03
2.550211985861093860e-03 2.592856136164979897e-01 8.030561995582771173e-01 6.637311994296101225e-13 1.750020904106989669e-02 9.470237836562899142e-05 5.507785664751569180e-03
2.522042091342401038e-03 2.543225460609822575e-01 8.025851634241176757e-01 7.833584677261808559e-13 1.831557507778866500e-02 9.366281037975330464e-05 5.812431602262245131e-03
2.493962660112335195e-03 2.494693374238746986e-01 8.021419911251546075e-01 8.761930820119967074e-13 1.917136966250830230e-02 9.269829671498317609e-05 6.125905608540823701e-03
2.465912280942033751e-03 2.446964003310184432e-01 8.017337373713917525e-01 8.484172401322604202e-13 2.005716458435970878e-02 9.174121912262454685e-05 6.448556827357516952e-03
2.441571624830704990e-03 2.400300360432472135e-01 8.013388226921484003e-01 9.430548676930997484e-13 2.097381844966969902e-02 9.087947368777548186e-05 6.784381948830663263e-03
2.417889917961511381e-03 2.354729912182467744e-01 8.009846708230794476e-01 1.020421635221495605e-12 2.192408231620216266e-02 9.002088753870252081e-05 7.132497785233544649e-03
2.394059753538665958e-03 2.309991172052688613e-01 8.006303523474059824e-01 1.155595343569261825e-12 2.291484916961317869e-02 8.910062729970737454e-05 7.490194492670102996e-03
2.370546475606373580e-03 2.266190887382726060e-01 8.002939763901685266e-01 1.514010565991624937e-12 2.393737735758725074e-02 8.824847537159847557e-05 7.861752530414049117e-03
2.347287353328749923e-03 2.223381344860959064e-01 7.999643199112497216e-01 1.649700398233253846e-12 2.499768590735894358e-02 8.747992262755421107e-05 8.242031307395774123e-03
2.323706241412074394e-03 2.181460725199223238e-01 7.996692678334470505e-01 1.908961211951732603e-12 2.610309885944986710e-02 8.669382720845206442e-05 8.632510995259894820e-03
2.301295467728859193e-03 2.140583081824526668e-01 7.993852121962590207e-01 1.870830691210711639e-12 2.725051690172138746e-02 8.597160227224346447e-05 9.038319438779331833e-03
2.281288667277464426e-03 2.100684152870505028e-01 7.991184594593273571e-01 2.111978275169065809e-12 2.844012794762479715e-02 8.539552775297909969e-05 9.458213981665060041e-03
2.261559515221747436e-03 2.061843168501123758e-01 7.988700700684683298e-01 2.213014789984329549e-12 2.967380116250288927e-02 8.478875726589059402e-05 9.891797240080404258e-03
2.241286817444881636e-03 2.023915013675400831e-01 7.986011692458558908e-01 2.529484250357587868e-12 3.094394921311534666e-02 8.398829029141762262e-05 1.034046544754471143e-02
2.219942575319051870e-03 1.986930883134717940e-01 7.983184608251251424e-01 3.089882279033058277e-12 3.225663566876629806e-02 8.331588698879060053e-05 1.080130703507649337e-02
2.198082808243556358e-03 1.950805413966966717e-01 7.980692966443178049e-01 3.365348764736339015e-12 3.361562593058705500e-02 8.272629887865884911e-05 1.127680784657422546e-02
2.177207121419997768e-03 1.915570863388272038e-01 7.978138338421504328e-01 4.032116534141642280e-12 3.502270219904565773e-02 8.220167891322752434e-05 1.176637734492636499e-02
2.156903977253120386e-03 1.881298085903156669e-01 7.975189247217654431e-01 4.576754824134730527e-12 3.648081440196257463e-02 8.177595320492663401e-05 1.227035142733163761e-02
2.136317339701685608e-03 1.848124251202996893e-01 7.972790437720396195e-01 5.042672832269278949e-12 3.799698213827214233e-02 8.146026018021998883e-05 1.278981497689283750e-02
2.116428879870292570e-03 1.815965692400474674e-01 7.969973485697540161e-01 4.671109873063848273e-12 3.956208275132424429e-02 8.105437014376761938e-05 1.333355477237682662e-02
2.097271443980603528e-03 1.784659145309959727e-01 7.967230002156150404e-01 5.134159573337811016e-12 4.118100983670068549e-02 8.065420955331367031e-05 1.389850512302997880e-02
2.077342020336196519e-03 1.754320068447158543e-01 7.964458411015269412e-01 5.965982831686479752e-12 4.284787165218516269e-02 8.039179205934410721e-05 1.447522393227333726e-02
2.058415424229599004e-03 1.724947191127731427e-01 7.961467115706971631e-01 6.409555972631929837e-12 4.457362206425110468e-02 8.010529265890442758e-05 1.506835696539770772e-02
2.039753309642941548e-03 1.696630881476887120e-01 7.958251994587390854e-01 7.361021691438137260e-12 4.635850387402066369e-02 7.998455964745443544e-05 1.568053359570171709e-02
2.020540450640440251e-03 1.669425872090745666e-01 7.954414634318696109e-01 7.898951997440925253e-12 4.820591012055598645e-02 7.995202589863999957e-05 1.631056318677225059e-02
2.002134988796980090e-03 1.643203495471692033e-01 7.950751709939219980e-01 9.321682695667275069e-12 5.010848622864436802e-02 7.987394064808263177e-05 1.696638108796995684e-02
1.984790928242588428e-03 1.617936954666389648e-01 7.947031881651565044e-01 8.367534822047981770e-12 5.207104523699046528e-02 7.979315854032524992e-05 1.765217328094698460e-02
1.966941264826874234e-03 1.593707610031472321e-01 7.943024649162430117e-01 8.993922388462485101e-12 5.408878094660829472e-02 7.984135861766460010e-05 1.836454860730398972e-02
1.948663714016838928e-03 1.570483088101877200e-01 7.938614305174555019e-01 9.726289345604793766e-12 5.617876443900104294e-02 8.002031651341768497e-05 1.908751627915682841e-02
1.930973587003286364e-03 1.548404639243419478e-01 7.934163552160683475e-01 1.008290901672191786e-11 5.833863348651679992e-02 8.021085558648252776e-05 1.983486457526645666e-02
1.912927830273640451e-03 1.527448759057934979e-01 7.928846704748776508e-01 1.069249082381950490e-11 6.056442158529347364e-02 8.055750394263635388e-05 2.060550545923605162e-02
1.895925132724674911e-03 1.507626651034107146e-01 7.923460495785740187e-01 1.358252978517904769e-11 6.286335464606450374e-02 8.090977591751483057e-05 2.140594858603634548e-02
1.879494954331854860e-03 1.488826449222792059e-01 7.917580891143538580e-01 1.377256807174288248e-11 6.523142192964148656e-02 8.116425657456162945e-05 2.223840983619573136e-02
1.864173296805747082e-03 1.471058970990077319e-01 7.911575423115518868e-01 1.321742389217288248e-11 6.766177060464921567e-02 8.142503089318478006e-05 2.310007656911905460e-02
1.847286584937377464e-03 1.454482529402660040e-01 7.904791575467426945e-01 1.375934519066349569e-11 7.016161501154466462e-02 8.177660839355979910e-05 2.398459572800613893e-02
1.830275419183263752e-03 1.439117630911664891e-01 7.897721384920027843e-01 1.463207013925848132e-11 7.273809687883774078e-02 8.213630305053464615e-05 2.489564317417239381e-02
1.814424822442875333e-03 1.425001020026649690e-01 7.890228222954493997e-01 1.657597122639591171e-11 7.539883888446896609e-02 8.270548546441980494e-05 2.584280190290702203e-02
1.799262408225508559e-03 1.412289359516506471e-01 7.882037274876623201e-01 2.030909836541883425e-11 7.813992093153604435e-02 8.324239745107059048e-05 2.682305842729022435e-02
1.783844104318229543e-03 1.400744689463964410e-01 7.873356771102705265e-01 3.042742566056448304e-11 8.096455807462608900e-02 8.389154891713430809e-05 2.783181605619953342e-02
1.768904898236591623e-03 1.390406268872521611e-01 7.864046579399455172e-01 4.564686836783281404e-11 8.387526502813820450e-02 8.453775504562044830e-05 2.887590316204222129e-02
1.754128391648663351e-03 1.381400825291775880e-01 7.853864419369351868e-01 2.019558065462518225e-11 8.686130630933201757e-02 8.502786750453042073e-05 2.994902022055194457e-02
1.738739556538992839e-03 1.373848471123817472e-01 7.843003896050146917e-01 2.255886242937132566e-11 8.991870624576048243e-02 8.563827487618636968e-05 3.105672746225165287e-02
1.724147038862680744e-03 1.367748632564851907e-01 7.831746795172446207e-01 2.516044719429947823e-11 9.306370437632090209e-02 8.653251758745426447e-05 3.220122841851123102e-02
1.710310287894275952e-03 1.363286619441902714e-01 7.819896977896654278e-01 2.999945769919638775e-11 9.630241706848216565e-02 8.751496418376465138e-05 3.338210805556188210e-02
1.696072803145738791e-03 1.360360934262311305e-01 7.807026237950989156e-01 3.848852722250289016e-11 9.963789589257922297e-02 8.863926141681814066e-05 3.459613129651749330e-02
1.682168193186612051e-03 1.358910219176140410e-01 7.793404990035676105e-01 5.894471731359701208e-11 1.030620082776824709e-01 8.986384194605970862e-05 3.585368569874004124e-02
1.667953965058517054e-03 1.359063954082870285e-01 7.778863309316683683e-01 9.701345379960363160e-11 1.065850819503886548e-01 9.097365497804949658e-05 3.714370168139996542e-02
1.653691402840938443e-03 1.360955626444076971e-01 7.763140618796312564e-01 3.452029306977145868e-11 1.101970262220673125e-01 9.203817708451102458e-05 3.847953765206297422e-02
1.640694354686996837e-03 1.364659006759957327e-01 7.746865939068695583e-01 3.407856443834383962e-11 1.138905120840001672e-01 9.317336029671411876e-05 3.984451749165938972e-02
1.628305596308163034e-03 1.370325755052997363e-01 7.729853674198698954e-01 3.899507901836815671e-11 1.176779761751144682e-01 9.460944471366434648e-05 4.125353037232699221e-02
1.616199287340953786e-03 1.377926279593309211e-01 7.711759333561885033e-01 4.901336300906936010e-11 1.215704773859150184e-01 9.637343621983731809e-05 4.270268423497331628e-02
1.603865301838094557e-03 1.387471044971891609e-01 7.692829453217974178e-01 7.173566688314517927e-11 1.255577014071476427e-01 9.820408024744532304e-05 4.419004978509132736e-02
1.591741497068464980e-03 1.398859190411255171e-01 7.672556891328869977e-01 1.096100853671462223e-10 1.296411545152506284e-01 9.999491349328018335e-05 4.571624755911510990e-02
1.579794576918826330e-03 1.412328380152771401e-01 7.651119404352759723e-01 1.910743315499382783e-10 1.338325662607613986e-01 1.020658109221268855e-04 4.729596802609819378e-02
1.568442463235912706e-03 1.427919664441151537e-01 7.628737715087781091e-01 1.876792286107161691e-10 1.381396415315200576e-01 1.040347052613918084e-04 4.892637683555375178e-02
1.558982598557263856e-03 1.445743683167741711e-01 7.605280945464575337e-01 2.044057410393940747e-10 1.425316929120437337e-01 1.061885298862666265e-04 5.058551745287781509e-02
1.549625895119536656e-03 1.465960953947547663e-01 7.580873160751074868e-01 2.920967651981137035e-10 1.470205189330758277e-01 1.089333627339917238e-04 5.228870085215921171e-02
1.540423570727105299e-03 1.488609401903671636e-01 7.555480539307610766e-01 2.464395097707734849e-10 1.516132088048528226e-01 1.119064763199053344e-04 5.403621705042956774e-02
1.531224273096858579e-03 1.513574191409016723e-01 7.528814659983297242e-01 3.048412529308732629e-10 1.562969337510881906e-01 1.147932192383588010e-04 5.581681004980584837e-02
1.522690429543682028e-03 1.540787860397907771e-01 7.500943002468858367e-01 3.296398148274705598e-10 1.610826529095619186e-01 1.177810696643328853e-04 5.764606641053732217e-02
1.516131105763820217e-03 1.570423473280366800e-01 7.472257008421770985e-01 3.868653469382525311e-10 1.659710135235054063e-01 1.205728984495839872e-04 5.952536973338879572e-02
1.510235951872717763e-03 1.602621307875089218e-01 7.442517069529958063e-01 4.469349592371639532e-10 1.709591706721649562e-01 1.235579455591633534e-04 6.143833945869346669e-02
1.502990564945364633e-03 1.637456389380490540e-01 7.411708591846055683e-01 4.233475105545737947e-10 1.760282786712380199e-01 1.272093031241361514e-04 6.337902577135354210e-02
1.496961234458794605e-03 1.675012121682870336e-01 7.380016236369978389e-01 5.028939998897956996e-10 1.811928462790143857e-01 1.312764470895302145e-04 6.536685957779808653e-02
1.490890312912618266e-03 1.715028283288319022e-01 7.346758787046155925e-01 6.323102696690613990e-10 1.864621720620296130e-01 1.353049932698017121e-04 6.739459521626321725e-02
1.485354308955660679e-03 1.757765003934450843e-01 7.312543329854717111e-01 8.252620540105789277e-10 1.918216556339901457e-01 1.392224923462175230e-04 6.946104437606556714e-02
1.481194976111058648e-03 1.802987677304833947e-01 7.277778760375435141e-01 9.551305174419787277e-10 1.972784089917190842e-01 1.431335609761379515e-04 7.157173691544663208e-02
1.478450080552474706e-03 1.850824018827488260e-01 7.242508469215696021e-01 1.192624860484938668e-09 2.028281962061488086e-01 1.467978305262877684e-04 7.371606084816188786e-02
1.474917070372402635e-03 1.901368780070884779e-01 7.206387688501352251e-01 1.458528644548403836e-09 2.084414898291542806e-01 1.507821536021998010e-04 7.588051070399645659e-02
1.472657350576351415e-03 1.954639499385289192e-01 7.169561087244517017e-01 1.783245795918470750e-09 2.141191656850603420e-01 1.558308925198285011e-04 7.806485352650155418e-02
1.470547312603668211e-03 2.010565051337517006e-01 7.131600895162095721e-01 1.470287572036276126e-09 2.198777147306497648e-01 1.610614287333967884e-04 8.027867312519672283e-02
1.469084157712347146e-03 2.069059752013005515e-01 7.092553804408896490e-01 1.511010060935684784e-09 2.257505507926678978e-01 1.662089340750948511e-04 8.253320517169356052e-02
1.468972621351366005e-03 2.130344372214826865e-01 7.053328052810364790e-01 1.516867072236380323e-09 2.317035501996423941e-01 1.715556232442746229e-04 8.481156126623222435e-02
1.468207855029399081e-03 2.194193373308358508e-01 7.013861018150745474e-01 1.555825871878007495e-09 2.377341395712609662e-01 1.767786378125292394e-04 8.711801266527113841e-02
1.468906026291453030e-03 2.260633774398002893e-01 6.974040773397746085e-01 1.597283399149760216e-09 2.438258454695909072e-01 1.821493792933594094e-04 8.945404971230563884e-02
1.469518823320679381e-03 2.329701841725035916e-01 6.934172386063889304e-01 1.684579813095199185e-09 2.499617403779257618e-01 1.874423188513804780e-04 9.181654812794846909e-02
1.472013437154780354e-03 2.401034490104761443e-01 6.893689899758166373e-01 1.855841404803292963e-09 2.561653196600935933e-01 1.939690020715345120e-04 9.419708232580652207e-02
1.474992735216372431e-03 2.474907977779254031e-01 6.852350724649420854e-01 1.395206112087695944e-09 2.624474032125094780e-01 2.002806818893571267e-04 9.660351601720494619e-02
1.478702264701364701e-03 2.551153519300214390e-01 6.810834167499802971e-01 1.239621246505490604e-09 2.688215417315214517e-01 2.068549917106942998e-04 9.903267302660032079e-02
1.482948790016224956e-03 2.629908856954315532e-01 6.769637190325099585e-01 1.092237081553473070e-09 2.752634884047586716e-01 2.137124700263474497e-04 1.014884204540677376e-01
1.488221300209921884e-03 2.711103194641676928e-01 6.728401857954604548e-01 9.761414168323131054e-10 2.817414034578842874e-01 2.207656836547843319e-04 1.039697839694666698e-01
1.493803755238873321e-03 2.794130407594301868e-01 6.687276061080330569e-01 8.840184060186527017e-10 2.882683951732276650e-01 2.282108749615428464e-04 1.064701838181990323e-01
1.500755141273506232e-03 2.879224545942000169e-01 6.646224242911341618e-01 8.616931112417649293e-10 2.948485171465672905e-01 2.357505717492285665e-04 1.090031054737990168e-01
1.508920838693171736e-03 2.966312278769055455e-01 6.604743156328380937e-01 8.914203041198469715e-10 3.014873938519571639e-01 2.434236337323438817e-04 1.115473007156818491e-01
1.516742710115394615e-03 3.055381421235882078e-01 6.563457366211740140e-01 6.129047083832128495e-10 3.081897788414246775e-01 2.515913888720840673e-04 1.141084981484267735e-01
1.525154073172128432e-03 3.146550029344396537e-01 6.522674548870265321e-01 5.754080479746028580e-10 3.149343559760282019e-01 2.601596763014360643e-04 1.166830696247217053e-01
1.534363466292212050e-03 3.239183340242689502e-01 6.482415503706990823e-01 4.995639104159524498e-10 3.217167236060392010e-01 2.689646896344223851e-04 1.192747240269086823e-01
1.544062406196467212e-03 3.333174014198236335e-01 6.442515514693492040e-01 4.108889627011096770e-10 3.285193252403110775e-01 2.782660855689693315e-04 1.218909898496404465e-01
1.555201398159879178e-03 3.428374527694390550e-01 6.402999553703171420e-01 3.873950952363805540e-10 3.353688289175173476e-01 2.878965360026763216e-04 1.245138151521072989e-01
1.566864839611406936e-03 3.524788721322910656e-01 6.363856572436299430e-01 4.341896884289962895e-10 3.422652507405267719e-01 2.967208354569934002e-04 1.271344052755828680e-01
1.579969938362274897e-03 3.622587779562804200e-01 6.325274721287722501e-01 3.082443981403071308e-10 3.491586370401041362e-01 3.050267967650548834e-04 1.297561669888963876e-01
1.592287302781517696e-03 3.721492424752633754e-01 6.287804442902673596e-01 3.338981156376763608e-10 3.560829329008246558e-01 3.142265482000363873e-04 1.323970292776045221e-01
1.605443019041326910e-03 3.821181112067497110e-01 6.251353688744384351e-01 4.184737932417487192e-10 3.630463044231406755e-01 3.243839255667229564e-04 1.350661753749200777e-01
1.622282254536940851e-03 3.921285755265525586e-01 6.215436812343445583e-01 4.902608884482547227e-10 3.700090222315186028e-01 3.367011935343956633e-04 1.377513473356397344e-01
1.636085927396959804e-03 4.022498969669961455e-01 6.180588003543119324e-01 6.769095380371785858e-10 3.770163075078545312e-01 3.477638805542994089e-04 1.404067828610877922e-01
1.647734754419709086e-03 4.123689071140184126e-01 6.146923170270213177e-01 9.882844925916840047e-10 3.840508048103637440e-01 3.580018188502056761e-04 1.430489211193394228e-01
1.662316966521141604e-03 4.225211094253085164e-01 6.114074214469090718e-01 1.463041062616125894e-09 3.910665870232086783e-01 3.689730901380864269e-04 1.456875342506053772e-01
1.680540170045420568e-03 4.326383616716542591e-01 6.082543621517298993e-01 1.381849731950066483e-09 3.981302956947322946e-01 3.809558874170506921e-04 1.483650927221710492e-01
1.696225754712396517e-03 4.427971644112366212e-01 6.052313532089902415e-01 2.959223457467996577e-09 4.052097018598267431e-01 3.938879923526183101e-04 1.510400331120046735e-01
1.712719266980900412e-03 4.528964894828034771e-01 6.023511025837736677e-01 2.772876129392283194e-09 4.122762755521174327e-01 4.066796077286678594e-04 1.537228231163763614e-01
1.731771316832038691e-03 4.629553923269796312e-01 5.996092922951219428e-01 2.636411752924141097e-09 4.193743709307096168e-01 4.198324265710843108e-04 1.564109522168952160e-01
1.749687336845379051e-03 4.729547957263126046e-01 5.969941514234949897e-01 3.397371690502310913e-09 4.264710707616047869e-01 4.324580075889203627e-04 1.590841422793201343e-01
1.769517581430633422e-03 4.828766193145351271e-01 5.945787142377083612e-01 3.375779203316416319e-09 4.335780944290080763e-01 4.464078377967511469e-04 1.617233805596097196e-01
1.789026365082990733e-03 4.927634887954003839e-01 5.923115226700813585e-01 2.207922575309286921e-09 4.406354653412901112e-01 4.632851514520601693e-04 1.643413577823716332e-01
1.808824669294277010e-03 5.025037529995405317e-01 5.901481898977960494e-01 2.274205252298867150e-09 4.476995102975862562e-01 4.793984294504817609e-04 1.669940872668827792e-01
1.831327280810780877e-03 5.121719315257456939e-01 5.880763085265756640e-01 2.381506588865549385e-09 4.547789351092417776e-01 4.971970841031056682e-04 1.696022200906491251e-01
1.851893696094571596e-03 5.217248114433662431e-01 5.861963004774363162e-01 3.254088941242925013e-09 4.618050140227209499e-01 5.144991534129559176e-04 1.721702577531676881e-01
1.868898678833788790e-03 5.311127243043409774e-01 5.845110300625342425e-01 6.046314384495747774e-09 4.688275084855720309e-01 5.307700384667982845e-04 1.747105919089041726e-01
1.892744589016095037e-03 5.402658565540618962e-01 5.829758442208460290e-01 7.624113671923047336e-09 4.759001239106878112e-01 5.487066106840523053e-04 1.772597453237934884e-01
1.913522012438874766e-03 5.493722912938036052e-01 5.815966046648372023e-01 1.459766258164508661e-08 4.829019138055260507e-01 5.659138635698247270e-04 1.797882615760467706e-01
1.937792342274570912e-03 5.583622939500412219e-01 5.803666018748576683e-01 2.030643133109440429e-08 4.899055099407716996e-01 5.839211402940331676e-04 1.822742529623985475e-01
1.957541292165469911e-03 5.671248580490205748e-01 5.794627037909648726e-01 3.071065357913302399e-08 4.969216127020076867e-01 6.001560941187365859e-04 1.847147015072165277e-01
1.985325384481292314e-03 5.755793237075782498e-01 5.786701535700562449e-01 4.620917645532850019e-08 5.039356570536950297e-01 6.167254686310053545e-04 1.871763782586323699e-01
2.010185029300215736e-03 5.838699118953770695e-01 5.780367825043040142e-01 5.049258602592329242e-08 5.109227822113746598e-01 6.330428276972208763e-04 1.895892965390618412e-01
2.035469762185979515e-03 5.920265450674909724e-01 5.777022440380520374e-01 5.032127722897890305e-08 5.178198330456892373e-01 6.500134886817588624e-04 1.919749491803205699e-01
2.067878498459653318e-03 5.997959578571453454e-01 5.775745763738401317e-01 4.275089239444999751e-08 5.247821112715600478e-01 6.690026597729942974e-04 1.943116032280847172e-01
2.095534337815256696e-03 6.072580025040974494e-01 5.776040505059916175e-01 4.074302246355037085e-08 5.317236833542322572e-01 6.848003772057847851e-04 1.966543531444895077e-01
2.122741110426335214e-03 6.145670332187527229e-01 5.778939966954226293e-01 3.921576133252277986e-08 5.386460326022787237e-01 7.008323789549871560e-04 1.989678628121892834e-01
2.149953742041812131e-03 6.215572609573918328e-01 5.784326427047413732e-01 4.102466259269403650e-08 5.454469466796194599e-01 7.178330517904714034e-04 2.011659916200521925e-01
2.183041924724000212e-03 6.281575717876669573e-01 5.791416971729400620e-01 4.211787163077620672e-08 5.523166543169225617e-01 7.355921893231618302e-04 2.034055729001284230e-01
2.214182837718707639e-03 6.346075284622066937e-01 5.800865463087052643e-01 4.388697510625632912e-08 5.591110882453910191e-01 7.551028468762963118e-04 2.056067160149840090e-01
2.242677950196815106e-03 6.407639319118152432e-01 5.813148643928601755e-01 4.620038810048338093e-08 5.657883692319707336e-01 7.742350986705095507e-04 2.077036587022088043e-01
2.276452389403832953e-03 6.465005848830260859e-01 5.827870525557860004e-01 4.711912716011033408e-08 5.725445131277139277e-01 7.938901297578585415e-04 2.098063563343974258e-01
2.312543417963515598e-03 6.519898675410925604e-01 5.844235056024557062e-01 4.920779788258596188e-08 5.791788654376202050e-01 8.165039523966721594e-04 2.118667243359047547e-01
2.345852501874979776e-03 6.572046514927273320e-01 5.863464652971893676e-01 4.928383055312044742e-08 5.857627879371498647e-01 8.420062667467743695e-04 2.138224251662730058e-01
2.379782773550355272e-03 6.619990962587761762e-01 5.885690278600538283e-01 5.050953926816054837e-08 5.924310629189223354e-01 8.615559576136874167e-04 2.157639825316438331e-01
2.407450976875378113e-03 6.665507979936996508e-01 5.909340660439814652e-01 5.032233012662125943e-08 5.989989382621397906e-01 8.784903199589111453e-04 2.175998386676140650e-01
2.435591731727784672e-03 6.709133109582834376e-01 5.936306668119659680e-01 5.240871438628562133e-08 6.055537308163615462e-01 8.998294088259996314e-04 2.193600365043066880e-01
2.468065841920826214e-03 6.747741343786716195e-01 5.964752936469011058e-01 4.816549563863501964e-08 6.122059247021643946e-01 9.156058256744090519e-04 2.211380031428876736e-01
2.495705604085435726e-03 6.784392567823051001e-01 5.995844832006558267e-01 4.430200676345623664e-08 6.187869834722115048e-01 9.268104817894303165e-04 2.228114137039388654e-01
2.524836323952150182e-03 6.818238860409731039e-01 6.030353054204476981e-01 3.956374536760610937e-08 6.253353973712195701e-01 9.445980286741230240e-04 2.244340911530762206e-01
2.553000907439563743e-03 6.847670438649915425e-01 6.066305244007307307e-01 3.517509993813517631e-08 6.318406933515704482e-01 9.600813300029363258e-04 2.260169105567705061e-01
2.578182593183909153e-03 6.875270431242841429e-01 6.106062862347743092e-01 3.188392402964660157e-08 6.383106039668310361e-01 9.744698216805195747e-04 2.275020492906364711e-01
2.611778282905477620e-03 6.898650741033638401e-01 6.147712835136809328e-01 2.864992656567039146e-08 6.446996096138865040e-01 9.907857757220463798e-04 2.289781470254010631e-01
2.638135060987976607e-03 6.918244257120665930e-01 6.191331710191032567e-01 2.898478383519244718e-08 6.509874579419280272e-01 1.007191387297518221e-03 2.303604025893481178e-01
2.666664761796424133e-03 6.935162783946362541e-01 6.238282575082302328e-01 2.914587379664660768e-08 6.572685432345810597e-01 1.019039631728024288e-03 2.316461519886163778e-01
2.703216274368150634e-03 6.948107094833703146e-01 6.286436213873199952e-01 3.014988110672397465e-08 6.635269803040170222e-01 1.031866925050993044e-03 2.329253374432691537e-01
2.729892603984001957e-03 6.957607546013007127e-01 6.338757905268210813e-01 3.177044284960141043e-08 6.697036137557931257e-01 1.048220706427057791e-03 2.340850438309497461e-01
2.761444003566955810e-03 6.962514906066183951e-01 6.392671680074423213e-01 3.440619537301132993e-08 6.759042003706994262e-01 1.055867372710303856e-03 2.351966088843533698e-01
2.797338620707634504e-03 6.964883056090693803e-01 6.448415758623182725e-01 3.871129888803073558e-08 6.820243383400129700e-01 1.068603024617902335e-03 2.362222764379313111e-01
2.827868575500086263e-03 6.963226941946726312e-01 6.508395416299201930e-01 3.982160803850572565e-08 6.881635414662141681e-01 1.082086405968769784e-03 2.371588086644594862e-01
2.858712621615413455e-03 6.957813402065727848e-01 6.571164295876545935e-01 4.689680583831488087e-08 6.941678778340953926e-01 1.092153005225383932e-03 2.380152714948584047e-01
2.898002667855637329e-03 6.950314111287410057e-01 6.636134648694782534e-01 5.108721708564381147e-08 7.002455548082179293e-01 1.107991860524442295e-03 2.387888143197990365e-01
2.937007455722165025e-03 6.938592326955573819e-01 6.703902482398345075e-01 6.933376188800513256e-08 7.063369371686012421e-01 1.124278761949177186e-03 2.395505414936645039e-01
2.966536639807583302e-03 6.925285279965107677e-01 6.774697461372546359e-01 1.028899330370140150e-07 7.122418766291965797e-01 1.138947602869713532e-03 2.401487595508514650e-01
3.005737249463425256e-03 6.907164493407994543e-01 6.847128627884639940e-01 1.204336982257243225e-07 7.182026615052893304e-01 1.152896190364125113e-03 2.407543721529865066e-01
3.041970159622765270e-03 6.887229341514898850e-01 6.922466084452562063e-01 1.790300745458588547e-07 7.240468363349569225e-01 1.168473908319357830e-03 2.412406393138808447e-01
3.073102394655836955e-03 6.864279674509515816e-01 7.000383007157088278e-01 1.994373709330076979e-07 7.299754209131281701e-01 1.178306531425182130e-03 2.416558743191802860e-01
3.105386268912171087e-03 6.838284656041073717e-01 7.080241488865218757e-01 2.544759417238265320e-07 7.357394273345814195e-01 1.187412403836654324e-03 2.420385443985110518e-01
3.129115248400751812e-03 6.810159888354019309e-01 7.163256054410338525e-01 2.911819266960846244e-07 7.414629475030647399e-01 1.195227343900750203e-03 2.422879541989678975e-01
3.160737440488925118e-03 6.778318955480616692e-01 7.247393259685369626e-01 3.235752480048713496e-07 7.472349407407122834e-01 1.197797177876698625e-03 2.425220694507671804e-01
3.185244627339768944e-03 6.745198348454332082e-01 7.334804328903485882e-01 3.907193830661493350e-07 7.528953530842769082e-01 1.204884955986374297e-03 2.426679455997203805e-01
3.213096199081299544e-03 6.707216527871742162e-01 7.423801096525441956e-01 4.172789694501563023e-07 7.584928563481954100e-01 1.203757803711100020e-03 2.427124728539900855e-01
3.242153979049890861e-03 6.667581183546588131e-01 7.515559213269810135e-01 4.894851387212783228e-07 7.641522485838211365e-01 1.207333365087869112e-03 2.427342766834643395e-01
3.269917303448998790e-03 6.625790418876909005e-01 7.609584783842109346e-01 5.082679376357265151e-07 7.696536020266336875e-01 1.211797590291304252e-03 2.426484727449423062e-01
3.301747569409023246e-03 6.579893775042903181e-01 7.705528188608511408e-01 6.172408636627848523e-07 7.751914748479615813e-01 1.210049530676788037e-03 2.425150016111128903e-01
3.328365715043522018e-03 6.533350712426606588e-01 7.804814268482628270e-01 6.042164465175322789e-07 7.805612998705904193e-01 1.217644866142788499e-03 2.422420235147314804e-01
3.360878980284002712e-03 6.483940478224290427e-01 7.904665771293052368e-01 7.078900199920723417e-07 7.858326326073717949e-01 1.221897961174513896e-03 2.419580614423423592e-01
3.377899549220110976e-03 6.431989700305310587e-01 8.007953847712878659e-01 6.871286577339218993e-07 7.909143883613495296e-01 1.228751306717739680e-03 2.415429292337338552e-01
