3.379892788523833694e-03 4.184387443297069714e-02 2.068952951718732673e-03 1.117710116416250643e-08 1.011087497596211901e-02 9.542989224379649915e-01 0.000000000000000000e+00
2.504329347655367185e-03 3.642492827085600654e-02 2.966657673913910068e-03 1.599386735567990628e-09 4.273804305612161764e-02 9.455469016035793484e-01 0.000000000000000000e+00
2.129112872559168427e-03 4.793952331896497721e-02 7.192619973758177312e-03 1.141654897793467998e-09 6.817485392808481093e-02 9.139590051479702382e-01 0.000000000000000000e+00
2.688822892693457350e-03 8.647144550593091616e-02 1.947444080380105261e-02 1.920265363342223717e-09 1.340509210289948794e-01 8.208475770260242887e-01 0.000000000000000000e+00
3.799397864426772714e-03 1.140428767466699633e-01 4.304626358744694653e-02 4.271528699967751156e-09 1.421034309625635594e-01 7.661940203501212965e-01 1.447975823522947174e-10
6.923976350094156011e-03 1.998050786080829144e-01 7.684901964784178474e-02 2.429086873596089389e-09 1.200309335020782603e-01 6.608774544631291770e-01 0.000000000000000000e+00
7.845002346117513348e-03 2.419689834771184822e-01 1.292684445211635391e-01 4.635540581515107436e-09 1.477502389971706298e-01 5.540695221129284809e-01 0.000000000000000000e+00
7.700861250843904493e-03 2.735902135190065865e-01 2.079994068417172493e-01 1.035275412217247490e-08 1.632143762919401053e-01 4.587764755575699516e-01 1.772731861778137458e-11
6.616774990846633654e-03 2.690028432120625257e-01 3.178177375083050538e-01 1.534707929887561953e-07 1.578511026047028087e-01 3.801214890801453694e-01 6.055985820279204251e-11
5.594916114450588021e-03 2.660417411690935707e-01 4.248677330160527399e-01 5.877895344298320057e-05 1.489420385742659669e-01 3.167201860172021433e-01 1.730452431007196698e-10
7.009126748688377859e-03 2.895016262354619951e-01 5.237140628610917892e-01 3.055606062682273750e-04 1.390463514848874482e-01 2.637218932175950936e-01 1.854563513841488210e-10
9.963197353497972239e-03 3.346622365713881053e-01 5.809149765255473552e-01 6.254845058596571585e-04 1.316733669232164616e-01 2.189752811459719783e-01 1.539727256335186079e-10
1.206894467537646294e-02 3.827946360560584571e-01 6.037689827591486980e-01 8.089694233780156830e-04 1.229194307971961525e-01 1.842961438382324235e-01 1.113837625601357121e-10
1.247815861606790463e-02 4.258697389462360317e-01 6.070222874870064844e-01 7.490825277954814548e-04 1.079652953257190101e-01 1.543824138253522826e-01 1.003011194234635971e-10
1.153992048086433138e-02 4.625745387330329472e-01 6.157712986342684935e-01 5.096420885116003220e-04 9.011604284534900644e-02 1.247772458403242912e-01 7.104240659120392379e-11
9.967495625392312417e-03 4.907572231534821361e-01 6.333254370823701018e-01 3.632029029833746202e-04 7.158352820702408581e-02 9.688245162177418213e-02 8.173065372635799170e-11
8.984835089011499604e-03 5.109724552896846017e-01 6.515028739830422966e-01 2.299432530599535842e-04 5.362392957599752125e-02 7.327276575702855455e-02 8.176116686542999820e-11
8.494632650382021033e-03 5.276394321632654760e-01 6.746994528845432493e-01 1.403051705904779340e-04 3.827250091392338932e-02 5.470432499032258644e-02 1.013335830143482307e-10
8.118054836508301411e-03 5.461504138469857050e-01 6.965789947130701654e-01 8.694888886400915188e-05 2.601115566888986819e-02 4.081253653143028515e-02 1.035832933788484624e-10
7.661148341670155279e-03 5.666196646028789363e-01 7.137436679795228223e-01 5.530963123224162930e-05 1.718197701359550078e-02 3.078927646575972676e-02 1.258210106313458736e-10
7.249897865486958949e-03 5.827044301155951400e-01 7.303316729450749500e-01 3.543988485320834144e-05 1.134058436621356025e-02 2.371062563325337935e-02 1.584257986759474463e-10
6.916543890671226699e-03 5.941142930347640405e-01 7.460388714405612465e-01 2.374062341011515939e-05 7.774753880717152552e-03 1.808008668347704795e-02 2.117474511613408298e-10
6.685550124878796713e-03 6.028798607025119827e-01 7.601342697092974277e-01 1.629688609508703247e-05 5.533897894889187354e-03 1.349587042700712766e-02 3.087909423465671846e-10
6.614234604598734010e-03 6.092598647965150604e-01 7.728037594405088306e-01 1.136434581143872752e-05 4.078516204537965470e-03 1.000698811237322496e-02 4.778672095928128005e-10
6.613815202272211452e-03 6.153367325804901533e-01 7.834915732181477743e-01 8.106550007422971029e-06 3.027887490782644065e-03 7.352262209758695689e-03 7.395773290207467201e-10
6.600202698642088951e-03 6.204012991733754978e-01 7.923023780146416506e-01 5.833645685421154900e-06 2.221121864518577765e-03 5.366017390379695419e-03 1.159097932506570814e-09
6.587516621356423636e-03 6.241254710945161044e-01 7.995770237001738057e-01 4.235243589923267773e-06 1.621195804176522653e-03 3.928937644601635491e-03 1.812182019497783851e-09
6.546022157678747094e-03 6.264889723536303245e-01 8.054199049753063555e-01 3.122236547218292308e-06 1.182308779413629744e-03 2.888581228417071156e-03 2.878761911080578007e-09
6.487021597800169542e-03 6.270352217160185537e-01 8.100134148050770477e-01 2.330532113642985556e-06 8.639769611589902037e-04 2.141128867458052826e-03 4.444805623161629893e-09
6.410365128124179135e-03 6.253567705288413103e-01 8.134584079557537484e-01 1.752588748473361620e-06 6.393918315710554008e-04 1.602922490394346989e-03 6.603108898282473217e-09
6.314005974055717299e-03 6.214122739173809640e-01 8.157493494825418523e-01 1.324850807304035248e-06 4.834086256825528101e-04 1.217363556938197552e-03 9.350142062938316566e-09
6.191010639301168690e-03 6.151992633171747826e-01 8.166152776726076645e-01 1.010784209980867459e-06 3.761945202834289666e-04 9.349725577900609447e-04 1.253267144876254024e-08
6.032213529298528429e-03 6.070490641484636019e-01 8.159463406150038178e-01 7.829632937376976155e-07 3.025724442540987072e-04 7.267242022887707934e-04 1.679753129209922119e-08
5.829938937742968133e-03 5.972644930854443812e-01 8.140160132043812169e-01 6.123698459371709547e-07 2.517938960509457833e-04 5.712040152036344277e-04 2.151355547751154544e-08
5.594867378507180355e-03 5.863424888701318505e-01 8.112078875623977003e-01 4.831959447735597111e-07 2.168190242444702404e-04 4.549739900693318666e-04 2.509997792679935913e-08
5.352913639342953521e-03 5.746313209407430955e-01 8.078029712954468700e-01 3.849069033587827341e-07 1.933745616417814584e-04 3.666698005320539718e-04 3.356813265583934255e-08
5.108482194827639392e-03 5.625308366582725261e-01 8.040631721187342373e-01 3.108803194583350675e-07 1.782637948844756619e-04 2.992909566669987821e-04 4.664076294561381550e-08
4.868433823077548961e-03 5.503243099194600196e-01 8.000413927060330277e-01 2.538097545259693722e-07 1.700376571767375604e-04 2.477364258303009536e-04 6.543742499409829668e-08
4.637983500066959232e-03 5.382990864615253557e-01 7.959047371848080310e-01 2.093925227521376633e-07 1.660266062392515610e-04 2.078578565832907472e-04 8.988556445733169150e-08
4.421879750522650192e-03 5.266679788043803212e-01 7.918223846127222521e-01 1.745590834449972605e-07 1.653830577902160926e-04 1.768511689718455535e-04 1.196308167942675743e-07
4.223358397087532967e-03 5.155554143316981586e-01 7.879391684552892183e-01 1.470806071906258723e-07 1.672907493159981988e-04 1.523310998511265963e-04 1.527659807836699195e-07
4.044621591718677509e-03 5.050465506856450792e-01 7.843886285524470647e-01 1.250975893354823452e-07 1.709162721798059166e-04 1.329628071917206690e-04 1.904096842776369531e-07
3.885678919618059269e-03 4.951565697597992144e-01 7.812286613925785161e-01 1.074117155786484745e-07 1.763406066837384120e-04 1.175793137548268412e-04 2.327083419298518993e-07
3.745802333994852507e-03 4.858811680622541762e-01 7.784784103871043026e-01 9.307509354931875772e-08 1.831993891180454758e-04 1.052053785240806031e-04 2.816686435023428498e-07
3.623542848638169282e-03 4.771832760609028834e-01 7.761219364783937813e-01 8.129294213927447774e-08 1.915192510219554942e-04 9.526376572232094419e-05 3.363677192544115582e-07
3.516733523178624306e-03 4.690110094603957003e-01 7.740940263241232744e-01 7.151542899230741543e-08 2.013954763490271639e-04 8.728387837245361359e-05 3.979230574639928206e-07
3.423570315945553486e-03 4.613144582510416702e-01 7.723352011145838691e-01 6.336601983516894309e-08 2.127361609377282226e-04 8.084841396401768290e-05 4.671271834451349515e-07
3.341842316018275166e-03 4.540506345346458916e-01 7.707793246173504365e-01 5.650748512488528384e-08 2.254997932920604767e-04 7.557581764858927777e-05 5.432182060962276216e-07
3.269220099971950188e-03 4.471819144656707379e-01 7.693733037574386202e-01 5.064927543870248803e-08 2.395703074775673992e-04 7.134751535437162430e-05 6.273416319484702696e-07
3.205067365371060475e-03 4.406827022213106737e-01 7.680704674323141079e-01 4.573276448396501383e-08 2.549904576372261523e-04 6.795082947637896571e-05 7.201420816644965729e-07
3.147503243459200562e-03 4.345255811768058418e-01 7.668251657430216195e-01 4.154128670895167409e-08 2.716932346405549672e-04 6.523206626833097995e-05 8.222881454358196612e-07
3.096233371318484091e-03 4.286897234377718413e-01 7.656089195568439587e-01 3.795114362626633910e-08 2.896195789528013560e-04 6.303510051349788370e-05 9.351525019688183113e-07
3.050124663223407594e-03 4.231564182234641147e-01 7.643950343744946307e-01 3.486296649586808409e-08 3.088017955159051979e-04 6.131673254566645406e-05 1.059007503338700047e-06
3.009054124560633231e-03 4.179089836889816056e-01 7.631721779936998518e-01 3.219376413467874270e-08 3.290105224609443223e-04 5.989277422089327619e-05 1.194494719810543790e-06
2.972082255761117169e-03 4.129301305734989769e-01 7.619244931587533243e-01 2.980180827386979248e-08 3.502904726308960718e-04 5.877557184001490744e-05 1.341289859844698240e-06
2.939029351706063265e-03 4.082069287388398471e-01 7.606504749929248188e-01 2.764615206368390447e-08 3.724829755354601814e-04 5.789086109053440333e-05 1.500206737930824444e-06
2.909111980959904267e-03 4.037285749094437493e-01 7.593417875068907419e-01 2.571720566678014104e-08 3.956617056304083304e-04 5.719294187277883696e-05 1.672064191346863447e-06
2.882603050730000570e-03 3.994853100601886142e-01 7.580012945502404564e-01 2.398444837397108672e-08 4.197893773587034775e-04 5.663383215090578456e-05 1.857100921886876138e-06
2.858821539234618434e-03 3.954655975252994726e-01 7.566290873659951011e-01 2.241972908760086330e-08 4.447766290609076107e-04 5.620440819521592933e-05 2.056630881293504996e-06
2.837735246524869612e-03 3.916571995338147816e-01 7.552332693116073914e-01 2.099769162319773247e-08 4.706673199368022827e-04 5.589937166821360202e-05 2.272246526092532876e-06
2.819014813805404904e-03 3.880513564781802871e-01 7.538182142245390960e-01 1.968504081313941034e-08 4.974722723003199842e-04 5.567443936163694597e-05 2.503525313000696331e-06
2.802239491444096127e-03 3.846350070997541781e-01 7.523868689621175943e-01 1.844890664600152421e-08 5.251339277191405513e-04 5.552592942307687954e-05 2.751705110405958286e-06
2.787477870136216129e-03 3.813989237571150381e-01 7.509469825516151831e-01 1.736541996928898932e-08 5.536540782187830082e-04 5.541385430230496347e-05 3.018015408210474281e-06
2.774332110637019091e-03 3.783330681679339391e-01 7.495027709755526235e-01 1.637396814593455339e-08 5.831452278262521955e-04 5.534293588316682803e-05 3.302245847510221191e-06
2.762633345761196599e-03 3.754281627798565779e-01 7.480595435957967387e-01 1.546129868110119232e-08 6.134396087599776684e-04 5.530835518591690564e-05 3.605383234943031625e-06
2.752358268974085947e-03 3.726778212984347971e-01 7.466225134608676095e-01 1.462054643585997861e-08 6.446942225453752666e-04 5.529143887526162922e-05 3.929630891941710869e-06
2.743188897682794555e-03 3.700712542686855899e-01 7.451953496474270633e-01 1.384557714858701214e-08 6.769776469262274790e-04 5.530987501423514972e-05 4.276247127959171838e-06
2.734986156926021671e-03 3.675989621050936296e-01 7.437841175253465664e-01 1.306901896979084840e-08 7.101484582947660334e-04 5.534485400778610316e-05 4.645123350651573321e-06
2.727797113379692041e-03 3.652537387788196144e-01 7.423934217269068103e-01 1.240293642424669683e-08 7.441579600823168810e-04 5.539373513642003005e-05 5.038743796893340006e-06
2.721564507257181239e-03 3.630303997833664864e-01 7.410244475950420462e-01 1.178631340597138319e-08 7.790963001380030563e-04 5.545628569679515241e-05 5.458614605849562257e-06
2.716103361561434965e-03 3.609202697308190322e-01 7.396799271180525270e-01 1.121910539495315428e-08 8.149634490971319157e-04 5.553888282428686872e-05 5.905365181509741927e-06
2.711366236177369538e-03 3.589155192919399884e-01 7.383599640041943468e-01 1.069627750602845863e-08 8.517128601323588040e-04 5.564287762223866932e-05 6.379876756367663613e-06
2.707288092878197723e-03 3.570091745546715156e-01 7.370659568523058036e-01 1.021358947673810905e-08 8.893704541771332980e-04 5.574991008983779195e-05 6.882956206145980789e-06
2.703779662604820309e-03 3.551965742626028155e-01 7.358020605352092458e-01 9.719894115864724948e-09 9.279410174006497668e-04 5.586465247494198786e-05 7.417492666719875513e-06
2.700643710186515466e-03 3.534706661842347830e-01 7.345685798626366836e-01 9.290132502861224380e-09 9.675355792077623175e-04 5.599319440199519070e-05 7.985281916802831865e-06
2.697964014345174966e-03 3.518259891650913906e-01 7.333640903071565464e-01 8.891717390296918689e-09 1.008150716903357617e-03 5.612616086463328427e-05 8.586485992647103401e-06
2.695740266986878207e-03 3.502575558642062603e-01 7.321908427514292050e-01 8.521781278570938194e-09 1.049782831655447822e-03 5.625370590094620825e-05 9.222932124779561152e-06
2.693751005845088174e-03 3.487602398895209288e-01 7.310471878061258755e-01 8.179535416768962974e-09 1.092469786049565057e-03 5.638500875751117848e-05 9.899295148220984124e-06
2.691906087819111778e-03 3.473289137709050789e-01 7.299336334625847744e-01 7.863332013072332881e-09 1.136283967573133678e-03 5.651230893306317623e-05 1.061608426649354766e-05
2.690304143790711675e-03 3.459593511825727608e-01 7.288507839589785098e-01 7.545778610360810170e-09 1.181299695383665818e-03 5.664592312589808020e-05 1.137299219885265732e-05
2.688923539283778405e-03 3.446468952452790835e-01 7.277999173710023584e-01 7.257133343404335153e-09 1.227531050581599260e-03 5.677358048831420947e-05 1.217451063529260394e-05
2.687655627460430567e-03 3.433878410420186933e-01 7.267790670767273475e-01 6.986041379816875391e-09 1.275014340450579499e-03 5.689610987006966529e-05 1.302395241007656765e-05
2.686514178592900107e-03 3.421788581674559127e-01 7.257885161027707310e-01 6.730453334671069691e-09 1.323773888047832413e-03 5.702173991436290836e-05 1.392258587638694871e-05
2.685471315178975405e-03 3.410166291086659252e-01 7.248280100595659858e-01 6.489874439925583911e-09 1.373892156648725930e-03 5.714192619209583094e-05 1.487258217469733136e-05
2.684521587609635038e-03 3.398973828987790768e-01 7.238976349411103683e-01 6.261840944922011685e-09 1.425388213006276985e-03 5.726189579655414181e-05 1.587969360157045695e-05
2.683604233612191248e-03 3.388176817869198998e-01 7.229968638822064086e-01 6.046093218705426387e-09 1.478355203644451553e-03 5.737814005654346230e-05 1.694586641752900794e-05
2.682788755660107591e-03 3.377748520841770685e-01 7.221253700327953107e-01 5.846666261760312641e-09 1.532819889735998354e-03 5.748902193984950515e-05 1.807454021566857178e-05
2.681999070316688685e-03 3.367662504920492794e-01 7.212836431808365978e-01 5.654568163424806825e-09 1.588776740578213631e-03 5.759076957845930410e-05 1.926592207812347315e-05
2.681245319970872783e-03 3.357901129102957571e-01 7.204713640526200225e-01 5.471658950260409464e-09 1.646271805045295550e-03 5.768823147420689524e-05 2.052694442521548818e-05
2.680570975894797005e-03 3.348438284406401455e-01 7.196883579501160977e-01 5.298443968938353658e-09 1.705368952550492985e-03 5.778771403367019050e-05 2.186218218783406186e-05
2.679930003648427553e-03 3.339247994184674218e-01 7.189343426216161514e-01 5.132647774607451687e-09 1.766096187900371680e-03 5.788150205202489593e-05 2.327473590812485470e-05
2.679353253725604098e-03 3.330312039542170921e-01 7.182096569576257306e-01 4.975381290569351719e-09 1.828514723710580880e-03 5.796492329963610348e-05 2.476433384172257887e-05
2.678775352953462890e-03 3.321608017194790929e-01 7.175134145587277468e-01 4.824040294394256043e-09 1.892648309776427413e-03 5.804321258620510893e-05 2.633944610821619726e-05
2.678251374412675759e-03 3.313119771008387615e-01 7.168448823272752790e-01 4.685721696288615489e-09 1.958521917811235826e-03 5.811211393055076623e-05 2.800456693598269581e-05
2.677770679151336621e-03 3.304836560038966198e-01 7.162042603193123913e-01 4.550801865204861180e-09 2.026140920743875300e-03 5.818005734914348217e-05 2.976269643444532425e-05
2.677314471973157688e-03 3.296743206416651861e-01 7.155920791818597415e-01 4.421475102000824591e-09 2.095581669332131393e-03 5.824326997662368955e-05 3.161859703155071784e-05
2.676841310389775630e-03 3.288818297412197111e-01 7.150082209216457318e-01 4.296969255235617011e-09 2.166882820090299238e-03 5.829878663958379739e-05 3.357839133549280869e-05
2.676368220178358768e-03 3.281048492900349722e-01 7.144522861872444341e-01 4.177435025787968184e-09 2.240067862931576122e-03 5.834631133066785002e-05 3.564778756972020711e-05
2.675904782766847650e-03 3.273425121919813496e-01 7.139233852647905998e-01 4.062157899108617882e-09 2.315146574712273995e-03 5.838488256229580327e-05 3.782905978094339931e-05
2.675498046762437784e-03 3.265937437657974729e-01 7.134210975885529882e-01 3.951352248756620052e-09 2.392094571690243313e-03 5.842033287383639810e-05 4.012735818814702044e-05
2.675097628757503072e-03 3.258573074235591172e-01 7.129459689724397808e-01 3.845985445206457403e-09 2.470981818353787645e-03 5.845211898968642614e-05 4.255063882422046223e-05
2.674666718656606035e-03 3.251317258627509643e-01 7.124977666551778333e-01 3.752995502961830176e-09 2.551831989986478276e-03 5.848055153519010011e-05 4.510574200508769903e-05
2.674207697320394629e-03 3.244161940847237191e-01 7.120764609954064461e-01 3.656628787748061791e-09 2.634704609450077076e-03 5.850519315850261000e-05 4.779786149415159315e-05
2.673754217692916619e-03 3.237099248210593694e-01 7.116806898100312972e-01 3.563709997668529706e-09 2.719609896631596229e-03 5.852370671975610947e-05 5.063484127516572456e-05
2.673310756157900973e-03 3.230122365265307161e-01 7.113112136713962697e-01 3.474045336407561151e-09 2.806531078178011503e-03 5.853576119262753980e-05 5.361908259048076935e-05
2.672884762310529742e-03 3.223222434531695102e-01 7.109671285873476743e-01 3.386742770009213102e-09 2.895508846665185206e-03 5.853946438242920152e-05 5.676074867272080189e-05
2.672404046417190156e-03 3.216391188376941379e-01 7.106482987444864285e-01 3.302047518604404344e-09 2.986513620823076209e-03 5.853920058632852892e-05 6.006799497015862389e-05
2.671876264402570696e-03 3.209620760623961844e-01 7.103546363846683365e-01 3.219842091628284690e-09 3.079610563176894428e-03 5.853833679755937917e-05 6.354615768776326922e-05
2.671330838139366476e-03 3.202904663097279059e-01 7.100855731272324167e-01 3.154792215151746763e-09 3.174811217138234949e-03 5.853280195682803360e-05 6.720243940263875696e-05
2.670784705613021837e-03 3.196238202041841170e-01 7.098401413963656426e-01 3.081950571731044123e-09 3.272086263267925694e-03 5.851860471171858353e-05 7.104565278330609668e-05
2.670200759389755683e-03 3.189614507280590927e-01 7.096186729103437507e-01 3.011403282438271910e-09 3.371479790820088810e-03 5.849827751623724593e-05 7.507975704035822111e-05
2.669550543753750928e-03 3.183029588162340495e-01 7.094208551515764904e-01 2.942694388319489748e-09 3.472961032182656817e-03 5.847302686305416058e-05 7.931472645815297140e-05
2.668846618814643950e-03 3.176477859730567621e-01 7.092464072664873553e-01 2.875752389618075633e-09 3.576542907079254419e-03 5.844568459749912610e-05 8.376142301925744004e-05
2.668097835516772005e-03 3.169953165159112851e-01 7.090948468843994990e-01 2.810814412065952789e-09 3.682231079925168699e-03 5.841885143457334014e-05 8.842743244607658695e-05
2.667340059528520383e-03 3.163454704779130600e-01 7.089653978951031554e-01 2.747175290582546834e-09 3.789987075111801631e-03 5.838383313293082851e-05 9.331503120724202822e-05
2.666555170920860938e-03 3.156974736795683523e-01 7.088579336115444773e-01 2.698856740215204147e-09 3.899858077249906962e-03 5.834003815445729590e-05 9.843853796427921128e-05
2.665690211779166326e-03 3.150509869876343405e-01 7.087717182919730519e-01 2.643282765077597615e-09 4.011839012013553897e-03 5.829293763934324015e-05 1.038049061708010455e-04
2.664748331719886572e-03 3.144059944872268364e-01 7.087065654575980256e-01 2.589238738627437513e-09 4.125889300297730031e-03 5.824055925942810645e-05 1.094133346443155585e-04
2.663788836050162093e-03 3.137619904491574796e-01 7.086617262270665796e-01 2.537206506975272367e-09 4.241983969880140128e-03 5.818869891362074353e-05 1.152754744084701327e-04
2.662796003748230719e-03 3.131187629265711481e-01 7.086369229266989977e-01 2.486266093145135999e-09 4.360083759192081437e-03 5.813143881870288111e-05 1.214118400637493239e-04
2.661751565782447763e-03 3.124762469726138359e-01 7.086317405822214477e-01 2.436642354716709479e-09 4.480192458717656770e-03 5.806924844525304761e-05 1.278204390388006009e-04
2.660649798161795945e-03 3.118340001027984365e-01 7.086457239098299388e-01 2.388015066056291474e-09 4.602291200013365786e-03 5.800108968345451296e-05 1.345143705581883209e-04
2.659445674112553403e-03 3.111917766265859253e-01 7.086779200958804870e-01 2.350177199331821060e-09 4.726357047351579729e-03 5.792739314336406469e-05 1.415005574143446323e-04
2.658181051580151520e-03 3.105501984039188978e-01 7.087283902111456424e-01 2.308236241155616897e-09 4.852337406679126108e-03 5.785347661768888884e-05 1.487724028115442972e-04
2.656884778364065024e-03 3.099087494141769539e-01 7.087962761553748825e-01 2.267291737910959738e-09 4.980210225936982336e-03 5.778226065912932117e-05 1.563440980791167879e-04
2.655547951679360173e-03 3.092672642553989659e-01 7.088812530912520504e-01 2.228047363995714767e-09 5.109928851076074759e-03 5.770876881780914974e-05 1.642285059191333693e-04
2.654152566802037063e-03 3.086256774032616890e-01 7.089824467335440472e-01 2.189433129368994825e-09 5.241463988967041097e-03 5.763300442909165082e-05 1.724313993065580502e-04
2.652666252490153490e-03 3.079836236173145725e-01 7.090991475280635781e-01 2.152157280107175333e-09 5.374720140110909351e-03 5.755007454700312205e-05 1.809622187392708164e-04
2.651074897801914201e-03 3.073409928172962657e-01 7.092307271226712118e-01 2.115447169624240155e-09 5.509651456596696174e-03 5.746266246671238647e-05 1.898218539743986937e-04
2.649453092583025846e-03 3.066989075400856080e-01 7.093768361907791808e-01 2.083841594139367257e-09 5.646215007977093379e-03 5.736661227787788627e-05 1.990052327684562394e-04
2.647800911955540664e-03 3.060571078279313295e-01 7.095368410862957775e-01 2.051206321291902404e-09 5.784372661701848994e-03 5.727606378856031557e-05 2.085123011320123637e-04
2.646085275259768381e-03 3.054156700634580446e-01 7.097106841030531577e-01 2.019926969762590085e-09 5.924029024798582385e-03 5.718434073557880377e-05 2.183606717091791537e-04
2.644343866445381976e-03 3.047742684476245079e-01 7.098970758736037334e-01 1.989698374039068588e-09 6.065103130596161997e-03 5.709237246319581250e-05 2.285591935362830875e-04
2.642522402762428023e-03 3.041326868818062246e-01 7.100952559542513809e-01 1.960492030715224886e-09 6.207525154938811976e-03 5.699664860897069219e-05 2.391057349502558277e-04
2.640637769736475880e-03 3.034908994783231950e-01 7.103044769633221067e-01 1.931816721603373319e-09 6.351200231868595926e-03 5.689560096145875468e-05 2.499958627567314346e-04
2.638695502195809606e-03 3.028498924790081759e-01 7.105244016023982701e-01 1.903881945581437790e-09 6.496026362017488266e-03 5.678107459789348603e-05 2.612215742289386079e-04
2.636715996418362296e-03 3.022106584329045664e-01 7.107540001375750593e-01 1.877301415728146327e-09 6.641957649720695196e-03 5.666707892013717415e-05 2.727741145684119280e-04
2.634687465838513303e-03 3.015730930561232315e-01 7.109933914254085163e-01 1.852266740140856047e-09 6.788889580500567962e-03 5.654856425299705652e-05 2.846753378480267028e-04
2.632621897812027767e-03 3.009368484659305509e-01 7.112415949841851548e-01 1.827621922737048638e-09 6.936661608770798744e-03 5.643827041102677898e-05 2.969100073103649886e-04
2.630468499739827600e-03 3.003016971796136358e-01 7.114965895918762273e-01 1.804407719049397168e-09 7.085186273135066909e-03 5.632699060849456838e-05 3.094884074033539610e-04
2.628288390310058904e-03 2.996681584728928538e-01 7.117586563809433775e-01 1.781958350889083509e-09 7.234376759294738890e-03 5.621425127600616776e-05 3.223859822676397959e-04
2.626067706513010146e-03 2.990370949429577707e-01 7.120271473673884799e-01 1.760244780771669873e-09 7.384094516273431892e-03 5.609457223255374947e-05 3.355872915734624609e-04
2.623798222023423186e-03 2.984093389955992381e-01 7.123014917869362472e-01 1.738614272049495532e-09 7.534264772320383580e-03 5.596705303581678102e-05 3.490970560492683439e-04
2.621528268068921801e-03 2.977852812608288158e-01 7.125816224457574011e-01 1.718486875588776990e-09 7.684803945932152519e-03 5.583241108336560714e-05 3.629145317294727238e-04
2.619223812314489062e-03 2.971645915415420669e-01 7.128666652290631678e-01 1.699420492460379064e-09 7.835461079613021199e-03 5.569405599158909725e-05 3.769938838855719392e-04
2.616879739440955855e-03 2.965475373211247656e-01 7.131552380913398492e-01 1.680968854419922436e-09 7.986103328962766354e-03 5.556644308358811292e-05 3.913483047025854500e-04
2.614469164531216683e-03 2.959343170691743907e-01 7.134466364894062052e-01 1.663722040538795991e-09 8.136577555433264358e-03 5.544376158659582111e-05 4.059772906317979445e-04
2.612027614580435426e-03 2.953256965045971127e-01 7.137404516281009581e-01 1.647224517131685153e-09 8.286863753720142070e-03 5.531302092875785579e-05 4.208360459087196500e-04
2.609548064393430854e-03 2.947224121019386689e-01 7.140366315070781900e-01 1.630071763395907410e-09 8.436831140000277535e-03 5.517211768042123418e-05 4.359209006014427737e-04
2.607086896025197827e-03 2.941251841578588766e-01 7.143342841586706182e-01 1.614430714794896801e-09 8.586375840568960180e-03 5.502576978796509057e-05 4.512289964121085541e-04
2.604646708150816590e-03 2.935338919272257319e-01 7.146330068968257399e-01 1.599486604174506110e-09 8.735211409684747602e-03 5.487900727493035387e-05 4.667094794278555899e-04
2.602162593692177762e-03 2.929490546108750038e-01 7.149310152892085490e-01 1.585398757894307508e-09 8.883272152756293075e-03 5.474349738550599926e-05 4.823488369445509466e-04
2.599692511562166995e-03 2.923709285870629282e-01 7.152285362478542075e-01 1.572135817440316998e-09 9.030320594324736660e-03 5.461451257631401055e-05 4.981374784210752761e-04
2.597241970850120481e-03 2.917998417647294507e-01 7.155253372902578013e-01 1.559713407033160681e-09 9.176353195249302777e-03 5.447718983799740018e-05 5.140409878069831335e-04
2.594750911252539406e-03 2.912365385101189363e-01 7.158203106706279018e-01 1.545994335164544350e-09 9.321253413108144745e-03 5.433733274123610609e-05 5.300428988077635593e-04
2.592255483598107646e-03 2.906816433936225130e-01 7.161139004158243448e-01 1.533992298766804094e-09 9.464771855657257149e-03 5.419100559031267395e-05 5.461409491790159563e-04
2.589780602704026737e-03 2.901349415338228543e-01 7.164052487336564079e-01 1.522738487724239968e-09 9.606835184238850939e-03 5.404754761459002599e-05 5.623028095280963425e-04
2.587307611976180730e-03 2.895974066036975381e-01 7.166930317238562331e-01 1.511859432963925998e-09 9.747231415076197669e-03 5.390703979870821742e-05 5.784563442465222175e-04
2.584871069220443917e-03 2.890691673774608006e-01 7.169765543552228948e-01 1.501853362967605589e-09 9.885892697016002498e-03 5.377270535259212272e-05 5.945992356529375021e-04
2.582490463677364952e-03 2.885500669547128583e-01 7.172555174908458175e-01 1.492407568502910779e-09 1.002276064458141117e-02 5.363572904766577431e-05 6.107286756065005923e-04
2.580097008027961488e-03 2.880409451818798372e-01 7.175305466207207994e-01 1.481781749206413017e-09 1.015763797397537839e-02 5.349191427382969232e-05 6.268158622048167336e-04
2.577708501787887452e-03 2.875419736669417858e-01 7.178010894448050294e-01 1.472542159459152992e-09 1.029045573987572883e-02 5.334678346073276595e-05 6.428411151070903161e-04
2.575379487073677000e-03 2.870535614376260036e-01 7.180671598292750479e-01 1.463960023780817240e-09 1.042101206606017849e-02 5.320876150477094616e-05 6.587620528686975035e-04
2.573090096653238464e-03 2.865760638131931715e-01 7.183278938152286575e-01 1.455864732295786803e-09 1.054927546725411072e-02 5.307458590001010862e-05 6.745626417183317632e-04
2.570863174146785588e-03 2.861097841498361216e-01 7.185826888473151319e-01 1.448011181643601602e-09 1.067514412294606058e-02 5.294205418649487271e-05 6.902038108518907499e-04
2.568683906867509463e-03 2.856544649846743944e-01 7.188314100730071043e-01 1.441204485023291927e-09 1.079855392475301268e-02 5.280980861627322610e-05 7.056731492717150831e-04
2.566510920148353924e-03 2.852103309307217338e-01 7.190742409836453630e-01 1.433191101553646226e-09 1.091941008985421353e-02 5.267670174880654052e-05 7.209649662033961988e-04
2.564381156361129899e-03 2.847781068330263454e-01 7.193113119685817791e-01 1.426451926935617072e-09 1.103759621925572317e-02 5.254290265687573127e-05 7.360435437016021052e-04
2.562307538572760387e-03 2.843575899047776634e-01 7.195425237718950928e-01 1.420313066096259503e-09 1.115305111155236693e-02 5.241482180676986202e-05 7.508849058362968704e-04
2.560279409216937186e-03 2.839490642995834979e-01 7.197673677019099658e-01 1.414567350790569588e-09 1.126570376256708778e-02 5.228812346895312470e-05 7.654754039235511266e-04
2.558311430919745378e-03 2.835525646178555514e-01 7.199855818657817652e-01 1.409173900776648156e-09 1.137553243836924265e-02 5.216192835557977871e-05 7.797933613420187857e-04
2.556391201823948484e-03 2.831680712989728121e-01 7.201970491129899843e-01 1.404230418095408397e-09 1.148250360080332183e-02 5.203725002056623834e-05 7.938256807345700147e-04
2.554534404643733249e-03 2.827955333913682034e-01 7.204018303833705783e-01 1.398415030465038256e-09 1.158653926604961970e-02 5.191198019222785151e-05 8.075609684555073303e-04
2.552718543366386001e-03 2.824351033924054066e-01 7.206001838246792746e-01 1.393419171874185669e-09 1.168761052222800495e-02 5.178584561657304072e-05 8.209810293542048635e-04
2.550957092883488191e-03 2.820866578487231102e-01 7.207921861265967900e-01 1.388885255208677408e-09 1.178570357620417099e-02 5.166461700368353603e-05 8.340733528149459411e-04
2.549249060500174274e-03 2.817502525402629243e-01 7.209775113813612357e-01 1.384801730347865294e-09 1.188080269435409266e-02 5.154568673603063326e-05 8.468245439610660053e-04
2.547608001068781165e-03 2.814258470024788572e-01 7.211559869495633990e-01 1.380345727962935495e-09 1.197290379309018035e-02 5.142836491330790040e-05 8.592374841361976028e-04
2.546034189466675826e-03 2.811132534316195253e-01 7.213276960180885489e-01 1.376196345738518035e-09 1.206200962955262905e-02 5.131298366727782593e-05 8.713029896120990953e-04
2.544504066160237828e-03 2.808123557627652533e-01 7.214929881970346681e-01 1.372481553771138000e-09 1.214810684298843826e-02 5.119576273169873011e-05 8.830079911440164670e-04
2.543017215426824663e-03 2.805230916768184368e-01 7.216519930552767192e-01 1.369420495124887775e-09 1.223119248819181000e-02 5.108045966013453903e-05 8.943513446259987888e-04
2.541585605143751800e-03 2.802453669187616181e-01 7.218046854142426971e-01 1.366468676845407820e-09 1.231129398500570987e-02 5.096808168528821006e-05 9.053281413618003608e-04
2.540218675020133442e-03 2.799789494727081274e-01 7.219509865427710116e-01 1.362629871660252114e-09 1.238845867191365469e-02 5.085951099939493381e-05 9.159333305079666579e-04
2.538909848081795113e-03 2.797237467236901587e-01 7.220909573648178759e-01 1.359923159659087032e-09 1.246268613874897124e-02 5.075426870990676516e-05 9.261677534304365135e-04
2.537656254772583352e-03 2.794793225014380877e-01 7.222248878178084697e-01 1.357313550512159872e-09 1.253402058010092725e-02 5.064940779337529631e-05 9.360311320131373299e-04
2.536452778454207583e-03 2.792455209851237852e-01 7.223529175158456272e-01 1.355247493307998290e-09 1.260250467675691141e-02 5.054409300066516173e-05 9.455241722383605054e-04
2.535301135833552960e-03 2.790220925320267553e-01 7.224751667346301920e-01 1.352964602220903087e-09 1.266816934471330126e-02 5.044130682507450318e-05 9.546568151483273259e-04
2.534203150087169752e-03 2.788088207440139743e-01 7.225917590396151446e-01 1.350091772122823657e-09 1.273106742554251831e-02 5.034145657943306596e-05 9.634255531384494989e-04
2.533145049264047370e-03 2.786054162126986311e-01 7.227029865236678230e-01 1.347958328222127031e-09 1.279127122573364521e-02 5.024066798510973752e-05 9.718340409780542623e-04
2.532142289503339517e-03 2.784116267394249333e-01 7.228089088972186049e-01 1.346192899124436947e-09 1.284881500439637864e-02 5.014246015383598293e-05 9.798841503185582585e-04
2.531194039474410351e-03 2.782271757287373415e-01 7.229095635551006094e-01 1.343794764354703374e-09 1.290375867972069768e-02 5.004752325862802677e-05 9.875870346186001441e-04
2.530290502671099333e-03 2.780517703377291538e-01 7.230052526986363581e-01 1.342088433260166018e-09 1.295618250973664537e-02 4.995382702808679587e-05 9.949455596263375758e-04
2.529428661430540345e-03 2.778852014605160403e-01 7.230961339381006825e-01 1.340116622242337912e-09 1.300613459113316404e-02 4.986121659454668975e-05 1.001966770470057297e-03
2.528612691357857642e-03 2.777271767215502840e-01 7.231822794470720295e-01 1.338412321154652451e-09 1.305368524650064345e-02 4.977110902282484082e-05 1.008661392627617807e-03
2.527838292406339726e-03 2.775773372078553791e-01 7.232640159529263313e-01 1.336675848904657049e-09 1.309890448311087918e-02 4.968163030102988945e-05 1.015037702278974874e-03
2.527105940837008971e-03 2.774354510394524964e-01 7.233413976272220491e-01 1.335403216313297403e-09 1.314186613544625175e-02 4.959377886970364101e-05 1.021104151612974237e-03
2.526415197066934556e-03 2.773012266110386759e-01 7.234146099902668547e-01 1.334036101499143341e-09 1.318263667844758215e-02 4.950729805300887429e-05 1.026863129890964125e-03
2.525754639060222122e-03 2.771743461387417562e-01 7.234839357628862766e-01 1.332523816159027278e-09 1.322128215342516754e-02 4.942102148656996274e-05 1.032332491797062013e-03
2.525131590243410908e-03 2.770545704055705216e-01 7.235493652264223252e-01 1.331408305412667849e-09 1.325788518046368096e-02 4.933698295248945334e-05 1.037520298963116958e-03
2.524544164480940680e-03 2.769415582823410160e-01 7.236111857848482876e-01 1.330624433166370858e-09 1.329250825454269050e-02 4.925458477601387357e-05 1.042431784817476328e-03
2.523987635965391999e-03 2.768349897800934656e-01 7.236695310892161670e-01 1.329580609110196337e-09 1.332522580840538040e-02 4.917284507355369262e-05 1.047080602508605653e-03
2.523469525153156610e-03 2.767346522828056932e-01 7.237245464084861579e-01 1.328884536105492668e-09 1.335612059841564773e-02 4.909253649047483787e-05 1.051474359042179393e-03
2.522980179503777915e-03 2.766402672234823390e-01 7.237764366200329924e-01 1.328175394670463567e-09 1.338525294885319246e-02 4.901306355437642204e-05 1.055625030182687869e-03
2.522520121022140543e-03 2.765515264369432513e-01 7.238251999320342023e-01 1.326699524965591181e-09 1.341269062805609466e-02 4.893546464816852463e-05 1.059541188609739804e-03
2.522090734883023627e-03 2.764681772185428876e-01 7.238710682709607047e-01 1.325665653224935974e-09 1.343850528074085407e-02 4.885827952250653956e-05 1.063229450583878756e-03
2.521689416381597305e-03 2.763899840209334546e-01 7.239141944331346501e-01 1.324696331512057389e-09 1.346276263128070617e-02 4.878251194784070932e-05 1.066703016200499284e-03
2.521312575921152727e-03 2.763166907227158076e-01 7.239546700368033605e-01 1.323533123679910983e-09 1.348553935597203261e-02 4.870813809543079694e-05 1.069970244898473194e-03
2.520960830657770040e-03 2.762480198900658657e-01 7.239926832039762505e-01 1.322525116504256933e-09 1.350688869314500655e-02 4.863464304892419729e-05 1.073041236633591683e-03
2.520634000370580632e-03 2.761837869376151944e-01 7.240283512104961350e-01 1.321915781507861273e-09 1.352687948970850325e-02 4.856200324331133399e-05 1.075923688015656063e-03
2.520327467582657213e-03 2.761237567556081296e-01 7.240617644325894053e-01 1.321129410134685502e-09 1.354557577490355519e-02 4.849062062811205847e-05 1.078627769473240088e-03
2.520042291820082537e-03 2.760676768756217814e-01 7.240930789170956228e-01 1.320569869512926029e-09 1.356304485456111264e-02 4.842025383195180954e-05 1.081163611692857176e-03
2.519777331741306255e-03 2.760153483910781635e-01 7.241224200062381655e-01 1.320171017040657957e-09 1.357933536523873996e-02 4.835059587300492612e-05 1.083537496603151481e-03
2.519529862876908766e-03 2.759665884213026166e-01 7.241498729489490582e-01 1.319642111583148931e-09 1.359451123508765777e-02 4.828204807287159379e-05 1.085757971792940951e-03
2.519300580453704991e-03 2.759211625099853293e-01 7.241755332788123445e-01 1.319132896848225215e-09 1.360863176423843593e-02 4.821450659158728569e-05 1.087835569504075730e-03
2.519089602417222407e-03 2.758788944982236702e-01 7.241995387781218207e-01 1.318806648776877689e-09 1.362174440827551222e-02 4.814781547527676077e-05 1.089775716318682830e-03
2.518893032729156538e-03 2.758396111432575570e-01 7.242219738477047031e-01 1.318329145804243879e-09 1.363390436934431085e-02 4.808167576884913203e-05 1.091586320151825915e-03
2.518711145392858210e-03 2.758031161712722890e-01 7.242429332888465909e-01 1.318026001588793527e-09 1.364516406982519033e-02 4.801637301671974874e-05 1.093276273992708960e-03
2.518543661093652301e-03 2.757692598416789376e-01 7.242624843093643516e-01 1.317742982906427584e-09 1.365556517647778349e-02 4.795193980220726314e-05 1.094850090275638604e-03
2.518388388915045444e-03 2.757378892294274908e-01 7.242807407988429702e-01 1.317460422435702722e-09 1.366515942705628060e-02 4.788808564859391604e-05 1.096315958702284059e-03
2.518246062764851068e-03 2.757088368809310630e-01 7.242977671640034032e-01 1.317175258583756129e-09 1.367399322150605369e-02 4.782480358985541954e-05 1.097679501713907024e-03
2.518114881197624100e-03 2.756819723049285797e-01 7.243136510305135944e-01 1.316896170792905113e-09 1.368210191025668807e-02 4.776219207813662740e-05 1.098946108227470773e-03
2.517994544431230528e-03 2.756571606772313943e-01 7.243284568400533141e-01 1.316627357870569363e-09 1.368953211003225146e-02 4.770026160266931011e-05 1.100122820011763822e-03
2.517884679871562875e-03 2.756342572722134676e-01 7.243422514594016759e-01 1.316533176680529684e-09 1.369632424113558997e-02 4.763880359669388795e-05 1.101214507533226266e-03
2.517784270854473740e-03 2.756131508758589699e-01 7.243551073462584089e-01 1.316269102083754163e-09 1.370251312248991875e-02 4.757795783862148306e-05 1.102226797645840424e-03
2.517692507889139359e-03 2.755937286167774447e-01 7.243670781313443774e-01 1.316019613309855161e-09 1.370813393944687181e-02 4.751776350522084457e-05 1.103164724492594617e-03
2.517609572534482143e-03 2.755758733696361817e-01 7.243782287938088649e-01 1.315937970931523616e-09 1.371322306329448432e-02 4.745799857806262879e-05 1.104032592145421906e-03
2.517534148213325818e-03 2.755594858010366188e-01 7.243886170568463179e-01 1.315699867569266652e-09 1.371781065802147974e-02 4.739885156849554473e-05 1.104835185680540796e-03
2.517465871883543642e-03 2.755444663720619802e-01 7.243982772245888269e-01 1.315458681861280288e-09 1.372192681160150883e-02 4.734022968351347108e-05 1.105576885580727715e-03
2.517404807985511393e-03 2.755307169811819223e-01 7.244072725579279171e-01 1.315227102922887489e-09 1.372560239498719220e-02 4.728199270279471913e-05 1.106261610222257366e-03
2.517349650590666298e-03 2.755181558731363833e-01 7.244156433721358201e-01 1.314995758921493422e-09 1.372886352292203294e-02 4.722434804548349997e-05 1.106893244939725907e-03
2.517300408822609539e-03 2.755066998408929324e-01 7.244234347958397047e-01 1.314933415919727586e-09 1.373173595999406180e-02 4.716709751590734745e-05 1.107475284405822586e-03
2.517256402043414019e-03 2.754962732641780820e-01 7.244306813858841787e-01 1.314704191632000745e-09 1.373424552350712737e-02 4.711028202119026999e-05 1.108011153805829293e-03
2.517217760031903277e-03 2.754867978968741915e-01 7.244374166205820309e-01 1.314477910716823334e-09 1.373641434429211453e-02 4.705392589279793608e-05 1.108504230379232574e-03
2.517183512277146144e-03 2.754782143151489060e-01 7.244436892150338814e-01 1.314412476324245412e-09 1.373826463148397105e-02 4.699799890814981081e-05 1.108957153092191960e-03
2.517153909829622938e-03 2.754704550335120294e-01 7.244495253787415212e-01 1.314193380902985047e-09 1.373981836674694618e-02 4.694247558145306284e-05 1.109373100913268930e-03
2.517128125326863891e-03 2.754634599172097187e-01 7.244549642850353077e-01 1.313959649484905711e-09 1.374109353719612028e-02 4.688730605421142719e-05 1.109754359694495448e-03
2.517105876706806928e-03 2.754571739917266449e-01 7.244600274716895827e-01 1.313891285635461793e-09 1.374211032846382047e-02 4.683255137613116911e-05 1.110103769952468624e-03
2.517087487540672647e-03 2.754515442837221495e-01 7.244647449026579977e-01 1.313828876303744855e-09 1.374288444855159899e-02 4.677816238718534827e-05 1.110423589952569574e-03
2.517072266415045813e-03 2.754465231041318130e-01 7.244691376956855500e-01 1.313763196497396968e-09 1.374343183751323624e-02 4.672416516940707725e-05 1.110715487498973230e-03
2.517059838420841744e-03 2.754420645310193261e-01 7.244732344038131711e-01 1.313718758108064382e-09 1.374376986629736140e-02 4.667057184411889712e-05 1.110981963866020886e-03
2.517050650529286965e-03 2.754381205639440666e-01 7.244770550589227920e-01 1.313671332012779002e-09 1.374391168739581143e-02 4.661735602240650654e-05 1.111224757812672055e-03
2.517043463570619883e-03 2.754346553892074168e-01 7.244806143532711573e-01 1.313461957945510601e-09 1.374387089367756776e-02 4.656446450939595084e-05 1.111446299545411787e-03
2.517039197876692891e-03 2.754316307743398529e-01 7.244839385312796809e-01 1.313402719011385322e-09 1.374366067237798791e-02 4.651191089991460839e-05 1.111647813589504907e-03
2.517036945131925253e-03 2.754290207285524650e-01 7.244870463199662991e-01 1.313175350751422423e-09 1.374329198820435465e-02 4.645973826815813127e-05 1.111830214185031756e-03
2.517036856532255552e-03 2.754267908287668654e-01 7.244899540339906352e-01 1.313121526398443311e-09 1.374277593106301883e-02 4.640788027474079320e-05 1.111995485181919334e-03
2.517038983587285058e-03 2.754249111126247374e-01 7.244926729346349292e-01 1.313069626250845751e-09 1.374212194616035963e-02 4.635636446594658714e-05 1.112144757952851113e-03
2.517042757067196844e-03 2.754233492693770602e-01 7.244952215687981978e-01 1.312843099369793366e-09 1.374134212276483663e-02 4.630514050776790775e-05 1.112279376463807699e-03
2.517047973472250413e-03 2.754220845547297736e-01 7.244976097528871284e-01 1.312793677008481697e-09 1.374044319677973983e-02 4.625423132817755526e-05 1.112400612231674362e-03
2.517054346901734675e-03 2.754210827333948841e-01 7.244998523011996205e-01 1.312899911584647578e-09 1.373943435857816892e-02 4.620363493584037979e-05 1.112509692936810603e-03
2.517062648511343616e-03 2.754203332420515071e-01 7.245019530155211163e-01 1.313021385918795361e-09 1.373832342852306272e-02 4.615336241722168425e-05 1.112607071795980451e-03
2.517072005259637316e-03 2.754198112510645169e-01 7.245039343076223881e-01 1.313134485982093360e-09 1.373711766612959254e-02 4.610340997933284039e-05 1.112694192147139355e-03
