4.010510955110598793e-07 6.136621001546174560e-06 2.763778742552948381e-07 0.000000000000000000e+00 1.275186046299218133e-03 9.984412495085412953e-01 0.000000000000000000e+00
1.156460700461772735e-06 1.197732302034733321e-05 6.170311560550992002e-07 0.000000000000000000e+00 3.599413362564653739e-03 9.961326346163366097e-01 0.000000000000000000e+00
1.288188224716612173e-06 1.189152671878193267e-05 6.690469781572195010e-07 1.722713983373016712e-12 6.260349346970443818e-03 9.929978285850086239e-01 0.000000000000000000e+00
1.847971140907547790e-06 2.137642916549857951e-05 1.306368067349728886e-06 1.004914748656915687e-12 9.030572404103097070e-03 9.895575289233115024e-01 0.000000000000000000e+00
1.939159837965170220e-06 1.915779438874129714e-05 2.326389991766097343e-06 1.200403651861560579e-12 1.177945734748957196e-02 9.862087990692126604e-01 0.000000000000000000e+00
1.460408874105564476e-06 1.541882048151960616e-05 7.415012846810850621e-06 1.539819554690665734e-12 1.441346938984107776e-02 9.828729712090834569e-01 1.283182969825076089e-13
1.520359769093444621e-06 3.220123242208798321e-05 3.385836319773051034e-05 1.528914760191956386e-12 1.697044605899912864e-02 9.793947435259979795e-01 0.000000000000000000e+00
2.346720778028122026e-06 7.357516518134211460e-05 8.790489293942075938e-05 3.461021828043373544e-12 1.949231259933004862e-02 9.760736198459979418e-01 8.441516726942691061e-14
2.570978677871890905e-06 9.183854931558925569e-05 1.099267776207704872e-04 6.773832565706069549e-12 2.192973253930932676e-02 9.730743335184950382e-01 1.441240974887769638e-13
2.104838213634095822e-06 8.142608833574438876e-05 9.530534163340832678e-05 1.523816945686121249e-10 2.425717830944101872e-02 9.703421120672924838e-01 6.294163402069542233e-14
1.437961516403860849e-06 6.958341411118322539e-05 7.252752705127826359e-05 1.026753788540391754e-09 2.647030226640764011e-02 9.677818573633338861e-01 1.679165585525263888e-13
9.865278930147236166e-07 6.380681368005752796e-05 5.072321687679317160e-05 2.842962087613981680e-09 2.858721621566101545e-02 9.652549467088271662e-01 1.010004999730915099e-13
6.679065979319627112e-07 5.885519842191001778e-05 3.395158153987925447e-05 5.089450339831398983e-09 3.059661484124514413e-02 9.628445513061655303e-01 4.610385189121263026e-14
5.715418017751383421e-07 5.996149427755698472e-05 2.852967138142099913e-05 6.473226510520140634e-09 3.251603866897281175e-02 9.605709816797244338e-01 1.700370769509778260e-13
5.378601127572683223e-07 8.110706735388515894e-05 3.767918106016611028e-05 6.206542763021929258e-09 3.435661188137320576e-02 9.583584372918009242e-01 7.904460334138515573e-14
8.461432608013024312e-07 1.296948371283015153e-04 6.538630943963644475e-05 6.143702769906974778e-09 3.611082730633183996e-02 9.562141067097998937e-01 7.401962364695844233e-14
3.171395104279188687e-06 1.794131842548195299e-04 9.417650247697392991e-05 5.485287904932619378e-09 3.782902747149995137e-02 9.544391034055534906e-01 2.092503200720764008e-13
1.108788905058615871e-05 2.345264936752997607e-04 1.328014094030507584e-04 4.763238698281703693e-09 3.948236515829128823e-02 9.523010418250538178e-01 4.622323853923626868e-13
1.564970182287591286e-05 3.288866485936642586e-04 1.928602966169087895e-04 4.068305973157805026e-09 4.099006029497582332e-02 9.497367611816384114e-01 1.224400454601194955e-12
1.847340204075413695e-05 4.698111633876805469e-04 2.576367726551194622e-04 3.547672011934124950e-09 4.239197304474563027e-02 9.476190011174451255e-01 2.189365599568084366e-12
2.692869872714095256e-05 6.319767294548409541e-04 3.391043811116671927e-04 3.074403627674191758e-09 4.373443753626604646e-02 9.457832716527084793e-01 2.762138153477239017e-12
4.256632520079191241e-05 8.209096642789346851e-04 4.550231073280565277e-04 2.745149998925064088e-09 4.510324213079747180e-02 9.440456455106199796e-01 3.685397402694790193e-12
6.636833877014962683e-05 1.073510738056157598e-03 6.430527923500873114e-04 2.537242385928324942e-09 4.648913666002382067e-02 9.425032582030579142e-01 4.338631452309733528e-12
9.612696998463012737e-05 1.372148872650959858e-03 9.012944770686053984e-04 2.329947582457582321e-09 4.775337111335820062e-02 9.408085285376163176e-01 4.101974690312415313e-12
1.262515993018409495e-04 1.729056451967406292e-03 1.213692375231351572e-03 2.274302144607905466e-09 4.892158430155587462e-02 9.389224134798664911e-01 4.516258794325327435e-12
1.443971099087699853e-04 2.130002698323923190e-03 1.552026931048545088e-03 2.331209938286513971e-09 5.003672358403676163e-02 9.369356637626924389e-01 9.362091537208531748e-12
1.537873621130677313e-04 2.583982539390358626e-03 1.939732908487920094e-03 2.323847116150643040e-09 5.100479887877068519e-02 9.347239975103597276e-01 1.700177081160246564e-11
1.559667173312624005e-04 3.117279708102431001e-03 2.382426784859185877e-03 2.454491611546821755e-09 5.193599745446520616e-02 9.324181457631457448e-01 2.450107209585133171e-11
1.513199239689396001e-04 3.737452901132134672e-03 2.906214300593300097e-03 2.444715853660199073e-09 5.280142750952658559e-02 9.300091294137665665e-01 2.783305415987108189e-11
1.449993436043635613e-04 4.454036447049423281e-03 3.532148503043825924e-03 2.361275277697651128e-09 5.362281505140872179e-02 9.274578313214288938e-01 3.030279992231817185e-11
1.400546177737653009e-04 5.267932013282294011e-03 4.276698170952030094e-03 2.242050413521502352e-09 5.440970205559330503e-02 9.247905009536362408e-01 2.968620942289436152e-11
1.383055639164738177e-04 6.165941517848065948e-03 5.145949087385224413e-03 2.221011034799983307e-09 5.516828630260564581e-02 9.220302526939030408e-01 3.459301583846023711e-11
1.386384832797864523e-04 7.141789386150529904e-03 6.149527761357043501e-03 2.112835513874092925e-09 5.587719768525925557e-02 9.191194811027683098e-01 3.842221604405353386e-11
1.413998375387863775e-04 8.185297439842326855e-03 7.282026815310862697e-03 2.025700475831044674e-09 5.655902686208531122e-02 9.160850874730197546e-01 4.438731061943838226e-11
1.456304250199803646e-04 9.289161950438953874e-03 8.539084926984045684e-03 1.949552986591150269e-09 5.719676151296220618e-02 9.129203853247884748e-01 4.564149884731083693e-11
1.511942749775722363e-04 1.044263360717168597e-02 9.919087943533078100e-03 1.943774192825454638e-09 5.778713814439650348e-02 9.096207738234625140e-01 6.475662358591790322e-11
1.565407873928361965e-04 1.164344822466091382e-02 1.141674784723508036e-02 1.910823487644822678e-09 5.834162921056682688e-02 9.062118581713149990e-01 9.340611888136256987e-11
1.625779655409584237e-04 1.287784010559949940e-02 1.302927899785706785e-02 1.870283109894789529e-09 5.885273243748387340e-02 9.026943147488550867e-01 1.384238247508320060e-10
1.685185231339686950e-04 1.414352470455409842e-02 1.474824769260172849e-02 1.824976655116486187e-09 5.932720355027484155e-02 8.990564572385028042e-01 2.024869986451416333e-10
1.738741725120725753e-04 1.542911183866165457e-02 1.656974781348911560e-02 1.750912918221864313e-09 5.976593258045260343e-02 8.953427193352955227e-01 2.895378422053250440e-10
1.799320643839490705e-04 1.673225522864471917e-02 1.849293603727870244e-02 1.798739080746912423e-09 6.017020734584708347e-02 8.915618816433247273e-01 3.908269591923693220e-10
1.859203901105616205e-04 1.804826619544304053e-02 2.051180588363049617e-02 1.770301938833929214e-09 6.054359507849514654e-02 8.877227663070192953e-01 5.108654213914581865e-10
1.921086435867528448e-04 1.936915049516007084e-02 2.262249795432598465e-02 1.729743112645273621e-09 6.088759864560334273e-02 8.838418553489048035e-01 6.526150641758362237e-10
1.983437480351339384e-04 2.069245339329118735e-02 2.481987806382518480e-02 1.686181487436335963e-09 6.120475789872168587e-02 8.799170285857306206e-01 8.312784948277161287e-10
2.054023999864878157e-04 2.201313348124091587e-02 2.710236225298463114e-02 1.689368545708358351e-09 6.149612417976236395e-02 8.759608632283523155e-01 1.029834629158638303e-09
2.129500779204622095e-04 2.332860747712019872e-02 2.946788299526047553e-02 1.655974291244701374e-09 6.176028249465503189e-02 8.719682603458717152e-01 1.275451717394503271e-09
2.208152658865164910e-04 2.463767723231373094e-02 3.190936952823239525e-02 1.632569611485569229e-09 6.199918300555894851e-02 8.679570258971208707e-01 1.565334268054226155e-09
2.290463596849016297e-04 2.593805502279548578e-02 3.442175846214576979e-02 1.611311889043773043e-09 6.221783859635331843e-02 8.639304877940522376e-01 1.937516513865265396e-09
2.377886603032486096e-04 2.722934870608134314e-02 3.700209594465971030e-02 1.616645439464287385e-09 6.241732801220927634e-02 8.598950944833569920e-01 2.400020399892262490e-09
2.467138270658654139e-04 2.851038584828980565e-02 3.964564543307574906e-02 1.619935554022680359e-09 6.259299335114369700e-02 8.558460222976196352e-01 2.915566801223111344e-09
2.556611652711029189e-04 2.978103794175923635e-02 4.234676777525690772e-02 1.621113408508440834e-09 6.274688323070083673e-02 8.517815901812197943e-01 3.500024560856910024e-09
2.647671887388254662e-04 3.104110500963619054e-02 4.509972473850214214e-02 1.625291751275871106e-09 6.288067541180593356e-02 8.477120572711085433e-01 4.081026490508978083e-09
2.739040913775895214e-04 3.229227290586954985e-02 4.789975129741195353e-02 1.634210032563992321e-09 6.299504182601084468e-02 8.436260230203412869e-01 4.942287349095041542e-09
2.830290405204742544e-04 3.353480166403055573e-02 5.074154491642106357e-02 1.645435312504307555e-09 6.309224055027128075e-02 8.395283765534813369e-01 5.938816767684580282e-09
2.920891195564340225e-04 3.476821514495432447e-02 5.362132866036204565e-02 1.694175923578224778e-09 6.317410892853883575e-02 8.354233581143573062e-01 7.206478361398719661e-09
3.010695196385385791e-04 3.599369917366003480e-02 5.653615193013512841e-02 1.721377891393708771e-09 6.324321695285139988e-02 8.313130227906376790e-01 8.607935933580271596e-09
3.099568584697485877e-04 3.721149473955297909e-02 5.948084403263071557e-02 1.737081639190151539e-09 6.329596251596376899e-02 8.272033377837104684e-01 1.023426252971315990e-08
3.187826319238713422e-04 3.842247520846036463e-02 6.245054994501077206e-02 1.749388489067791220e-09 6.333273051699159217e-02 8.230862813089665497e-01 1.207537069552194159e-08
3.275146980968450289e-04 3.962672174246626572e-02 6.544232123468246565e-02 1.746878995813476132e-09 6.335430880608591830e-02 8.189654290445296247e-01 1.413823057699848580e-08
3.361778528806838324e-04 4.082556348356955467e-02 6.845174512464584360e-02 1.732284164008685229e-09 6.336172643077818412e-02 8.148400651393417071e-01 1.638072486145809133e-08
3.447335762853060499e-04 4.201904427657671831e-02 7.147624713932092255e-02 1.723113912369478411e-09 6.335784031483214507e-02 8.107158006433881070e-01 1.883061246033843885e-08
3.531796731754456315e-04 4.320783628015882616e-02 7.451298730438739304e-02 1.741466775011357801e-09 6.334182316515875322e-02 8.065900876329358260e-01 2.134655212095937401e-08
3.614783823466501470e-04 4.439270297781184454e-02 7.755855742880821135e-02 1.733072625649632190e-09 6.331607024676882967e-02 8.024657849410604671e-01 2.415043500479099790e-08
3.696681364289333888e-04 4.557341640839929209e-02 8.061007170347560258e-02 1.729386689201808863e-09 6.327963405334720293e-02 7.983477122643862778e-01 2.706439166940117712e-08
3.777330185549297248e-04 4.675057084524331108e-02 8.366540454648756231e-02 1.719998371724104372e-09 6.323274193925826347e-02 7.942359185966753055e-01 3.035455436420635938e-08
3.856565024545090519e-04 4.792431276650081784e-02 8.672269814692089296e-02 1.698641184204228308e-09 6.317476188963914996e-02 7.901311601026056453e-01 3.404318879571113119e-08
3.934238982355417772e-04 4.909539636482117969e-02 8.978046744966611259e-02 1.681705920447405862e-09 6.310704582004557361e-02 7.860364556487886567e-01 3.814112895851997796e-08
4.010146520555987987e-04 5.026394216771141316e-02 9.283683270233229756e-02 1.660223406544908532e-09 6.303015845871612344e-02 7.819527051729114886e-01 4.255857056903253788e-08
4.085036003029316061e-04 5.143004618240067799e-02 9.589018063448299933e-02 1.649632115637064348e-09 6.294492061103233727e-02 7.778800961718905782e-01 4.737715513952121676e-08
4.158728796490635698e-04 5.259423734908734438e-02 9.893927867226186279e-02 1.628675145599466463e-09 6.285163147833956743e-02 7.738209206165114207e-01 5.276578690698774789e-08
4.231734158039376632e-04 5.375656244679036244e-02 1.019827565426755372e-01 1.623215804899532847e-09 6.275017916191656664e-02 7.697755873618473688e-01 5.854115634108786405e-08
4.304096494077820309e-04 5.491695031500495178e-02 1.050200923863161412e-01 1.590999282400236895e-09 6.264081582010067040e-02 7.657464092118031473e-01 6.486542434351350533e-08
4.375411846652807924e-04 5.607554296630171825e-02 1.080503714605632187e-01 1.580731957875316725e-09 6.252482798410505249e-02 7.617363665007451656e-01 7.182404818016698884e-08
4.446034206380878500e-04 5.723229959755400664e-02 1.110727467678048613e-01 1.561740051370492941e-09 6.240164740431936030e-02 7.577447025862109609e-01 7.927717158473834320e-08
4.515875625023936068e-04 5.838749649300993549e-02 1.140864393464980364e-01 1.546764568192791546e-09 6.227138825321565374e-02 7.537717996717624436e-01 8.745462886966734692e-08
4.585112679198932359e-04 5.954119179416346441e-02 1.170906413832682458e-01 1.529508623331013395e-09 6.213441459962852631e-02 7.498197265211221652e-01 9.621029213514288882e-08
4.653979063349073962e-04 6.069343897857354397e-02 1.200846699522566396e-01 1.510094097173542218e-09 6.199102045071532702e-02 7.458889555979060226e-01 1.056769128964246683e-07
4.722212903289942890e-04 6.184414770549280516e-02 1.230687722654729699e-01 1.491149793136520053e-09 6.184164062889269814e-02 7.419820346677218348e-01 1.160905227098812833e-07
4.789700222760361623e-04 6.299348957339372113e-02 1.260418138271170996e-01 1.485850240265375284e-09 6.168615593154432031e-02 7.380989441064196299e-01 1.273012874717898524e-07
4.856629051901378380e-04 6.414127238700863265e-02 1.290042101347606829e-01 1.468285827715180052e-09 6.152548877824845497e-02 7.342392097975118936e-01 1.392131129512973561e-07
4.923196505033054782e-04 6.528725258236851847e-02 1.319555068894989469e-01 1.450163687804568751e-09 6.135936356508443767e-02 7.304036106667979311e-01 1.520349045611772413e-07
4.989160722696789211e-04 6.643174366821760768e-02 1.348955350408335974e-01 1.434217473863319274e-09 6.118753634091300686e-02 7.265928778740473604e-01 1.661008524347321745e-07
5.054659475409907380e-04 6.757472265021956248e-02 1.378240585672343976e-01 1.426644889905377171e-09 6.101037709828457944e-02 7.228076078520128123e-01 1.811529999950547910e-07
5.119862204492029193e-04 6.871601343994698796e-02 1.407409999390296096e-01 1.409315100244882621e-09 6.082817597914480512e-02 7.190481486224584717e-01 1.974269679173678610e-07
5.184638814297658042e-04 6.985548739681750330e-02 1.436463897547605173e-01 1.406535144818474974e-09 6.064124498620948600e-02 7.153140298758170479e-01 2.148106044615445437e-07
5.249016885294162426e-04 7.099300352314640017e-02 1.465401628989060345e-01 1.390722842544772110e-09 6.044955937868042722e-02 7.116053219390187090e-01 2.336767593980244690e-07
5.313021409271221750e-04 7.212862748583485917e-02 1.494222310617639993e-01 1.372466110990980115e-09 6.025340051775364414e-02 7.079224854693654256e-01 2.539615742664736249e-07
5.376688580343110717e-04 7.326235725576046853e-02 1.522926266302960796e-01 1.363696527880967177e-09 6.005297066121493416e-02 7.042657744125740971e-01 2.758374035110236754e-07
5.439898449885052041e-04 7.439381026460217816e-02 1.551517543237751762e-01 1.359936991479822179e-09 5.984861921016425279e-02 7.006347481575461167e-01 2.993347132908508030e-07
5.503272878873341750e-04 7.552310306918973148e-02 1.579991781079269908e-01 1.355103140856791127e-09 5.963965127248092857e-02 6.970297045880011755e-01 3.244975072347539472e-07
5.566442288950213370e-04 7.665024222383828856e-02 1.608351409898489681e-01 1.339657487534638942e-09 5.942684164758924026e-02 6.934499435255705446e-01 3.517379736004215322e-07
5.629499745529168613e-04 7.777520905873192003e-02 1.636601144962636645e-01 1.331496978401740637e-09 5.921028544368005242e-02 6.898960691410297441e-01 3.809044778689217251e-07
5.692301682591901059e-04 7.889765536259933654e-02 1.664745768984727259e-01 1.317811184969772367e-09 5.899045738496391106e-02 6.863675125920625231e-01 4.121256501534201345e-07
5.754814135481151061e-04 8.001766777912502904e-02 1.692780194377478953e-01 1.300471315110986052e-09 5.876724445066606323e-02 6.828642022847803972e-01 4.455244794284777343e-07
5.817261195052679523e-04 8.113485405635606496e-02 1.720709377357247383e-01 1.286568467135159461e-09 5.854097787587379115e-02 6.793860146496368824e-01 4.812869818651150336e-07
5.879978320659458085e-04 8.224954547067360455e-02 1.748528625585289986e-01 1.270159677772847745e-09 5.831168612228405934e-02 6.759324653409640726e-01 5.198901073069993589e-07
5.942558091523329408e-04 8.336136056619283807e-02 1.776239828885818051e-01 1.266094695420638760e-09 5.807889687394456740e-02 6.725066676380804243e-01 5.610167186328976015e-07
6.005057126558577046e-04 8.446997903982667033e-02 1.803847291885526671e-01 1.250124533373427969e-09 5.784295351539577024e-02 6.691033366079256473e-01 6.050181710100948161e-07
6.067440631698569221e-04 8.557560603603099614e-02 1.831353448291279662e-01 1.246163091704010548e-09 5.760441407169593353e-02 6.657242902999243039e-01 6.521694662313627791e-07
6.129741415583243782e-04 8.667835312104746337e-02 1.858763495826880052e-01 1.234570926106309911e-09 5.736353416647289177e-02 6.623725556363799782e-01 7.027699006999860625e-07
6.192017382569023299e-04 8.777772041459518115e-02 1.886075158001998542e-01 1.224528103034333741e-09 5.712017685503373993e-02 6.590447485131976091e-01 7.563243948050717191e-07
6.254200197574641233e-04 8.887388414655193747e-02 1.913288801997854449e-01 1.209191708318270683e-09 5.687446019165750405e-02 6.557402178019433592e-01 8.140888239186077322e-07
6.316553793649565046e-04 8.996633957443658791e-02 1.940402167610683903e-01 1.202318548257173042e-09 5.662600377112579630e-02 6.524592855858879492e-01 8.758949909973298242e-07
6.378693759461176623e-04 9.105517173717460333e-02 1.967412796641181960e-01 1.187026814660276263e-09 5.637523729437879383e-02 6.491989051957547385e-01 9.419260629543831765e-07
6.440595253762400113e-04 9.214030297054638663e-02 1.994323923972672052e-01 1.173972621128768304e-09 5.612247016717118037e-02 6.459601724252298505e-01 1.012401930464543837e-06
6.502369006897594289e-04 9.322148780769838605e-02 2.021143427029243322e-01 1.157508975532231737e-09 5.586775383263795081e-02 6.427429641420252526e-01 1.088310046433085872e-06
6.564076681714591530e-04 9.429889282060881228e-02 2.047873691854060485e-01 1.143688173623571093e-09 5.561151125788092731e-02 6.395522276042300280e-01 1.168535753236962026e-06
6.625904037643781707e-04 9.537215560782326407e-02 2.074512081843633837e-01 1.145071352263742156e-09 5.535343847378589033e-02 6.363841568218847611e-01 1.254367047725004732e-06
6.687645263107560136e-04 9.644112896960166381e-02 2.101054878114765323e-01 1.129801423242005045e-09 5.509346755933829803e-02 6.332368304020531413e-01 1.345532560659413483e-06
6.749189118078459610e-04 9.750598266100168887e-02 2.127506054129298663e-01 1.114398638862084791e-09 5.483194933992504433e-02 6.301097188275582850e-01 1.442950886233861057e-06
6.810673582391868399e-04 9.856663874655996471e-02 2.153869292888985487e-01 1.100328355127910947e-09 5.456893079527169732e-02 6.270059202106018637e-01 1.548053106659798418e-06
6.872126055458369770e-04 9.962260185284613212e-02 2.180146565973220540e-01 1.088304202143678624e-09 5.430462001759912838e-02 6.239249515391365186e-01 1.659706213305254955e-06
6.933566410720873492e-04 1.006737636571718858e-01 2.206331550482433790e-01 1.080203869823218398e-09 5.403903828203085458e-02 6.208653656632602269e-01 1.778354896125556817e-06
6.994953865057396960e-04 1.017201464711128406e-01 2.232430441580416647e-01 1.064551061427788986e-09 5.377229601405066756e-02 6.178259570221836805e-01 1.904141869301431345e-06
7.056314343312958303e-04 1.027615264056193634e-01 2.258438103164960298e-01 1.059853308454005511e-09 5.350432168838511332e-02 6.148063096108113967e-01 2.039094050541242940e-06
7.117401470843479419e-04 1.037983889595100184e-01 2.284358186325531892e-01 1.044871146492730717e-09 5.323552689329311832e-02 6.118096078964979645e-01 2.182690217614114833e-06
7.178460333196363952e-04 1.048300469875719093e-01 2.310186908795032745e-01 1.031782265087181100e-09 5.296583420344355697e-02 6.088339111530930436e-01 2.335577606376936442e-06
7.239464704949826520e-04 1.058560212551354768e-01 2.335924481175937761e-01 1.026296823305572507e-09 5.269531774950200059e-02 6.058774905598357519e-01 2.500194071446485460e-06
7.300340617094647514e-04 1.068765195074425356e-01 2.361583229761373415e-01 1.021028296220813629e-09 5.242412780135161099e-02 6.029416036822133895e-01 2.675069504643578107e-06
7.361278296073922719e-04 1.078919747137497692e-01 2.387153708389343210e-01 1.006839149369421553e-09 5.215264876902727526e-02 6.000275623577076001e-01 2.859543889782752643e-06
7.421966764702326745e-04 1.089015615959071093e-01 2.412632548877263750e-01 9.899474786100824423e-10 5.188061370353744955e-02 5.971346068864633594e-01 3.056872968390867266e-06
7.482476526057794822e-04 1.099054690894973874e-01 2.438010481778555838e-01 9.880533841805282959e-10 5.160804506880723591e-02 5.942604031295605216e-01 3.266756906092361277e-06
7.542957487988959228e-04 1.109032268723719045e-01 2.463300996035470702e-01 9.742383442926411604e-10 5.133513512847612953e-02 5.914066592868107985e-01 3.486254028836212604e-06
7.603311465628069706e-04 1.118948618472866141e-01 2.488512895800218117e-01 9.593922749809399329e-10 5.106196753460079396e-02 5.885737773806331008e-01 3.721176623871523693e-06
7.663601013050248085e-04 1.128807420771417436e-01 2.513631241980598952e-01 9.456062524965378454e-10 5.078850166225963580e-02 5.857616849083623345e-01 3.972059828579999900e-06
7.723695574048138925e-04 1.138601400887203074e-01 2.538647729561235855e-01 9.477987724065799133e-10 5.051517501829676932e-02 5.829688410140451138e-01 4.239694530862533329e-06
7.783562151634507631e-04 1.148329055731104331e-01 2.563567690959267509e-01 9.237715032392476212e-10 5.024186061598426983e-02 5.801970526804605122e-01 4.526930103173507342e-06
7.843362502342540602e-04 1.157991226807535967e-01 2.588404096341852534e-01 9.176583811877032850e-10 4.996861473945139742e-02 5.774457822427850884e-01 4.825636509253608646e-06
7.902886822998878057e-04 1.167589852889604068e-01 2.613139171349405099e-01 9.139292410391113086e-10 4.969543692023476594e-02 5.747142267441751606e-01 5.140934436589861213e-06
7.962118259895265698e-04 1.177119383733119251e-01 2.637775863917412034e-01 9.080873100034674635e-10 4.942262652801249212e-02 5.720019797483418822e-01 5.477947062570201758e-06
8.021453584022267182e-04 1.186575842384182816e-01 2.662313415418478546e-01 8.859026961191903843e-10 4.915032366812754905e-02 5.693103483515306040e-01 5.838445539059838639e-06
8.080516855293606599e-04 1.195960638760824313e-01 2.686757070660967806e-01 8.790972262764428124e-10 4.887861354108897355e-02 5.666390471349105340e-01 6.223172774864349374e-06
8.139173617792737955e-04 1.205270810345129701e-01 2.711096827098389839e-01 8.764604912113569986e-10 4.860738129752784770e-02 5.639886394396916858e-01 6.625300150759348760e-06
8.197683403700736131e-04 1.214513448636991289e-01 2.735330867878834060e-01 8.604266275941476455e-10 4.833656128857685697e-02 5.613586797370960779e-01 7.050855407471559583e-06
8.255868388780869017e-04 1.223680817018487771e-01 2.759459944005328569e-01 8.462516087027173271e-10 4.806665884879340878e-02 5.587489639478446790e-01 7.503147924468675178e-06
8.313879612344786786e-04 1.232771568564826198e-01 2.783485255352907695e-01 8.393760829617707055e-10 4.779750358983865521e-02 5.561593862669990118e-01 7.986033862597229885e-06
8.371524127488362728e-04 1.241779944004379049e-01 2.807403877560207262e-01 8.353055737664261926e-10 4.752919624803623316e-02 5.535903199721082801e-01 8.491508850241325250e-06
8.429112527387688314e-04 1.250713828117264448e-01 2.831212193673562361e-01 8.202994644223545962e-10 4.726197203665008506e-02 5.510417909454494723e-01 9.025975049768975554e-06
8.486399957963006602e-04 1.259566681800554644e-01 2.854909293977566653e-01 8.157877881271912434e-10 4.699582979491610107e-02 5.485143884278705917e-01 9.593052955354386960e-06
8.543468690491865317e-04 1.268339848946390402e-01 2.878495852120435683e-01 7.990932200636784842e-10 4.673096370006693534e-02 5.460084110383340850e-01 1.019472556064291279e-05
8.600375280022540259e-04 1.277033970454007905e-01 2.901963517406950244e-01 7.989844373299501056e-10 4.646715850224821670e-02 5.435230989991424178e-01 1.082059056476577567e-05
8.656669205748919937e-04 1.285644981997638991e-01 2.925321949535381605e-01 7.814386317680952918e-10 4.620490958366974682e-02 5.410587761341603130e-01 1.148447953303697393e-05
8.712642363806813710e-04 1.294168458844713043e-01 2.948556619802235601e-01 7.781463467821075861e-10 4.594419196680560313e-02 5.386154446730034850e-01 1.218568816464292502e-05
8.767879406342979571e-04 1.302605990423355564e-01 2.971666977742077331e-01 7.708746029907928569e-10 4.568483189198110916e-02 5.361934046358732830e-01 1.292885168036043629e-05
8.823555818098940224e-04 1.310962182903027684e-01 2.994655646134055660e-01 7.574447482028378157e-10 4.542709817892935653e-02 5.337926099615852849e-01 1.370697696874392670e-05
8.878577851611658273e-04 1.319232440800135187e-01 3.017525250653813051e-01 7.510793201937030822e-10 4.517106247335191810e-02 5.314137235644429413e-01 1.453024414087023302e-05
8.932880502276698996e-04 1.327412365657957838e-01 3.040256287888415399e-01 7.368628926770577918e-10 4.491722380343829424e-02 5.290566496546311726e-01 1.540009189061909825e-05
8.986667903539651133e-04 1.335507546240609911e-01 3.062853623611468956e-01 7.214894444893256417e-10 4.466514184925749614e-02 5.267214944480417271e-01 1.630788402311965561e-05
9.040240714586318888e-04 1.343509711350884539e-01 3.085318264193639970e-01 7.169228993454835545e-10 4.441491980248945398e-02 5.244079673959650689e-01 1.726241810147587371e-05
9.093607900109815538e-04 1.351422322508490648e-01 3.107651425626279940e-01 7.133629773033714999e-10 4.416661287482023107e-02 5.221161762159772790e-01 1.826471779300844182e-05
9.147071111305826643e-04 1.359248711898190243e-01 3.129851123874194396e-01 7.074001174581611154e-10 4.392050747346856049e-02 5.198461636177967859e-01 1.930995974421773772e-05
9.199354513149489345e-04 1.366986409155903914e-01 3.151916068621301581e-01 7.023796993200690299e-10 4.367671788193035198e-02 5.175987976725525685e-01 2.041447157397550843e-05
9.251355708531598795e-04 1.374633271765105247e-01 3.173836033636953102e-01 6.886935268496215655e-10 4.343515998720118287e-02 5.153737922562028340e-01 2.157424331723181805e-05
9.302842238109708135e-04 1.382185715507215640e-01 3.195610514591300522e-01 6.822691887026757484e-10 4.319598738659003595e-02 5.131711656741483329e-01 2.278241577484445418e-05
9.354086009173245668e-04 1.389652675825054085e-01 3.217238416720575311e-01 6.757427601608248761e-10 4.295932319578582570e-02 5.109908584827307365e-01 2.404314706745840405e-05
9.404870882972948733e-04 1.397028075883052223e-01 3.238717856538215201e-01 6.623366579970693318e-10 4.272518393807714365e-02 5.088333274165525166e-01 2.536765357041798635e-05
9.455101228611789048e-04 1.404309381625397923e-01 3.260043011594116469e-01 6.551765234091434308e-10 4.249369722784916009e-02 5.066983187121901766e-01 2.674614036205167421e-05
9.504717231393560546e-04 1.411498008336030674e-01 3.281212093362059212e-01 6.508282031349758100e-10 4.226481151950847726e-02 5.045859154529985791e-01 2.818756271113436829e-05
9.554050470984191230e-04 1.418589811909985177e-01 3.302234273605832438e-01 6.354929517665409308e-10 4.203861522657020150e-02 5.024962571577656911e-01 2.969471458088197179e-05
9.602931534476219890e-04 1.425588641238808851e-01 3.323098763534370059e-01 6.226094504578710568e-10 4.181517493220183318e-02 5.004299043676417869e-01 3.126134623499648833e-05
9.651242859037996967e-04 1.432505714219569903e-01 3.343798873132223237e-01 6.202385839070454546e-10 4.159472317810217895e-02 4.983864819830706172e-01 3.289231091162036569e-05
9.699122083730941360e-04 1.439325713591443623e-01 3.364346203799785107e-01 6.226516897874966766e-10 4.137730757268628934e-02 4.963661690703585760e-01 3.458881654266014868e-05
9.746499804080098342e-04 1.446050209864517544e-01 3.384718911939780805e-01 6.082199599022971715e-10 4.116324383398974746e-02 4.943685885203881192e-01 3.635299538747679591e-05
9.793299235798327580e-04 1.452684492408447825e-01 3.404926011880687886e-01 6.047946399818836358e-10 4.095257438306858233e-02 4.923943420811267013e-01 3.817989627553705222e-05
9.839862398286342276e-04 1.459227976648387881e-01 3.424972408083835629e-01 5.878474842888917040e-10 4.074461168957447393e-02 4.904432732368248504e-01 4.007995429945077515e-05
9.885746691323815411e-04 1.465681242104327764e-01 3.444845474349539360e-01 5.819577424388027468e-10 4.053990606571866023e-02 4.885152143903522814e-01 4.204625049615629885e-05
9.931383342534811937e-04 1.472044337035621764e-01 3.464545983646707961e-01 5.757698410552980818e-10 4.033876581982747539e-02 4.866104059386363589e-01 4.408426883254404875e-05
9.976429808659799912e-04 1.478318559770579188e-01 3.484077756321306008e-01 5.700264848900440202e-10 4.014104519434648355e-02 4.847285997328040774e-01 4.619179521155766631e-05
1.002097292171181750e-03 1.484503209258374590e-01 3.503427125588449709e-01 5.553557873148528196e-10 3.994646507458844004e-02 4.828703455011826295e-01 4.837037151796194244e-05
1.006504477039244123e-03 1.490598276868816130e-01 3.522601219800610139e-01 5.530505390416660699e-10 3.975547362867855317e-02 4.810346868117382213e-01 5.061905006642147885e-05
1.010859462219024577e-03 1.496604283175961836e-01 3.541596374623035004e-01 5.531289715145494975e-10 3.956818571920577010e-02 4.792223938864298982e-01 5.294200727658805977e-05
1.015168594143508150e-03 1.502526969900064013e-01 3.560412107267501014e-01 5.406461452754971361e-10 3.938451747783226764e-02 4.774332710562653737e-01 5.533515471608464791e-05
1.019443579668088355e-03 1.508362953053106748e-01 3.579045314821012180e-01 5.363866192181374943e-10 3.920436732706799460e-02 4.756670371288893584e-01 5.779988600063739945e-05
1.023660114165118786e-03 1.514110607334900327e-01 3.597500869297882709e-01 5.272689598766498959e-10 3.902808617880462738e-02 4.739248166041533095e-01 6.033292539440057126e-05
1.027802372151876125e-03 1.519774916452311386e-01 3.615770504729177159e-01 5.228986927042949383e-10 3.885549460488231521e-02 4.722055946466192644e-01 6.294134876432904118e-05
1.031912611368476524e-03 1.525356248836180761e-01 3.633850645522644918e-01 5.184525992648327927e-10 3.868654071327577021e-02 4.705084875071616213e-01 6.561794610423411929e-05
1.035982427814138244e-03 1.530857321225339573e-01 3.651746599179316322e-01 5.095867573658102895e-10 3.852165921426786016e-02 4.688337524741217899e-01 6.836106646589668848e-05
1.040046329250801952e-03 1.536278398634185471e-01 3.669446254614027736e-01 5.046273642907429704e-10 3.836051425399167325e-02 4.671813884299512165e-01 7.118039195598068554e-05
1.044012069050597033e-03 1.541616408304982422e-01 3.686962242730403294e-01 4.929756740072869544e-10 3.820319893197030026e-02 4.655525381164269394e-01 7.406221187415801244e-05
1.047951695121941869e-03 1.546875842221623887e-01 3.704299406853430732e-01 4.934186640525835016e-10 3.805009534940763383e-02 4.639465476948486100e-01 7.701982977799384984e-05
1.051794020452326240e-03 1.552058236482626030e-01 3.721437613800748223e-01 4.892368840625036214e-10 3.790070771014431017e-02 4.623624213525351911e-01 8.003769202578929964e-05
1.055623449481973017e-03 1.557167481119876296e-01 3.738382891685594345e-01 4.727551819544796840e-10 3.775546585814873457e-02 4.607999242240814475e-01 8.312108202576037614e-05
1.059428548539937710e-03 1.562202838474184285e-01 3.755132584617223990e-01 4.761928770119867380e-10 3.761420512891815865e-02 4.592589931519528434e-01 8.626764497103216807e-05
1.063179320869959976e-03 1.567164596752057548e-01 3.771689470870195349e-01 4.736554463281661403e-10 3.747693717752532960e-02 4.577398329282704736e-01 8.947414513477952428e-05
1.066874949874082375e-03 1.572054384877167310e-01 3.788060624647902053e-01 4.567352925038101338e-10 3.734373258438664772e-02 4.562426912732386874e-01 9.274169332965827837e-05
1.070542596166337065e-03 1.576871059669104069e-01 3.804232100630012270e-01 4.612476514994879509e-10 3.721439495128782415e-02 4.547670534579245083e-01 9.606664136408725788e-05
1.074158814534067552e-03 1.581622072044815419e-01 3.820213036740510715e-01 4.557032520658369372e-10 3.708935588591544263e-02 4.533120328810372190e-01 9.945045873631834586e-05
1.077721859145025106e-03 1.586302291852353663e-01 3.836001480315106016e-01 4.398419220559182506e-10 3.696826509216105672e-02 4.518791412885423409e-01 1.028898074046879590e-04
1.081228877195265694e-03 1.590915185741602900e-01 3.851596004687683483e-01 4.438932033876393488e-10 3.685135270197250484e-02 4.504671679813272434e-01 1.063752700233054567e-04
1.084738732646897165e-03 1.595462962941078811e-01 3.866994746928317239e-01 4.274840322719090608e-10 3.673855212795169856e-02 4.490751785830610077e-01 1.099161572141812580e-04
1.088182796619776693e-03 1.599946584742332201e-01 3.882202338020202537e-01 4.236691894748314108e-10 3.662988136070303297e-02 4.477038505443210470e-01 1.135005450888130021e-04
1.091573046594180316e-03 1.604367467976279549e-01 3.897216763008811147e-01 4.280915868299002689e-10 3.652526827388124370e-02 4.463527326937697937e-01 1.171331822068735090e-04
1.094951401400782879e-03 1.608727924250112351e-01 3.912033267716101270e-01 4.215146773172043832e-10 3.642474486170443199e-02 4.450219585976867842e-01 1.208046480015894438e-04
1.098268831895762463e-03 1.613027881074513559e-01 3.926664299183714735e-01 4.131883088739377488e-10 3.632828889984007076e-02 4.437106294921433491e-01 1.245153199050694041e-04
1.101552276690506227e-03 1.617270073814357778e-01 3.941099534242429869e-01 4.089292813219318656e-10 3.623600661368707454e-02 4.424193140126638779e-01 1.282673029309760093e-04
1.104801791074280391e-03 1.621456235869276064e-01 3.955341363794181442e-01 4.045088730161970200e-10 3.614779444653734575e-02 4.411470673611945226e-01 1.320452647645056353e-04
1.108007939526232033e-03 1.625585575768825897e-01 3.969398437593735229e-01 3.967848519022817759e-10 3.606355795108134865e-02 4.398943924764976421e-01 1.358617334805616668e-04
1.111174070404747716e-03 1.629659674392130719e-01 3.983263499792941698e-01 3.995989044740470591e-10 3.598337915713087365e-02 4.386604815381666689e-01 1.397029810541558937e-04
1.114311307928383737e-03 1.633684149573212396e-01 3.996934654546028809e-01 3.948780471456052956e-10 3.590732966440539353e-02 4.374450457023767447e-01 1.435732099298037405e-04
1.117414378595139998e-03 1.637654500286895576e-01 4.010423331080474330e-01 3.871598786246991333e-10 3.583522053417699527e-02 4.362483152301107059e-01 1.474654912563543334e-04
1.120479581595732257e-03 1.641573852095437325e-01 4.023721365823209606e-01 3.818977408657565504e-10 3.576708817763043363e-02 4.350696227024729024e-01 1.513721300310135040e-04
1.123506623345786690e-03 1.645445694519410973e-01 4.036835002582530030e-01 3.792786701953613222e-10 3.570295577036336487e-02 4.339090521993289595e-01 1.553008141370699146e-04
1.126503292629763573e-03 1.649269946702122680e-01 4.049762469765856854e-01 3.639928349821087196e-10 3.564289735902521211e-02 4.327661953492383806e-01 1.592441705259186170e-04
1.129467157763132303e-03 1.653046314044720189e-01 4.062504063058533510e-01 3.665499861207097642e-10 3.558668203900541144e-02 4.316406166790218712e-01 1.631893717504433888e-04
1.132415506137590721e-03 1.656777467497471124e-01 4.075057467093538555e-01 3.546362712296212042e-10 3.553445523889309926e-02 4.305326056214675567e-01 1.671482634726206937e-04
1.135318714252943860e-03 1.660463753657970554e-01 4.087434187506686079e-01 3.548908726644179260e-10 3.548613681345097470e-02 4.294412887273821311e-01 1.711032683252324536e-04
1.138185462708001146e-03 1.664108581900106132e-01 4.099628717039706105e-01 3.536444908229930367e-10 3.544170849405859497e-02 4.283663992857906222e-01 1.750639677447518344e-04
1.141027359052375909e-03 1.667709584850572690e-01 4.111641507117338445e-01 3.545020219923373167e-10 3.540114039926323120e-02 4.273083638082499913e-01 1.790162599848433547e-04
1.143842930967839877e-03 1.671271385244142982e-01 4.123472530188657115e-01 3.490764454609164443e-10 3.536438949080979166e-02 4.262661827746344057e-01 1.829736651834095590e-04
1.146626951612097914e-03 1.674793155284346746e-01 4.135130566295036614e-01 3.459540613663039223e-10 3.533147637651754686e-02 4.252399990540187136e-01 1.869183881014060489e-04
1.149391170605904445e-03 1.678276703080148480e-01 4.146611823045255885e-01 3.372736823508842336e-10 3.530237558295787337e-02 4.242293597937400462e-01 1.908515180450578801e-04
1.152108694894394408e-03 1.681722386799224811e-01 4.157918403520597939e-01 3.402198372694742135e-10 3.527706055900737409e-02 4.232340943582315607e-01 1.947738743900968947e-04
1.154819404026487251e-03 1.685130331461497377e-01 4.169051557684667619e-01 3.347794990200986354e-10 3.525485705256915792e-02 4.222540702227621234e-01 1.986779735454419844e-04
1.157504007642984507e-03 1.688504077176591067e-01 4.180011275790279646e-01 3.272372003866343884e-10 3.523562812457071980e-02 4.212887496450846148e-01 2.025642267689332151e-04
1.160148962299070241e-03 1.691840967842755394e-01 4.190803106405414646e-01 3.227790720936112833e-10 3.522019518314216391e-02 4.203382918102522847e-01 2.064313157960544025e-04
1.162761754360930712e-03 1.695145592968204662e-01 4.201424751483976427e-01 3.235111843981604551e-10 3.520925932480777759e-02 4.194020500209437730e-01 2.102708053138031418e-04
1.165381191210634187e-03 1.698416989406279221e-01 4.211878484573473025e-01 3.117514993417759868e-10 3.520224488535923096e-02 4.184802124475564544e-01 2.140817482370221719e-04
1.167946865008274646e-03 1.701656634468452500e-01 4.222165293763298077e-01 3.150317399390096401e-10 3.519881598335456580e-02 4.175722694085635678e-01 2.178717094542388340e-04
1.170503336402141641e-03 1.704864327063783103e-01 4.232292568221471263e-01 3.156229350069742562e-10 3.519882660019129500e-02 4.166782436103456666e-01 2.216277035833377881e-04
1.173040095851270040e-03 1.708040839926999177e-01 4.242256331354440357e-01 3.098154274032210797e-10 3.520244782662770855e-02 4.157973735667992443e-01 2.253425448254979340e-04
1.175532337298708461e-03 1.711187912338139328e-01 4.252059304579513532e-01 3.053599399430214830e-10 3.520935661365619251e-02 4.149299389897163626e-01 2.290234596822652809e-04
1.178023038045796595e-03 1.714307884475848587e-01 4.261702927833419530e-01 3.068549485274056205e-10 3.521975850368872646e-02 4.140755821446703844e-01 2.326661619742133910e-04
1.180487107170788332e-03 1.717398276505517352e-01 4.271187799835462484e-01 3.024777307190492819e-10 3.523357988122650247e-02 4.132339450515603585e-01 2.362726948444934566e-04
1.182932477620701923e-03 1.720461314998392166e-01 4.280518547256981221e-01 2.939441796613359504e-10 3.525070557068904487e-02 4.124045381023771495e-01 2.398305298965762293e-04
1.185352359815368016e-03 1.723498100435600922e-01 4.289697183435799976e-01 2.966341687231816915e-10 3.527122932446066089e-02 4.115872594566601927e-01 2.433400937927358506e-04
1.187737524026183898e-03 1.726510094756077418e-01 4.298725607495657575e-01 2.913411806060930014e-10 3.529503048587984831e-02 4.107822710717667358e-01 2.468129544708039962e-04
1.190124989724306069e-03 1.729498300048064041e-01 4.307600159248071159e-01 2.863174107664136927e-10 3.532198426411339159e-02 4.099893613165829787e-01 2.502420888004326855e-04
1.192488957502024728e-03 1.732456401837928206e-01 4.316329902006654784e-01 2.888561947795576905e-10 3.535203475263737349e-02 4.092078353966311366e-01 2.536130120592263652e-04
1.194819545205282356e-03 1.735387219590287522e-01 4.324924673612669523e-01 2.800540880899569380e-10 3.538529958627132516e-02 4.084380831077708551e-01 2.569255119855235543e-04
1.197148996740397342e-03 1.738297068239901544e-01 4.333368340504283878e-01 2.777964234357244926e-10 3.542178302273356338e-02 4.076791131102178722e-01 2.601977309585438991e-04
1.199467756620276049e-03 1.741181041652563322e-01 4.341662433041718061e-01 2.825130084617960854e-10 3.546126984143985889e-02 4.069311874673563478e-01 2.634107459381004597e-04
1.201748995396067750e-03 1.744042079904508102e-01 4.349809636652089972e-01 2.812500511238671901e-10 3.550373078197565507e-02 4.061943397879000384e-01 2.665763663401569169e-04
1.204013294846208518e-03 1.746884288085558401e-01 4.357812236752040547e-01 2.758005117391462206e-10 3.554973652839255732e-02 4.054684476572146812e-01 2.696712119675455399e-04
1.206268513908606999e-03 1.749702109045870868e-01 4.365676971252885896e-01 2.689091318419017401e-10 3.559926492265860776e-02 4.047530536223732933e-01 2.727169217238008497e-04
1.208479475875285508e-03 1.752500770416715592e-01 4.373399422527799452e-01 2.757787202021063712e-10 3.565203648301171896e-02 4.040484221714794599e-01 2.757065396130835657e-04
1.210681801562955026e-03 1.755275666833845949e-01 4.380988348711691849e-01 2.684040868355991060e-10 3.570723496567360100e-02 4.033537131764050043e-01 2.786337067552303219e-04
1.212844807223683544e-03 1.758030361797652263e-01 4.388443654591689391e-01 2.687783864054931518e-10 3.576494157082574232e-02 4.026687903743469965e-01 2.815075042419680723e-04
1.215013615436986993e-03 1.760765880167715347e-01 4.395764702843346639e-01 2.607929962032926468e-10 3.582547505362376761e-02 4.019934161889455737e-01 2.843113781982986696e-04
1.217176974466819888e-03 1.763477337901262765e-01 4.402954851582834839e-01 2.664199746536928631e-10 3.588862748009621212e-02 4.013270332763899662e-01 2.870523549738567752e-04
1.219327840220839169e-03 1.766164720138805044e-01 4.410018388604051154e-01 2.603025266976394172e-10 3.595447540035592165e-02 4.006702000621634174e-01 2.897386515428113985e-04
1.221451866643292637e-03 1.768833283770878395e-01 4.416952907039039533e-01 2.655123075291832294e-10 3.602294515175469281e-02 4.000219058844039499e-01 2.923793246195826256e-04
1.223557926493814944e-03 1.771483782521651174e-01 4.423763943494745110e-01 2.631204411933399305e-10 3.609422592905100341e-02 3.993833444019653789e-01 2.949472507291062530e-04
1.225651508362932823e-03 1.774117858768527178e-01 4.430460510022673493e-01 2.645093027740094659e-10 3.616829363406789261e-02 3.987537869929373979e-01 2.974519808811968043e-04
1.227750856052776300e-03 1.776740459622143109e-01 4.437040299560743861e-01 2.676557770967020356e-10 3.624507995044508324e-02 3.981331897122254992e-01 2.998946519710368221e-04
1.229832766988758243e-03 1.779345807339200169e-01 4.443492255850631234e-01 2.664519168333535407e-10 3.632413508302309579e-02 3.975211085465112926e-01 3.022627821064103161e-04
1.231849215231208862e-03 1.781929992745746316e-01 4.449814947656169362e-01 2.709196734749269816e-10 3.640588375286242517e-02 3.969162042581613759e-01 3.045645663334452615e-04
1.233803225763991165e-03 1.784498904670241692e-01 4.456017575485323734e-01 2.731527922373317057e-10 3.649059629948317451e-02 3.963167432742289442e-01 3.067898119505436038e-04
1.235744279189218177e-03 1.787059343052870564e-01 4.462086054969252036e-01 2.856318827450026623e-10 3.657813766328942007e-02 3.957221179898045560e-01 3.089749320730295979e-04
1.237724959370898638e-03 1.789597014857802204e-01 4.468039869649596540e-01 2.885495855905880494e-10 3.666820502161494827e-02 3.951361730270935846e-01 3.110915680515939294e-04
1.239721879710637071e-03 1.792108696874700480e-01 4.473887108430024684e-01 2.982130331199659361e-10 3.676061424686608708e-02 3.945613257847807032e-01 3.131411712808536115e-04
