26 
137 190 322 
 
322 
12 142 247 322 
1 3 4 5 8 9 10 11 13 15 17 18 19 20 26 28 29 30 32 36 43 45 46 47 48 49 51 52 54 56 57 58 60 61 62 63 69 73 75 76 80 81 84 85 89 90 91 92 93 95 100 102 104 106 108 109 110 112 113 114 117 120 121 124 128 129 131 132 134 136 137 138 141 145 146 148 153 156 159 163 167 168 172 174 177 179 180 182 184 185 186 187 191 192 193 195 196 197 198 199 200 202 206 210 211 212 214 216 217 220 221 222 224 227 228 230 232 233 235 238 239 241 242 247 248 250 253 255 256 258 259 261 262 265 267 274 275 277 279 282 283 285 288 289 291 292 293 294 295 296 297 300 301 302 304 307 310 312 313 314 317 319 320 322 323 324 325 327 329 331 333 334 336 337 339 342 343 346 347 348 351 353 354 355 358 361 362 366 368 370 371 372 373 374 379 380 381 382 383 384 385 388 389 390 391 392 393 396 399 401 402 405 406 409 410 414 415 416 419 420 421 423 426 428 431 432 437 438 
1 3 4 5 8 9 10 11 12 13 14 15 17 19 20 26 28 29 30 32 34 36 43 45 46 47 48 49 51 52 53 54 57 58 60 62 65 70 73 75 76 80 81 84 85 89 90 92 93 95 100 106 108 109 110 112 113 117 120 121 124 128 129 131 136 137 138 141 142 153 163 167 168 174 177 179 182 184 185 186 187 191 192 195 196 197 198 199 202 210 211 214 217 220 222 224 228 230 232 233 235 238 239 241 247 248 253 255 256 258 259 262 265 267 271 274 275 277 279 283 285 289 291 292 293 294 296 297 298 300 302 307 310 311 312 313 317 319 320 325 329 331 334 336 337 339 342 343 346 347 348 351 353 355 358 361 362 366 368 370 371 372 380 381 382 383 384 385 389 391 392 393 396 399 401 402 405 406 408 410 415 416 421 423 426 428 432 438 
1 3 4 5 8 9 10 11 12 13 14 15 17 18 19 20 21 26 28 29 30 32 36 43 45 46 47 48 49 51 52 54 57 58 60 61 62 63 69 73 75 76 80 81 84 85 89 90 91 92 93 95 96 100 102 104 106 108 109 110 112 113 114 117 120 121 124 128 129 131 132 134 136 137 138 141 142 145 146 148 153 156 163 167 168 172 177 179 180 182 184 185 186 187 190 191 192 193 195 196 197 198 199 200 202 206 210 211 212 214 216 217 220 221 222 224 227 228 230 232 233 235 238 239 241 247 248 250 253 255 256 258 259 260 261 262 265 267 274 275 276 277 279 282 283 285 288 289 291 292 293 294 295 296 297 300 301 302 304 307 309 310 312 313 314 317 319 320 322 323 324 325 327 329 331 333 334 336 337 339 342 343 346 347 348 351 353 354 355 358 361 362 366 368 370 371 372 373 374 379 380 381 382 383 384 385 388 389 390 391 392 393 396 399 401 402 405 406 409 410 414 415 416 419 420 421 423 426 428 431 432 437 438 
1 3 4 5 8 9 10 11 12 13 14 15 17 18 19 20 21 23 26 28 29 30 32 34 36 43 45 46 47 48 49 51 52 53 54 56 57 58 60 61 62 63 65 69 70 73 75 76 79 80 81 84 85 89 90 91 92 93 95 100 102 104 106 108 109 110 112 113 114 117 120 121 123 124 128 129 131 132 134 136 137 138 141 142 145 146 148 153 156 159 163 167 168 170 172 174 177 179 180 182 184 185 186 187 190 191 192 193 195 196 197 198 199 200 202 203 206 207 210 211 212 214 216 217 220 221 222 224 227 228 230 232 233 235 238 239 241 242 247 248 250 253 255 256 258 259 261 262 265 267 274 275 276 277 279 282 283 285 288 289 291 292 293 294 295 296 297 298 300 301 302 304 305 307 310 311 312 313 314 317 319 320 322 323 324 325 327 329 331 333 334 335 336 337 339 341 342 343 346 347 348 349 351 353 354 355 358 361 362 366 368 370 371 372 373 374 379 380 381 382 383 384 385 388 389 390 391 392 393 396 399 401 402 405 406 408 409 410 414 415 416 419 420 421 422 423 426 428 431 432 437 438 
1 3 4 5 8 9 10 11 13 15 17 18 19 20 26 28 29 30 32 36 43 45 46 47 48 49 51 52 54 57 58 60 61 62 63 69 73 75 76 80 81 84 85 89 90 91 92 93 95 100 102 104 106 108 109 110 112 113 114 117 120 121 124 128 129 131 132 134 136 137 138 141 142 145 146 148 153 156 163 167 168 172 174 177 179 180 182 184 185 186 187 190 191 192 193 195 196 197 198 199 200 202 206 210 211 212 214 216 217 220 221 222 224 227 228 230 232 233 235 238 239 241 247 248 250 253 255 256 258 259 261 262 265 267 274 275 277 279 282 283 285 288 289 291 292 293 294 295 296 297 300 301 302 304 307 310 312 313 314 317 319 320 322 323 324 325 327 329 331 333 334 336 337 339 342 343 346 347 348 351 353 354 355 358 361 362 366 368 370 371 372 373 374 379 380 381 382 383 384 385 388 389 390 391 392 393 396 399 401 402 405 406 409 410 414 415 416 419 420 421 423 426 428 431 432 437 438 
1 3 4 5 8 9 10 11 12 13 14 15 17 18 19 20 21 26 28 29 30 32 34 36 43 45 46 47 48 49 51 52 53 54 56 57 58 60 61 62 63 65 69 70 73 75 76 79 80 81 84 85 89 90 91 92 93 95 100 102 104 106 108 109 110 112 113 114 117 120 121 123 124 128 129 131 132 134 136 137 138 141 142 146 148 153 156 163 167 168 170 172 174 177 179 180 182 184 185 186 187 191 192 193 195 196 197 198 199 200 202 203 206 210 211 212 214 216 217 220 222 224 227 228 230 232 233 235 238 239 241 242 247 248 250 253 255 256 258 259 261 262 265 267 271 274 275 276 277 279 282 283 285 288 289 291 292 293 294 295 296 297 298 300 301 302 304 305 307 310 311 312 313 314 317 319 320 322 324 325 327 329 331 333 334 335 336 337 339 342 343 346 347 348 349 351 353 354 355 358 361 362 366 368 370 371 372 373 374 379 380 381 382 383 384 385 388 389 391 392 393 396 399 401 402 405 406 408 409 410 414 415 416 419 420 421 422 423 426 428 431 432 437 438 
12 142 190 247 322 
142 190 322 
12 142 190 247 322 