1 0.990000 1.000000 0.000000 0.000000 0.000000 0.000000 0.990000 0.990000 89.785427 89.785427 -0.000000 -0.000000 11845.894014 -0.000000 40.903664 26.502087 132798.396082 0.854321 792890.034247 -0.000000 582.396467 0.000000 1476.707390 1.112969 50.386535 50.386535 3560.460421 3560.460421 328489.431361 328489.431361 
1 0.090000 1.000000 -0.000000 -0.000000 -0.000000 -0.000000 0.090000 0.090000 89.785427 89.785427 -0.000000 -0.000000 11845.855556 -0.000000 40.897610 26.502278 132797.772649 0.811419 792889.485428 -0.000000 582.396047 0.000000 1476.681907 1.112969 50.386552 50.386552 3560.460385 3560.460385 328489.470084 328489.470084 
1 0.100000 1.000000 -0.000000 -0.000000 0.000000 0.000000 0.100000 0.100000 89.785427 89.785427 -0.000000 -0.000000 11845.845844 -0.000000 40.900482 26.502254 132797.779537 0.811622 792886.445649 -0.000000 582.403092 0.000000 1476.756874 1.112968 50.386588 50.386588 3560.460194 3560.460194 328489.459354 328489.459354 
1 0.110000 1.000000 -0.000000 -0.000000 0.000000 0.000000 0.110000 0.110000 89.785427 89.785427 -0.000000 -0.000000 11845.845699 -0.000000 40.895637 26.505615 132797.786068 0.811831 792886.223407 -0.000000 582.395924 0.000000 1476.508651 1.113394 50.386514 50.386514 3560.460438 3560.460438 328489.475914 328489.475914 
1 0.120000 1.000000 0.000000 0.000000 0.000000 0.000000 0.120000 0.120000 89.785428 89.785428 -0.000000 -0.000000 11845.845826 -0.000000 40.897931 26.502262 132797.792996 0.812041 792886.218117 -0.000000 582.395943 0.000000 1476.434477 1.112969 50.386471 50.386471 3560.460650 3560.460650 328489.489364 328489.489364 
1 0.130000 1.000000 -0.000000 -0.000000 -0.000000 -0.000000 0.130000 0.130000 89.785428 89.785428 -0.000000 -0.000000 11845.855766 -0.000000 40.896071 26.502272 132797.798992 0.812254 792889.508943 -0.000000 582.396064 0.000000 1476.411203 1.112969 50.386608 50.386608 3560.460217 3560.460217 328489.502472 328489.502472 
1 0.140000 1.000000 -0.000000 -0.000000 0.000000 0.000000 0.140000 0.140000 89.785427 89.785427 -0.000000 -0.000000 11845.919956 -0.000000 40.902508 26.505877 132797.805720 0.812474 792886.223752 -0.000000 582.395938 0.000000 1476.438278 1.113394 50.386555 50.386555 3560.460282 3560.460282 328489.460591 328489.460591 
1 0.150000 1.000000 -0.000000 -0.000000 0.000000 0.000000 0.150000 0.150000 89.785428 89.785428 -0.000000 -0.000000 11845.856004 -0.000000 40.901486 26.505404 132797.812264 0.812702 792889.538446 -0.000000 582.396081 0.000000 1476.501122 1.113394 50.386494 50.386494 3560.460485 3560.460485 328489.490445 328489.490445 
1 0.160000 1.000000 -0.000000 -0.000000 0.000000 0.000000 0.160000 0.160000 89.785427 89.785427 -0.000000 -0.000000 11845.856056 -0.000000 40.900480 26.502255 132797.819280 0.812634 792889.544108 -0.000000 582.396086 0.000000 1476.534497 1.112969 50.386573 50.386573 3560.460331 3560.460331 328489.509475 328489.509475 
1 0.170000 1.000000 0.000000 0.000000 0.000000 0.000000 0.170000 0.170000 89.785427 89.785427 -0.000000 -0.000000 11845.855983 -0.000000 40.896588 26.502255 132797.825460 0.812862 792889.533168 -0.000000 582.396082 0.000000 1476.552123 1.112969 50.386517 50.386517 3560.460362 3560.460362 328489.449121 328489.449121 
1 0.180000 1.000000 0.000000 0.000000 0.000000 0.000000 0.180000 0.180000 89.785427 89.785427 -0.000000 -0.000000 11845.856165 -0.000000 40.915404 26.502253 132797.832241 0.813094 792889.556234 -0.000000 582.396094 0.000000 1476.749984 1.112969 50.386418 50.386418 3560.460840 3560.460840 328489.528742 328489.528742 
1 0.000000 1.000000 -0.000000 -0.000000 0.000000 0.000000 0.000000 0.000000 89.785428 89.785428 -0.000000 -0.000000 11845.855079 -0.000000 40.898547 26.502283 132797.679831 0.809810 792889.431774 -0.000000 582.402723 0.000000 1476.747838 1.112969 50.386497 50.386497 3560.460464 3560.460464 328489.466893 328489.466893 
1 0.190000 1.000000 -0.000000 -0.000000 0.000000 0.000000 0.190000 0.190000 89.785428 89.785428 -0.000000 -0.000000 11845.845760 -0.000000 40.894363 26.502253 132798.122018 0.813330 792886.237669 -0.000000 582.395928 0.000000 1476.371227 1.112969 50.386560 50.386560 3560.460225 3560.460225 328489.468863 328489.468863 
1 0.200000 1.000000 0.000000 0.000000 0.000000 0.000000 0.200000 0.200000 89.785426 89.785426 -0.000000 -0.000000 11845.868147 -0.000000 40.894863 26.505394 132797.845598 0.813571 792889.550854 -0.000000 582.408166 0.000000 1476.639850 1.113394 50.386589 50.386589 3560.460160 3560.460160 328489.464599 328489.464599 
1 0.210000 1.000000 0.000000 0.000000 0.000000 0.000000 0.210000 0.210000 89.785428 89.785428 -0.000000 -0.000000 11845.856327 -0.000000 40.898062 26.502240 132797.852240 0.813816 792889.574153 -0.000000 582.396108 0.000000 1476.358245 1.112968 50.386539 50.386539 3560.460380 3560.460380 328489.503009 328489.503009 
1 0.220000 1.000000 0.000000 0.000000 -0.000000 -0.000000 0.220000 0.220000 89.785427 89.785427 -0.000000 -0.000000 11845.856380 -0.000000 40.897318 26.507648 132797.858965 0.814065 792889.579874 -0.000000 582.396112 0.000000 1476.580116 1.113394 50.386549 50.386549 3560.460309 3560.460309 328489.471089 328489.471089 
1 0.230000 1.000000 0.000000 0.000000 0.000000 0.000000 0.230000 0.230000 89.785428 89.785428 -0.000000 -0.000000 11845.856308 -0.000000 40.899965 26.506802 132797.865379 0.815609 792889.569067 -0.000000 582.396108 0.000000 1476.512891 1.113394 50.386515 50.386515 3560.460376 3560.460376 328489.451341 328489.451341 
1 0.240000 1.000000 0.000000 0.000000 0.000000 0.000000 0.240000 0.240000 89.785427 89.785427 -0.000000 -0.000000 11845.856364 -0.000000 40.913668 26.502237 132797.872699 0.814989 792889.575281 -0.000000 582.396112 0.000000 1476.740607 1.112968 50.386414 50.386414 3560.460892 3560.460892 328489.518338 328489.518338 
1 0.250000 1.000000 0.000000 0.000000 0.000000 0.000000 0.250000 0.250000 89.785428 89.785428 -0.000000 -0.000000 11845.856420 -0.000000 40.898237 26.502234 132797.879221 0.815251 792889.581541 -0.000000 582.396117 0.000000 1476.708648 1.112968 50.386490 50.386490 3560.460588 3560.460588 328489.504225 328489.504225 
1 0.260000 1.000000 -0.000000 -0.000000 -0.000000 -0.000000 0.260000 0.260000 89.785427 89.785427 -0.000000 -0.000000 11845.856601 -0.000000 40.894892 26.502232 132797.885705 0.815523 792889.604200 -0.000000 582.396130 0.000000 1476.504843 1.112968 50.386343 50.386343 3560.461074 3560.461074 328489.536453 328489.536453 
1 0.270000 1.000000 0.000000 0.000000 -0.000000 -0.000000 0.270000 0.270000 89.785427 89.785427 -0.000000 -0.000000 11845.856654 -0.000000 40.897665 26.502242 132797.892303 0.818507 792889.610026 -0.000000 582.404794 0.000000 1476.631425 1.112969 50.386474 50.386474 3560.460554 3560.460554 328489.482738 328489.482738 
1 0.280000 1.000000 0.000000 0.000000 0.000000 0.000000 0.280000 0.280000 89.785428 89.785428 -0.000000 -0.000000 11845.856580 -0.000000 40.897322 26.502239 132799.077045 0.816054 792889.599014 -0.000000 582.396130 0.000000 1476.387768 1.112969 50.386458 50.386458 3560.460578 3560.460578 328489.489510 328489.489510 
1 0.010000 1.000000 0.000000 0.000000 0.000000 0.000000 0.010000 0.010000 89.785427 89.785427 -0.000000 -0.000000 11845.855254 -0.000000 40.905761 26.502266 132797.720367 0.812401 792889.454513 -0.000000 582.396021 0.000000 1476.506214 1.112968 50.386510 50.386510 3560.460461 3560.460461 328489.501943 328489.501943 
1 0.290000 1.000000 0.000000 0.000000 0.000000 0.000000 0.290000 0.290000 89.785427 89.785427 -0.000000 -0.000000 11845.845670 -0.000000 40.897327 26.502228 132797.906243 0.816421 792886.266188 -0.000000 582.395907 0.000000 1476.504712 1.112968 50.386434 50.386434 3560.460679 3560.460679 328489.471919 328489.471919 
1 0.300000 1.000000 -0.000000 -0.000000 0.000000 0.000000 0.300000 0.300000 89.785428 89.785428 -0.000000 -0.000000 11845.856820 -0.000000 40.897410 26.502244 132797.912629 0.816561 792889.628280 -0.000000 582.396148 0.000000 1476.493216 1.112970 50.386474 50.386474 3560.460454 3560.460454 328489.468115 328489.468115 
1 0.310000 1.000000 0.000000 0.000000 -0.000000 -0.000000 0.310000 0.310000 89.785427 89.785427 -0.000000 -0.000000 11845.856742 -0.000000 40.894320 26.505343 132797.919964 0.816312 792889.616853 -0.000000 582.396143 0.000000 1476.411709 1.113394 50.386529 50.386529 3560.460379 3560.460379 328489.463142 328489.463142 
1 0.320000 1.000000 -0.000000 -0.000000 0.000000 0.000000 0.320000 0.320000 89.785427 89.785427 -0.000000 -0.000000 11845.856929 -0.000000 40.896527 26.502231 132797.925959 0.817119 792889.640084 -0.000000 582.396156 0.000000 1476.476754 1.112969 50.386515 50.386515 3560.460421 3560.460421 328489.464548 328489.464548 
1 0.330000 1.000000 0.000000 0.000000 0.000000 0.000000 0.330000 0.330000 89.785427 89.785427 -0.000000 -0.000000 11845.845518 -0.000000 40.894281 26.502231 132797.932862 0.817589 792886.285609 -0.000000 582.395881 0.000000 1476.390552 1.112969 50.386554 50.386554 3560.460292 3560.460292 328489.487379 328489.487379 
1 0.340000 1.000000 -0.000000 -0.000000 0.000000 0.000000 0.340000 0.340000 89.785427 89.785427 -0.000000 -0.000000 11845.856908 -0.000000 40.894479 26.502230 132797.939715 0.817875 792889.634997 -0.000000 582.396157 0.000000 1476.508543 1.112969 50.386617 50.386617 3560.460061 3560.460061 328489.459026 328489.459026 
1 0.350000 1.000000 0.000000 0.000000 -0.000000 -0.000000 0.350000 0.350000 89.785428 89.785428 -0.000000 -0.000000 11845.857098 -0.000000 40.897322 26.506826 132797.946376 0.818161 792889.658595 -0.000000 582.396170 0.000000 1476.457912 1.113394 50.386557 50.386557 3560.460277 3560.460277 328489.472898 328489.472898 
1 0.360000 1.000000 -0.000000 -0.000000 -0.000000 -0.000000 0.360000 0.360000 89.785427 89.785427 -0.000000 -0.000000 11845.857020 -0.000000 40.898071 26.502216 132797.952964 0.818081 792889.647265 -0.000000 582.402953 0.000000 1476.536750 1.112968 50.386592 50.386592 3560.460186 3560.460186 328489.464161 328489.464161 
1 0.370000 1.000000 -0.000000 -0.000000 0.000000 0.000000 0.370000 0.370000 89.785427 89.785427 -0.000000 -0.000000 11845.857209 -0.000000 40.897830 26.506775 132797.960187 0.818410 792889.670599 -0.000000 582.396179 0.000000 1476.621038 1.113394 50.386514 50.386514 3560.460370 3560.460370 328489.483241 328489.483241 
1 0.380000 1.000000 0.000000 0.000000 0.000000 0.000000 0.380000 0.380000 89.785427 89.785427 -0.000000 -0.000000 11845.845601 -0.000000 40.897949 26.502213 132797.966776 0.818987 792886.291809 -0.000000 582.395890 0.000000 1476.619991 1.112968 50.386574 50.386574 3560.460254 3560.460254 328489.470456 328489.470456 
1 0.020000 1.000000 -0.000000 -0.000000 0.000000 0.000000 0.020000 0.020000 89.785428 89.785428 -0.000000 -0.000000 11845.855184 -0.000000 40.904201 26.506142 132797.727189 0.810084 792889.443662 -0.000000 582.396017 0.000000 1476.421160 1.113394 50.386586 50.386586 3560.460212 3560.460212 328489.474791 328489.474791 
1 0.390000 1.000000 -0.000000 -0.000000 0.000000 0.000000 0.390000 0.390000 89.785428 89.785428 -0.000000 -0.000000 11845.857187 -0.000000 40.896842 26.506817 132797.974025 0.821498 792889.665382 -0.000000 582.396179 0.000000 1476.703250 1.113394 50.386588 50.386588 3560.460175 3560.460175 328489.471380 328489.471380 
1 0.400000 1.000000 -0.000000 -0.000000 -0.000000 -0.000000 0.400000 0.400000 89.785427 89.785427 -0.000000 -0.000000 11845.857376 -0.000000 40.895542 26.500965 132797.944197 0.822218 792889.688640 -0.000000 582.396193 0.000000 1476.451725 1.112969 50.386664 50.386664 3560.459771 3560.459771 328489.402648 328489.402648 
1 0.410000 1.000000 -0.000000 -0.000000 0.000000 0.000000 0.410000 0.410000 89.785427 89.785427 -0.000000 -0.000000 11845.857432 -0.000000 40.901530 26.502218 132797.987037 0.820283 792889.694763 -0.000000 582.396197 0.000000 1476.430558 1.112969 50.386515 50.386515 3560.460413 3560.460413 328489.481103 328489.481103 
1 0.420000 1.000000 0.000000 0.000000 0.000000 0.000000 0.420000 0.420000 89.785427 89.785427 -0.000000 -0.000000 11845.921679 -0.000000 40.894868 26.506736 132797.993951 0.820372 792886.303347 -0.000000 582.395883 0.000000 1476.336276 1.113394 50.386506 50.386506 3560.460327 3560.460327 328489.444680 328489.444680 
1 0.430000 1.000000 -0.000000 -0.000000 0.000000 0.000000 0.430000 0.430000 89.785427 89.785427 -0.000000 -0.000000 11845.857544 -0.000000 40.898138 26.502219 132798.001286 0.820600 792889.706787 -0.000000 582.396206 0.000000 1476.358305 1.112970 50.386609 50.386609 3560.460119 3560.460119 328489.469342 328489.469342 
1 0.440000 1.000000 0.000000 0.000000 0.000000 0.000000 0.440000 0.440000 89.785427 89.785427 -0.000000 -0.000000 11845.857602 -0.000000 40.898037 26.506473 132798.008007 0.821726 792889.713121 -0.000000 582.396211 0.000000 1476.347415 1.113394 50.386470 50.386470 3560.460563 3560.460563 328489.503185 328489.503185 
1 0.450000 1.000000 0.000000 0.000000 -0.000000 -0.000000 0.450000 0.450000 89.785427 89.785427 -0.000000 -0.000000 11845.857657 -0.000000 40.895828 26.502211 132798.014729 0.820993 792889.719002 -0.000000 582.396216 0.000000 1476.472418 1.112969 50.386558 50.386558 3560.460380 3560.460380 328489.511613 328489.511613 
1 0.460000 1.000000 -0.000000 -0.000000 -0.000000 -0.000000 0.460000 0.460000 89.785427 89.785427 -0.000000 -0.000000 11845.845424 -0.000000 40.901201 26.507177 132798.021580 0.821435 792886.323591 -0.000000 582.395856 0.000000 1476.365605 1.113394 50.386510 50.386510 3560.460413 3560.460413 328489.483746 328489.483746 
1 0.470000 1.000000 -0.000000 -0.000000 -0.000000 -0.000000 0.470000 0.470000 89.785427 89.785427 -0.000000 -0.000000 11845.857770 -0.000000 40.899025 26.505273 132798.027996 0.821900 792889.731141 -0.000000 582.396225 0.000000 1476.661460 1.113394 50.386612 50.386612 3560.460094 3560.460094 328489.455907 328489.455907 
1 0.480000 1.000000 -0.000000 -0.000000 0.000000 0.000000 0.480000 0.480000 89.785427 89.785427 -0.000000 -0.000000 11845.857692 -0.000000 40.894466 26.502202 132798.035198 0.822189 792889.720027 -0.000000 582.396220 0.000000 1476.571616 1.112969 50.386428 50.386428 3560.460625 3560.460625 328489.498949 328489.498949 
1 0.030000 1.000000 0.000000 0.000000 -0.000000 -0.000000 0.030000 0.030000 89.785428 89.785428 -0.000000 -0.000000 11845.855361 -0.000000 40.897117 26.502272 132797.733540 0.810253 792889.466608 -0.000000 582.396030 0.000000 1476.381671 1.112968 50.386577 50.386577 3560.460224 3560.460224 328489.446463 328489.446463 
1 0.490000 1.000000 -0.000000 -0.000000 0.000000 0.000000 0.490000 0.490000 89.785427 89.785427 -0.000000 -0.000000 11845.857746 -0.000000 40.894440 26.506182 132798.041919 0.822535 792889.725857 -0.000000 582.396225 0.000000 1476.376909 1.113394 50.386558 50.386558 3560.460383 3560.460383 328489.473682 328489.473682 
1 0.500000 1.000000 -0.000000 -0.000000 0.000000 0.000000 0.500000 0.500000 89.785427 89.785427 -0.000000 -0.000000 11845.857942 -0.000000 40.896398 26.502200 132798.049040 0.822884 792889.749666 -0.000000 582.396239 0.000000 1476.544756 1.112969 50.386556 50.386556 3560.460352 3560.460352 328489.482526 328489.482526 
1 0.510000 1.000000 0.000000 0.000000 0.000000 0.000000 0.510000 0.510000 89.785427 89.785427 -0.000000 -0.000000 11845.846552 -0.000000 40.905270 26.502196 132798.055855 0.823532 792886.663861 -0.000000 582.403199 0.000000 1476.738489 1.112969 50.386586 50.386586 3560.460235 3560.460235 328489.474731 328489.474731 
1 0.520000 1.000000 -0.000000 -0.000000 0.000000 0.000000 0.520000 0.520000 89.785428 89.785428 -0.000000 -0.000000 11845.858056 -0.000000 40.902989 26.506595 132798.062716 0.824113 792889.761861 -0.000000 582.396248 0.000000 1476.812034 1.113394 50.386527 50.386527 3560.460405 3560.460405 328489.438906 328489.438906 
1 0.530000 1.000000 0.000000 0.000000 0.000000 0.000000 0.530000 0.530000 89.785427 89.785427 -0.000000 -0.000000 11845.845497 -0.000000 40.899239 26.506666 132798.069830 0.824508 792886.335483 -0.000000 582.395863 0.000000 1476.448388 1.113394 50.386500 50.386500 3560.460528 3560.460528 328489.455525 328489.455525 
1 0.540000 1.000000 -0.000000 -0.000000 0.000000 0.000000 0.540000 0.540000 89.785427 89.785427 -0.000000 -0.000000 11845.858169 -0.000000 40.899659 26.502185 132798.076456 0.824920 792889.773959 -0.000000 582.402997 0.000000 1476.358985 1.112969 50.386523 50.386523 3560.460333 3560.460333 328489.416865 328489.416865 
1 0.550000 1.000000 0.000000 0.000000 -0.000000 -0.000000 0.550000 0.550000 89.785427 89.785427 -0.000000 -0.000000 11845.879517 -0.000000 40.895720 26.502193 132798.083855 0.825319 792889.762568 -0.000000 582.410520 0.000000 1476.338620 1.112969 50.386512 50.386512 3560.460406 3560.460406 328489.405764 328489.405764 
1 0.560000 1.000000 -0.000000 -0.000000 0.000000 0.000000 0.560000 0.560000 89.785428 89.785428 -0.000000 -0.000000 11845.858285 -0.000000 40.895556 26.505233 132798.090183 0.825736 792889.786321 -0.000000 582.396267 0.000000 1476.328648 1.113394 50.386502 50.386502 3560.460459 3560.460459 328489.454884 328489.454884 
1 0.570000 1.000000 -0.000000 -0.000000 -0.000000 -0.000000 0.570000 0.570000 89.785428 89.785428 -0.000000 -0.000000 11845.845356 -0.000000 40.898159 26.502188 132798.097793 0.826114 792897.279189 -0.000000 582.395837 0.000000 1476.518629 1.112969 50.386606 50.386606 3560.460056 3560.460056 328489.437539 328489.437539 
1 0.580000 1.000000 -0.000000 -0.000000 0.000000 0.000000 0.580000 0.580000 89.785428 89.785428 -0.000000 -0.000000 11845.858259 -0.000000 40.895954 26.506165 132798.104416 0.826576 792889.780931 -0.000000 582.396267 0.000000 1476.497817 1.113394 50.386574 50.386574 3560.460242 3560.460242 328489.441331 328489.441331 
1 0.040000 1.000000 -0.000000 -0.000000 0.000000 0.000000 0.040000 0.040000 89.785428 89.785428 -0.000000 -0.000000 11845.914330 -0.000000 40.896942 26.506200 132797.739971 0.810440 792889.455745 -0.000000 582.396026 0.000000 1476.420076 1.113394 50.386493 50.386493 3560.460543 3560.460543 328489.465159 328489.465159 
1 0.590000 1.000000 0.000000 0.000000 -0.000000 -0.000000 0.590000 0.590000 89.785428 89.785428 -0.000000 -0.000000 11845.858455 -0.000000 40.895443 26.502182 132798.111405 0.827046 792889.804428 -0.000000 582.396281 0.000000 1476.427281 1.112969 50.386529 50.386529 3560.460445 3560.460445 328489.454013 328489.454013 
1 0.600000 1.000000 0.000000 0.000000 -0.000000 -0.000000 0.600000 0.600000 89.785427 89.785427 -0.000000 -0.000000 11845.858512 -0.000000 40.894829 26.506189 132798.118326 0.827522 792889.810477 -0.000000 582.396286 0.000000 1476.460376 1.113394 50.386613 50.386613 3560.460078 3560.460078 328489.469935 328489.469935 
1 0.610000 1.000000 -0.000000 -0.000000 -0.000000 -0.000000 0.610000 0.610000 89.785428 89.785428 -0.000000 -0.000000 11845.858575 -0.000000 40.895036 26.502158 132798.125295 0.827998 792889.817265 -0.000000 582.396291 0.000000 1476.348736 1.112968 50.386629 50.386629 3560.459932 3560.459932 328489.404644 328489.404644 
1 0.620000 1.000000 -0.000000 -0.000000 -0.000000 -0.000000 0.620000 0.620000 89.785428 89.785428 -0.000000 -0.000000 11845.845332 -0.000000 40.896560 26.502186 132798.132163 0.828616 792886.370983 -0.000000 582.395829 0.000000 1476.344379 1.112970 50.386600 50.386600 3560.460204 3560.460204 328489.472199 328489.472199 
1 0.630000 1.000000 0.000000 0.000000 -0.000000 -0.000000 0.630000 0.630000 89.785427 89.785427 -0.000000 -0.000000 11845.858689 -0.000000 40.895150 26.502174 132798.139645 0.828904 792889.829276 -0.000000 582.396300 0.000000 1476.585332 1.112969 50.386585 50.386585 3560.460231 3560.460231 328489.467254 328489.467254 
1 0.640000 1.000000 -0.000000 -0.000000 -0.000000 -0.000000 0.640000 0.640000 89.785428 89.785428 -0.000000 -0.000000 11845.858747 -0.000000 40.903832 26.502164 132798.146683 0.829446 792889.835481 -0.000000 582.396305 0.000000 1476.447675 1.112969 50.386617 50.386617 3560.460154 3560.460154 328489.458022 328489.458022 
1 0.650000 1.000000 -0.000000 -0.000000 -0.000000 -0.000000 0.650000 0.650000 89.785428 89.785428 -0.000000 -0.000000 11845.858665 -0.000000 40.898310 26.502159 132798.153422 0.829853 792889.824115 -0.000000 582.396300 0.000000 1476.645978 1.112968 50.386512 50.386512 3560.460484 3560.460484 328489.470026 328489.470026 
1 0.660000 1.000000 -0.000000 -0.000000 0.000000 0.000000 0.660000 0.660000 89.785428 89.785428 -0.000000 -0.000000 11845.858718 -0.000000 40.896160 26.502172 132798.160347 0.832681 792889.829714 -0.000000 582.396305 0.000000 1476.473754 1.112970 50.386543 50.386543 3560.460390 3560.460390 328489.480061 328489.480061 
1 0.670000 1.000000 0.000000 0.000000 -0.000000 -0.000000 0.670000 0.670000 89.785428 89.785428 0.000000 0.000000 11846.032352 -0.000000 40.895456 26.507465 132798.167172 0.831176 792906.700497 -0.000000 582.406503 0.000000 1476.502316 1.113394 50.386530 50.386530 3560.460458 3560.460458 328489.485111 328489.485111 
1 0.680000 1.000000 0.000000 0.000000 0.000000 0.000000 0.680000 0.680000 89.785428 89.785428 -0.000000 -0.000000 11845.858980 -0.000000 40.896020 26.502164 132798.174421 0.831780 792889.860127 -0.000000 582.396324 0.000000 1476.399996 1.112969 50.386618 50.386618 3560.460120 3560.460120 328489.469246 328489.469246 
1 0.050000 1.000000 0.000000 0.000000 -0.000000 -0.000000 0.050000 0.050000 89.785427 89.785427 -0.000000 -0.000000 11845.855469 -0.000000 40.898906 26.506790 132798.294374 0.810630 792889.478795 -0.000000 582.396038 0.000000 1476.446203 1.113394 50.386575 50.386575 3560.460358 3560.460358 328489.493580 328489.493580 
1 0.690000 1.000000 0.000000 0.000000 -0.000000 -0.000000 0.690000 0.690000 89.785427 89.785427 -0.000000 -0.000000 11845.845296 -0.000000 40.899493 26.502163 132798.181807 0.834667 792886.392200 -0.000000 582.395818 0.000000 1476.562682 1.112969 50.386565 50.386565 3560.460334 3560.460334 328489.456533 328489.456533 
1 0.700000 1.000000 0.000000 0.000000 -0.000000 -0.000000 0.700000 0.700000 89.785428 89.785428 -0.000000 -0.000000 11845.858953 -0.000000 40.899359 26.502161 132798.188744 0.832476 792889.854614 -0.000000 582.396324 0.000000 1476.558140 1.112969 50.386586 50.386586 3560.460318 3560.460318 328489.505102 328489.505102 
1 0.710000 1.000000 -0.000000 -0.000000 -0.000000 -0.000000 0.710000 0.710000 89.785427 89.785427 -0.000000 -0.000000 11845.845287 -0.000000 40.893981 26.503924 132798.195423 0.833546 792886.398278 -0.000000 582.395814 0.000000 1476.293923 1.113390 50.386585 50.386585 3560.460260 3560.460260 328489.479317 328489.479317 
1 0.720000 1.000000 0.000000 0.000000 0.000000 0.000000 0.720000 0.720000 89.785427 89.785427 -0.000000 -0.000000 11845.859074 -0.000000 40.900618 26.502149 132798.202946 0.834127 792889.867372 -0.000000 582.396334 0.000000 1476.416946 1.112969 50.386558 50.386558 3560.460329 3560.460329 328489.486527 328489.486527 
1 0.730000 1.000000 -0.000000 -0.000000 0.000000 0.000000 0.730000 0.730000 89.785428 89.785428 -0.000000 -0.000000 11845.859126 -0.000000 40.896980 26.502149 132798.209519 0.834713 792889.872732 -0.000000 582.396338 0.000000 1476.362467 1.112969 50.386582 50.386582 3560.460249 3560.460249 328489.463509 328489.463509 
1 0.740000 1.000000 -0.000000 -0.000000 0.000000 0.000000 0.740000 0.740000 89.785427 89.785427 -0.000000 -0.000000 11845.859187 -0.000000 40.895193 26.502154 132798.216579 0.837630 792889.879246 -0.000000 582.396343 0.000000 1476.354158 1.112969 50.386648 50.386648 3560.460119 3560.460119 328489.454345 328489.454345 
1 0.750000 1.000000 -0.000000 -0.000000 -0.000000 -0.000000 0.750000 0.750000 89.785427 89.785427 -0.000000 -0.000000 11845.859245 -0.000000 40.893763 26.502141 132798.223773 0.838269 792889.885361 -0.000000 582.396348 0.000000 1476.389817 1.112969 50.386517 50.386517 3560.460504 3560.460504 328489.465279 328489.465279 
1 0.760000 1.000000 -0.000000 -0.000000 -0.000000 -0.000000 0.760000 0.760000 89.785428 89.785428 -0.000000 -0.000000 11845.859303 -0.000000 40.897857 26.506419 132798.230805 0.838836 792889.891470 -0.000000 582.396353 0.000000 1476.447892 1.113394 50.386623 50.386623 3560.460072 3560.460072 328489.449439 328489.449439 
1 0.770000 1.000000 0.000000 0.000000 -0.000000 -0.000000 0.770000 0.770000 89.785427 89.785427 -0.000000 -0.000000 11845.845263 -0.000000 40.895301 26.506185 132798.238070 0.837152 792886.416459 -0.000000 582.395805 0.000000 1476.372297 1.113394 50.386571 50.386571 3560.460332 3560.460332 328489.476910 328489.476910 
1 0.780000 1.000000 0.000000 0.000000 -0.000000 -0.000000 0.780000 0.780000 89.785428 89.785428 -0.000000 -0.000000 11845.845262 -0.000000 40.900056 26.505660 132798.244897 0.837781 792886.419289 -0.000000 582.395804 0.000000 1476.434110 1.113394 50.386530 50.386530 3560.460362 3560.460362 328489.468748 328489.468748 
1 0.060000 1.000000 0.000000 0.000000 0.000000 0.000000 0.060000 0.060000 89.785428 89.785428 -0.000000 -0.000000 11845.851434 -0.000000 40.899102 26.502268 132797.753008 0.810824 792886.955626 -0.000000 582.404718 0.000000 1476.593964 1.112969 50.386564 50.386564 3560.460360 3560.460360 328489.487525 328489.487525 
1 0.790000 1.000000 0.000000 0.000000 -0.000000 -0.000000 0.790000 0.790000 89.785427 89.785427 -0.000000 -0.000000 11845.859483 -0.000000 40.893482 26.502143 132798.213721 0.838417 792889.910377 -0.000000 582.396368 0.000000 1476.413970 1.112969 50.386539 50.386539 3560.460375 3560.460375 328489.450295 328489.450295 
1 0.800000 1.000000 -0.000000 -0.000000 -0.000000 -0.000000 0.800000 0.800000 89.785428 89.785428 -0.000000 -0.000000 11845.859688 -0.000000 40.895053 26.502130 132798.259450 0.839061 792889.934331 -0.000000 582.396383 0.000000 1476.319466 1.112969 50.386540 50.386540 3560.460359 3560.460359 328489.464977 328489.464977 
1 0.810000 1.000000 0.000000 0.000000 -0.000000 -0.000000 0.810000 0.810000 89.785428 89.785428 -0.000000 -0.000000 11845.859748 -0.000000 40.893790 26.502134 132798.266221 0.840290 792889.940644 -0.000000 582.396388 0.000000 1476.459703 1.112969 50.386540 50.386540 3560.460421 3560.460421 328489.482357 328489.482357 
1 0.820000 1.000000 -0.000000 -0.000000 -0.000000 -0.000000 0.820000 0.820000 89.785428 89.785428 -0.000000 -0.000000 11845.859660 -0.000000 40.894483 26.502125 132798.274000 0.840675 792889.928905 -0.000000 582.396382 0.000000 1476.396927 1.112969 50.386576 50.386576 3560.460264 3560.460264 328489.453595 328489.453595 
1 0.830000 1.000000 -0.000000 -0.000000 -0.000000 -0.000000 0.830000 0.830000 89.785428 89.785428 -0.000000 -0.000000 11845.859718 -0.000000 40.897032 26.505113 132798.280996 0.841247 792889.934901 -0.000000 582.396387 0.000000 1476.440872 1.113394 50.386561 50.386561 3560.460371 3560.460371 328489.458432 328489.458432 
1 0.840000 1.000000 -0.000000 -0.000000 -0.000000 -0.000000 0.840000 0.840000 89.785428 89.785428 -0.000000 -0.000000 11845.859923 -0.000000 40.897582 26.505103 132798.288088 0.841913 792889.958805 -0.000000 582.396402 0.000000 1476.657114 1.113394 50.386703 50.386703 3560.459910 3560.459910 328489.445926 328489.445926 
1 0.850000 1.000000 0.000000 0.000000 0.000000 0.000000 0.850000 0.850000 89.785428 89.785428 -0.000000 -0.000000 11845.859983 -0.000000 40.894083 26.502118 132798.295143 0.842568 792889.965058 -0.000000 582.396407 0.000000 1476.352926 1.112969 50.386610 50.386610 3560.460100 3560.460100 328489.415015 328489.415015 
1 0.860000 1.000000 -0.000000 -0.000000 0.000000 0.000000 0.860000 0.860000 89.785427 89.785427 -0.000000 -0.000000 11845.859895 -0.000000 40.895872 26.505916 132798.301894 0.843219 792889.953384 -0.000000 582.396402 0.000000 1476.328177 1.113394 50.386506 50.386506 3560.460404 3560.460404 328489.424939 328489.424939 
1 0.870000 1.000000 -0.000000 -0.000000 -0.000000 -0.000000 0.870000 0.870000 89.785428 89.785428 -0.000000 -0.000000 11845.859955 -0.000000 40.896442 26.502120 132798.309240 0.844101 792889.959614 -0.000000 582.396407 0.000000 1476.328105 1.112969 50.386485 50.386485 3560.460590 3560.460590 328489.463363 328489.463363 
1 0.880000 1.000000 -0.000000 -0.000000 0.000000 0.000000 0.880000 0.880000 89.785427 89.785427 -0.000000 -0.000000 11845.924562 -0.000000 40.899127 26.502122 132798.316748 0.844985 792886.440671 -0.000000 582.395807 0.000000 1476.564561 1.112969 50.386447 50.386447 3560.460594 3560.460594 328489.445303 328489.445303 
1 0.070000 1.000000 0.000000 0.000000 0.000000 0.000000 0.070000 0.070000 89.785428 89.785428 -0.000000 -0.000000 11845.917386 -0.000000 40.903238 26.502269 132797.759588 0.811020 792889.490700 -0.000000 582.396047 0.000000 1477.053511 1.112969 50.386529 50.386529 3560.460482 3560.460482 328489.513036 328489.513036 
1 0.890000 1.000000 -0.000000 -0.000000 -0.000000 -0.000000 0.890000 0.890000 89.785427 89.785427 -0.000000 -0.000000 11845.860223 -0.000000 40.905889 26.506869 132798.324136 0.845587 792889.989904 -0.000000 582.396427 0.000000 1476.513647 1.113394 50.386522 50.386522 3560.460437 3560.460437 328489.469354 328489.469354 
1 0.900000 1.000000 0.000000 0.000000 0.000000 0.000000 0.900000 0.900000 89.785428 89.785428 -0.000000 -0.000000 11845.860139 -0.000000 40.895137 26.502105 132798.330766 0.846575 792889.978779 -0.000000 582.396422 0.000000 1476.403571 1.112969 50.386529 50.386529 3560.460373 3560.460373 328489.455868 328489.455868 
1 0.910000 1.000000 0.000000 0.000000 0.000000 0.000000 0.910000 0.910000 89.785427 89.785427 -0.000000 -0.000000 11845.860343 -0.000000 40.896499 26.506798 132798.338203 0.847614 792890.002346 -0.000000 582.396437 0.000000 1476.773953 1.113394 50.386478 50.386478 3560.460597 3560.460597 328489.459966 328489.459966 
1 0.920000 1.000000 -0.000000 -0.000000 -0.000000 -0.000000 0.920000 0.920000 89.785428 89.785428 -0.000000 -0.000000 11845.845315 -0.000000 40.895375 26.506209 132798.345060 0.847581 792886.453018 -0.000000 582.395801 0.000000 1476.426852 1.113394 50.386510 50.386510 3560.460490 3560.460490 328489.433718 328489.433718 
1 0.930000 1.000000 -0.000000 -0.000000 0.000000 0.000000 0.930000 0.930000 89.785427 89.785427 -0.000000 -0.000000 11845.845310 -0.000000 40.896809 26.504420 132798.352973 0.848766 792886.456248 -0.000000 582.395799 0.000000 1476.421246 1.113394 50.386593 50.386593 3560.460112 3560.460112 328489.463090 328489.463090 
1 0.940000 1.000000 -0.000000 -0.000000 0.000000 0.000000 0.940000 0.940000 89.785427 89.785427 -0.000000 -0.000000 11845.860530 -0.000000 40.903254 26.502118 132798.359732 0.849603 792890.021809 -0.000000 582.396453 0.000000 1476.434535 1.112970 50.386622 50.386622 3560.460115 3560.460115 328489.451647 328489.451647 
1 0.950000 1.000000 0.000000 0.000000 -0.000000 -0.000000 0.950000 0.950000 89.785427 89.785427 -0.000000 -0.000000 11845.860435 -0.000000 40.895101 26.506413 132798.366716 0.850454 792890.009356 -0.000000 582.396446 0.000000 1476.406155 1.113394 50.386593 50.386593 3560.460237 3560.460237 328489.463309 328489.463309 
1 0.960000 1.000000 0.000000 0.000000 -0.000000 -0.000000 0.960000 0.960000 89.785427 89.785427 -0.000000 -0.000000 11845.860646 -0.000000 40.895036 26.502105 132798.374169 0.851635 792890.033586 -0.000000 582.396462 0.000000 1476.348311 1.112970 50.386524 50.386524 3560.460434 3560.460434 328489.482076 328489.482076 
1 0.970000 1.000000 0.000000 0.000000 -0.000000 -0.000000 0.970000 0.970000 89.785427 89.785427 -0.000000 -0.000000 11845.845300 -0.000000 40.896615 26.506934 132798.381385 0.852515 792886.468512 -0.000000 582.395794 0.000000 1476.343003 1.113394 50.386564 50.386564 3560.460281 3560.460281 328489.465401 328489.465401 
1 0.980000 1.000000 0.000000 0.000000 -0.000000 -0.000000 0.980000 0.980000 89.785428 89.785428 -0.000000 -0.000000 11845.845296 -0.000000 40.897577 26.502107 132798.389040 0.853411 792886.471777 -0.000000 582.395792 0.000000 1476.573498 1.112970 50.386545 50.386545 3560.460350 3560.460350 328489.453213 328489.453213 
1 0.080000 1.000000 0.000000 0.000000 0.000000 0.000000 0.080000 0.080000 89.785427 89.785427 -0.000000 -0.000000 11845.857294 -0.000000 40.897216 26.502258 132797.766060 0.811217 792889.479729 -0.000000 582.405927 0.000000 1476.460964 1.112968 50.386438 50.386438 3560.460685 3560.460685 328489.497385 328489.497385 
