0.03 132.084 132.084 2 1 0
0.0300014 132.092 132.092 1 1 0
0.0300029 132.1 132.1 1 1 0
0.0300058 132.116 132.116 1 1 0
0.0300115 132.148 132.148 1 1 0
0.0300231 132.212 132.212 1 1 0
0.0300412 132.312 132.312 1 1 0
0.0300593 132.412 132.412 1 1 0
0.0300774 132.513 132.513 1 1 0
0.0300955 132.613 132.613 1 1 0
0.0301137 132.714 132.714 1 1 0
0.0301319 132.814 132.814 1 1 0
0.0301501 132.915 132.915 1 1 0
0.0301683 133.016 133.016 1 1 0
0.0301866 133.117 133.117 1 1 0
0.0302048 133.218 133.218 1 1 0
0.0302231 133.319 133.319 1 1 0
0.0302414 133.42 133.42 1 1 0
0.0302598 133.521 133.521 1 1 0
0.0302781 133.622 133.622 1 1 0
0.0302965 133.724 133.724 1 1 0
0.0303149 133.825 133.825 1 1 0
0.0303334 133.927 133.927 1 1 0
0.0303518 134.028 134.028 1 1 0
0.0303703 134.13 134.13 1 1 0
0.0303888 134.232 134.232 1 1 0
0.0304073 134.334 134.334 1 1 0
0.0304259 134.436 134.436 1 1 0
0.0304445 134.538 134.538 1 1 0
0.030463 134.64 134.64 1 1 0
0.0304817 134.742 134.742 1 1 0
0.0305003 134.845 134.845 1 1 0
0.030519 134.947 134.947 1 1 0
0.0305377 135.05 135.05 1 1 0
0.0305564 135.152 135.152 1 1 0
0.0305751 135.255 135.255 1 1 0
0.0305939 135.358 135.358 1 1 0
0.0306126 135.461 135.461 1 1 0
0.0306314 135.564 135.564 1 1 0
0.0306503 135.667 135.667 1 1 0
0.0306691 135.77 135.77 1 1 0
0.030688 135.873 135.873 1 1 0
0.0307069 135.976 135.976 1 1 0
0.0307258 136.08 136.08 1 1 0
0.0307448 136.183 136.183 1 1 0
0.0307637 136.287 136.287 1 1 0
0.0307827 136.391 136.391 1 1 0
0.0308017 136.494 136.494 1 1 0
0.0308208 136.598 136.598 1 1 0
0.0308399 136.702 136.702 1 1 0
0.0308589 136.806 136.806 1 1 0
0.0308781 136.91 136.91 1 1 0
0.0308972 137.015 137.015 1 1 0
0.0309164 137.119 137.119 1 1 0
0.0309356 137.224 137.224 1 1 0
0.0309548 137.328 137.328 1 1 0
0.030974 137.433 137.433 1 1 0
0.0309933 137.538 137.538 1 1 0
0.0310126 137.642 137.642 1 1 0
0.0310319 137.747 137.747 1 1 0
0.0310512 137.852 137.852 1 1 0
0.0310706 137.957 137.957 1 1 0
0.0310899 138.063 138.063 1 1 0
0.0311094 138.168 138.168 1 1 0
0.0311288 138.273 138.273 1 1 0
0.0311483 138.379 138.379 1 1 0
0.0311677 138.485 138.485 1 1 0
0.0311872 138.59 138.59 1 1 0
0.0312068 138.696 138.696 1 1 0
0.0312263 138.802 138.802 1 1 0
0.0312459 138.908 138.908 1 1 0
0.0312655 139.014 139.014 1 1 0
0.0312852 139.12 139.12 1 1 0
0.0313048 139.227 139.227 1 1 0
0.0313245 139.333 139.333 1 1 0
0.0313442 139.44 139.44 1 1 0
0.031364 139.546 139.546 1 1 0
0.0313838 139.653 139.653 1 1 0
0.0314035 139.76 139.76 1 1 0
0.0314234 139.867 139.867 1 1 0
0.0314432 139.974 139.974 1 1 0
0.0314631 140.081 140.081 1 1 0
0.031483 140.188 140.188 1 1 0
0.0315029 140.296 140.296 1 1 0
0.0315228 140.403 140.403 1 1 0
0.0315428 140.511 140.511 1 1 0
0.0315628 140.618 140.618 1 1 0
0.0315828 140.726 140.726 1 1 0
0.0316029 140.834 140.834 1 1 0
0.031623 140.942 140.942 1 1 0
0.0316431 141.05 141.05 1 1 0
0.0316632 141.158 141.158 1 1 0
0.0316834 141.267 141.267 1 1 0
0.0317035 141.375 141.375 1 1 0
0.0317238 141.483 141.483 1 1 0
0.031744 141.592 141.592 1 1 0
0.0317643 141.701 141.701 1 1 0
0.0317845 141.81 141.81 1 1 0
0.0318049 141.919 141.919 1 1 0
0.0318252 142.028 142.028 1 1 0
0.0318456 142.137 142.137 1 1 0
0.031866 142.246 142.246 1 1 0
0.0318864 142.356 142.356 1 1 0
0.0319069 142.465 142.465 1 1 0
0.0319274 142.575 142.575 1 1 0
0.0319479 142.685 142.685 1 1 0
0.0319684 142.794 142.794 1 1 0
0.031989 142.904 142.904 1 1 0
0.0320096 143.014 143.014 1 1 0
0.0320302 143.125 143.125 1 1 0
0.0320508 143.235 143.235 1 1 0
0.0320715 143.345 143.345 1 1 0
0.0320922 143.456 143.456 1 1 0
0.032113 143.567 143.567 1 1 0
0.0321337 143.677 143.677 1 1 0
0.0321545 143.788 143.788 1 1 0
0.0321753 143.899 143.899 1 1 0
0.0321962 144.01 144.01 1 1 0
0.032217 144.122 144.122 1 1 0
0.032238 144.233 144.233 1 1 0
0.0322589 144.345 144.345 1 1 0
0.0322798 144.456 144.456 1 1 0
0.0323008 144.568 144.568 1 1 0
0.0323219 144.68 144.68 1 1 0
0.0323429 144.792 144.792 1 1 0
0.032364 144.904 144.904 1 1 0
0.0323851 145.016 145.016 1 1 0
0.0324062 145.128 145.128 1 1 0
0.0324274 145.241 145.241 1 1 0
0.0324486 145.353 145.353 1 1 0
0.0324698 145.466 145.466 1 1 0
0.0324911 145.579 145.579 1 1 0
0.0325123 145.692 145.692 1 1 0
0.0325337 145.805 145.805 1 1 0
0.032555 145.918 145.918 1 1 0
0.0325764 146.031 146.031 1 1 0
0.0325978 146.145 146.145 1 1 0
0.0326192 146.258 146.258 1 1 0
0.0326407 146.372 146.372 1 1 0
0.0326621 146.486 146.486 1 1 0
0.0326837 146.6 146.6 1 1 0
0.0327052 146.714 146.714 1 1 0
0.0327268 146.828 146.828 1 1 0
0.0327484 146.942 146.942 1 1 0
0.0327701 147.057 147.057 1 1 0
0.0327917 147.171 147.171 1 1 0
0.0328134 147.286 147.286 1 1 0
0.0328352 147.401 147.401 1 1 0
0.0328569 147.516 147.516 1 1 0
0.0328787 147.631 147.631 1 1 0
0.0329006 147.746 147.746 1 1 0
0.0329224 147.862 147.862 1 1 0
0.0329443 147.977 147.977 1 1 0
0.0329662 148.093 148.093 1 1 0
0.0329882 148.208 148.208 1 1 0
0.0330102 148.324 148.324 1 1 0
0.0330322 148.44 148.44 1 1 0
0.0330542 148.557 148.557 1 1 0
0.0330763 148.673 148.673 1 1 0
0.0330984 148.789 148.789 1 1 0
0.0331206 148.906 148.906 1 1 0
0.0331428 149.023 149.023 1 1 0
0.033165 149.139 149.139 1 1 0
0.0331872 149.256 149.256 1 1 0
0.0332095 149.373 149.373 1 1 0
0.0332318 149.491 149.491 1 1 0
0.0332541 149.608 149.608 1 1 0
0.0332765 149.726 149.726 1 1 0
0.0332989 149.843 149.843 1 1 0
0.0333213 149.961 149.961 1 1 0
0.0333438 150.079 150.079 1 1 0
0.0333663 150.197 150.197 1 1 0
0.0333888 150.315 150.315 1 1 0
0.0334114 150.434 150.434 1 1 0
0.033434 150.552 150.552 1 1 0
0.0334566 150.671 150.671 1 1 0
0.0334793 150.79 150.79 1 1 0
0.033502 150.909 150.909 1 1 0
0.0335248 151.028 151.028 1 1 0
0.0335475 151.147 151.147 1 1 0
0.0335703 151.267 151.267 1 1 0
0.0335932 151.386 151.386 1 1 0
0.033616 151.506 151.506 1 1 0
0.0336389 151.626 151.626 1 1 0
0.0336619 151.746 151.746 1 1 0
0.0336849 151.866 151.866 1 1 0
0.0337079 151.986 151.986 1 1 0
0.0337309 152.106 152.106 1 1 0
0.033754 152.227 152.227 1 1 0
0.0337771 152.348 152.348 1 1 0
0.0338002 152.469 152.469 1 1 0
0.0338234 152.59 152.59 1 1 0
0.0338466 152.711 152.711 1 1 0
0.0338699 152.832 152.832 1 1 0
0.0338932 152.954 152.954 1 1 0
0.0339165 153.075 153.075 1 1 0
0.0339399 153.197 153.197 1 1 0
0.0339633 153.319 153.319 1 1 0
0.0339867 153.441 153.441 1 1 0
0.0340102 153.563 153.563 1 1 0
0.0340337 153.686 153.686 1 1 0
0.0340572 153.808 153.808 1 1 0
0.0340808 153.931 153.931 1 1 0
0.0341044 154.054 154.054 1 1 0
0.034128 154.177 154.177 1 1 0
0.0341517 154.3 154.3 1 1 0
0.0341755 154.424 154.424 1 1 0
0.0341992 154.547 154.547 1 1 0
0.034223 154.671 154.671 1 1 0
0.0342468 154.795 154.795 1 1 0
0.0342707 154.919 154.919 1 1 0
0.0342946 155.043 155.043 1 1 0
0.0343186 155.167 155.167 1 1 0
0.0343425 155.292 155.292 1 1 0
0.0343666 155.417 155.417 1 1 0
0.0343906 155.541 155.541 1 1 0
0.0344147 155.666 155.666 1 1 0
0.0344389 155.792 155.792 1 1 0
0.034463 155.917 155.917 1 1 0
0.0344872 156.042 156.042 1 1 0
0.0345115 156.168 156.168 1 1 0
0.0345358 156.294 156.294 1 1 0
0.0345601 156.42 156.42 1 1 0
0.0345845 156.546 156.546 1 1 0
0.0346089 156.673 156.673 1 1 0
0.0346333 156.799 156.799 1 1 0
0.0346578 156.926 156.926 1 1 0
0.0346823 157.053 157.053 1 1 0
0.0347069 157.18 157.18 1 1 0
0.0347315 157.307 157.307 1 1 0
0.0347561 157.434 157.434 1 1 0
0.0347808 157.562 157.562 1 1 0
0.0348055 157.69 157.69 1 1 0
0.0348302 157.818 157.818 1 1 0
0.034855 157.946 157.946 1 1 0
0.0348799 158.074 158.074 1 1 0
0.0349048 158.202 158.202 1 1 0
0.0349297 158.331 158.331 1 1 0
0.0349546 158.46 158.46 1 1 0
0.0349796 158.589 158.589 1 1 0
0.0350047 158.718 158.718 1 1 0
0.0350298 158.847 158.847 1 1 0
0.0350549 158.977 158.977 1 1 0
0.0350801 159.107 159.107 1 1 0
0.0351053 159.237 159.237 1 1 0
0.0351305 159.367 159.367 1 1 0
0.0351558 159.497 159.497 1 1 0
0.0351811 159.627 159.627 1 1 0
0.0352065 159.758 159.758 1 1 0
0.0352319 159.889 159.889 1 1 0
0.0352574 160.02 160.02 1 1 0
0.0352829 160.151 160.151 1 1 0
0.0353084 160.283 160.283 1 1 0
0.035334 160.414 160.414 1 1 0
0.0353596 160.546 160.546 1 1 0
0.0353853 160.678 160.678 1 1 0
0.035411 160.81 160.81 1 1 0
0.0354368 160.942 160.942 1 1 0
0.0354626 161.075 161.075 1 1 0
0.0354884 161.208 161.208 1 1 0
0.0355143 161.341 161.341 1 1 0
0.0355402 161.474 161.474 1 1 0
0.0355662 161.607 161.607 1 1 0
0.0355922 161.741 161.741 1 1 0
0.0356183 161.874 161.874 1 1 0
0.0356444 162.008 162.008 1 1 0
0.0356706 162.142 162.142 1 1 0
0.0356968 162.277 162.277 1 1 0
0.035723 162.411 162.411 1 1 0
0.0357493 162.546 162.546 1 1 0
0.0357756 162.681 162.681 1 1 0
0.035802 162.816 162.816 1 1 0
0.0358284 162.951 162.951 1 1 0
0.0358549 163.087 163.087 1 1 0
0.0358814 163.223 163.223 1 1 0
0.035908 163.359 163.359 1 1 0
0.0359346 163.495 163.495 1 1 0
0.0359612 163.631 163.631 1 1 0
0.0359879 163.768 163.768 1 1 0
0.0360147 163.905 163.905 1 1 0
0.0360415 164.042 164.042 1 1 0
0.0360683 164.179 164.179 1 1 0
0.0360952 164.316 164.316 1 1 0
0.0361221 164.454 164.454 1 1 0
0.0361491 164.592 164.592 1 1 0
0.0361762 164.73 164.73 1 1 0
0.0362032 164.868 164.868 1 1 0
0.0362304 165.007 165.007 1 1 0
0.0362575 165.145 165.145 1 1 0
0.0362848 165.284 165.284 1 1 0
0.036312 165.423 165.423 1 1 0
0.0363393 165.563 165.563 1 1 0
0.0363667 165.702 165.702 1 1 0
0.0363941 165.842 165.842 1 1 0
0.0364216 165.982 165.982 1 1 0
0.0364491 166.122 166.122 1 1 0
0.0364767 166.263 166.263 1 1 0
0.0365043 166.404 166.404 1 1 0
0.036532 166.545 166.545 1 1 0
0.0365597 166.686 166.686 1 1 0
0.0365874 166.827 166.827 1 1 0
0.0366152 166.969 166.969 1 1 0
0.0366431 167.11 167.11 1 1 0
0.036671 167.253 167.253 1 1 0
0.036699 167.395 167.395 1 1 0
0.036727 167.537 167.537 1 1 0
0.0367551 167.68 167.68 1 1 0
0.0367832 167.823 167.823 1 1 0
0.0368114 167.966 167.966 1 1 0
0.0368396 168.11 168.11 1 1 0
0.0368679 168.253 168.253 1 1 0
0.0368962 168.397 168.397 1 1 0
0.0369246 168.542 168.542 1 1 0
0.036953 168.686 168.686 1 1 0
0.0369815 168.831 168.831 1 1 0
0.03701 168.975 168.975 1 1 0
0.0370386 169.121 169.121 1 1 0
0.0370673 169.266 169.266 1 1 0
0.037096 169.412 169.412 1 1 0
0.0371247 169.557 169.557 1 1 0
0.0371535 169.703 169.703 1 1 0
0.0371824 169.85 169.85 1 1 0
0.0372113 169.996 169.996 1 1 0
0.0372403 170.143 170.143 1 1 0
0.0372693 170.29 170.29 1 1 0
0.0372984 170.438 170.438 1 1 0
0.0373275 170.585 170.585 1 1 0
0.0373567 170.733 170.733 1 1 0
0.0373859 170.881 170.881 1 1 0
0.0374152 171.03 171.03 1 1 0
0.0374446 171.178 171.178 1 1 0
0.037474 171.327 171.327 1 1 0
0.0375035 171.476 171.476 1 1 0
0.037533 171.625 171.625 1 1 0
0.0375626 171.775 171.775 1 1 0
0.0375922 171.925 171.925 1 1 0
0.0376219 172.075 172.075 1 1 0
0.0376517 172.225 172.225 1 1 0
0.0376815 172.376 172.376 1 1 0
0.0377113 172.527 172.527 1 1 0
0.0377413 172.678 172.678 1 1 0
0.0377713 172.83 172.83 1 1 0
0.0378013 172.981 172.981 1 1 0
0.0378314 173.133 173.133 1 1 0
0.0378616 173.286 173.286 1 1 0
0.0378918 173.438 173.438 1 1 0
0.037922 173.591 173.591 1 1 0
0.0379524 173.744 173.744 1 1 0
0.0379828 173.897 173.897 1 1 0
0.0380132 174.051 174.051 1 1 0
0.0380437 174.205 174.205 1 1 0
0.0380743 174.359 174.359 1 1 0
0.038105 174.514 174.514 1 1 0
0.0381357 174.668 174.668 1 1 0
0.0381664 174.823 174.823 1 1 0
0.0381972 174.979 174.979 1 1 0
0.0382281 175.134 175.134 1 1 0
0.0382591 175.29 175.29 1 1 0
0.0382901 175.446 175.446 1 1 0
0.0383211 175.602 175.602 1 1 0
0.0383523 175.759 175.759 1 1 0
0.0383835 175.916 175.916 1 1 0
0.0384147 176.073 176.073 1 1 0
0.038446 176.231 176.231 1 1 0
0.0384774 176.389 176.389 1 1 0
0.0385089 176.547 176.547 1 1 0
0.0385404 176.705 176.705 1 1 0
0.0385719 176.864 176.864 1 1 0
0.0386036 177.023 177.023 1 1 0
0.0386353 177.183 177.183 1 1 0
0.038667 177.342 177.342 1 1 0
0.0386989 177.502 177.502 1 1 0
0.0387308 177.662 177.662 1 1 0
0.0387627 177.823 177.823 1 1 0
0.0387947 177.984 177.984 1 1 0
0.0388268 178.145 178.145 1 1 0
0.038859 178.306 178.306 1 1 0
0.0388912 178.468 178.468 1 1 0
0.0389235 178.63 178.63 1 1 0
0.0389559 178.792 178.792 1 1 0
0.0389883 178.955 178.955 1 1 0
0.0390208 179.118 179.118 1 1 0
0.0390534 179.281 179.281 1 1 0
0.039086 179.445 179.445 1 1 0
0.0391187 179.609 179.609 1 1 0
0.0391515 179.773 179.773 1 1 0
0.0391843 179.937 179.937 1 1 0
0.0392172 180.102 180.102 1 1 0
0.0392502 180.267 180.267 1 1 0
0.0392832 180.433 180.433 1 1 0
0.0393163 180.599 180.599 1 1 0
0.0393495 180.765 180.765 1 1 0
0.0393828 180.931 180.931 1 1 0
0.0394161 181.098 181.098 1 1 0
0.0394495 181.265 181.265 1 1 0
0.039483 181.433 181.433 1 1 0
0.0395165 181.6 181.6 1 1 0
0.0395501 181.769 181.769 1 1 0
0.0395838 181.937 181.937 1 1 0
0.0396175 182.106 182.106 1 1 0
0.0396514 182.275 182.275 1 1 0
0.0396853 182.444 182.444 1 1 0
0.0397192 182.614 182.614 1 1 0
0.0397533 182.784 182.784 1 1 0
0.0397874 182.955 182.955 1 1 0
0.0398216 183.125 183.125 1 1 0
0.0398559 183.297 183.297 1 1 0
0.0398902 183.468 183.468 1 1 0
0.0399246 183.64 183.64 1 1 0
0.0399591 183.812 183.812 1 1 0
0.0399937 183.985 183.985 1 1 0
0.0400283 184.158 184.158 1 1 0
0.040063 184.331 184.331 1 1 0
0.0400978 184.504 184.504 1 1 0
0.0401327 184.678 184.678 1 1 0
0.0401677 184.853 184.853 1 1 0
0.0402027 185.027 185.027 1 1 0
0.0402378 185.202 185.202 1 1 0
0.040273 185.378 185.378 1 1 0
0.0403082 185.553 185.553 1 1 0
0.0403436 185.729 185.729 1 1 0
0.040379 185.906 185.906 1 1 0
0.0404145 186.083 186.083 1 1 0
0.0404501 186.26 186.26 1 1 0
0.0404857 186.437 186.437 1 1 0
0.0405214 186.615 186.615 1 1 0
0.0405573 186.794 186.794 1 1 0
0.0405932 186.972 186.972 1 1 0
0.0406291 187.151 187.151 1 1 0
0.0406652 187.331 187.331 1 1 0
0.0407013 187.51 187.51 1 1 0
0.0407375 187.691 187.691 1 1 0
0.0407738 187.871 187.871 1 1 0
0.0408102 188.052 188.052 1 1 0
0.0408467 188.233 188.233 1 1 0
0.0408832 188.415 188.415 1 1 0
0.0409199 188.597 188.597 1 1 0
0.0409566 188.78 188.78 1 1 0
0.0409934 188.963 188.963 1 1 0
0.0410303 189.146 189.146 1 1 0
0.0410673 189.329 189.329 1 1 0
0.0411043 189.513 189.513 1 1 0
0.0411415 189.698 189.698 1 1 0
0.0411787 189.883 189.883 1 1 0
0.041216 190.068 190.068 1 1 0
0.0412534 190.254 190.254 1 1 0
0.0412909 190.44 190.44 1 1 0
0.0413285 190.626 190.626 1 1 0
0.0413661 190.813 190.813 1 1 0
0.0414039 191 191 1 1 0
0.0414417 191.188 191.188 1 1 0
0.0414796 191.376 191.376 1 1 0
0.0415176 191.564 191.564 1 1 0
0.0415557 191.753 191.753 1 1 0
0.0415939 191.943 191.943 1 1 0
0.0416322 192.132 192.132 1 1 0
0.0416706 192.323 192.323 1 1 0
0.0417091 192.513 192.513 1 1 0
0.0417476 192.704 192.704 1 1 0
0.0417863 192.895 192.895 1 1 0
0.041825 193.087 193.087 1 1 0
0.0418638 193.28 193.28 1 1 0
0.0419027 193.472 193.472 1 1 0
0.0419418 193.665 193.665 1 1 0
0.0419809 193.859 193.859 1 1 0
0.0420201 194.053 194.053 1 1 0
0.0420594 194.247 194.247 1 1 0
0.0420987 194.442 194.442 1 1 0
0.0421382 194.638 194.638 1 1 0
0.0421778 194.833 194.833 1 1 0
0.0422175 195.03 195.03 1 1 0
0.0422572 195.226 195.226 1 1 0
0.0422971 195.423 195.423 1 1 0
0.0423371 195.621 195.621 1 1 0
0.0423771 195.819 195.819 1 1 0
0.0424173 196.017 196.017 1 1 0
0.0424575 196.216 196.216 1 1 0
0.0424979 196.415 196.415 1 1 0
0.0425383 196.615 196.615 1 1 0
0.0425789 196.815 196.815 1 1 0
0.0426195 197.016 197.016 1 1 0
0.0426603 197.217 197.217 1 1 0
0.0427011 197.419 197.419 1 1 0
0.0427421 197.621 197.621 1 1 0
0.0427831 197.824 197.824 1 1 0
0.0428243 198.027 198.027 1 1 0
0.0428655 198.23 198.23 1 1 0
0.0429068 198.434 198.434 1 1 0
0.0429483 198.639 198.639 1 1 0
0.0429899 198.844 198.844 1 1 0
0.0430315 199.049 199.049 1 1 0
0.0430733 199.255 199.255 1 1 0
0.0431151 199.461 199.461 1 1 0
0.0431571 199.668 199.668 1 1 0
0.0431992 199.875 199.875 1 1 0
0.0432414 200.083 200.083 1 1 0
0.0432836 200.292 200.292 1 1 0
0.043326 200.5 200.5 1 1 0
0.0433685 200.71 200.71 1 1 0
0.0434111 200.92 200.92 1 1 0
0.0434538 201.13 201.13 1 1 0
0.0434966 201.341 201.341 1 1 0
0.0435396 201.552 201.552 1 1 0
0.0435826 201.764 201.764 1 1 0
0.0436257 201.976 201.976 1 1 0
0.043669 202.189 202.189 1 1 0
0.0437124 202.402 202.402 1 1 0
0.0437558 202.616 202.616 1 1 0
0.0437994 202.831 202.831 1 1 0
0.0438431 203.046 203.046 1 1 0
0.0438869 203.261 203.261 1 1 0
0.0439308 203.477 203.477 1 1 0
0.0439748 203.693 203.693 1 1 0
0.044019 203.91 203.91 1 1 0
0.0440632 204.128 204.128 1 1 0
0.0441076 204.346 204.346 1 1 0
0.0441521 204.564 204.564 1 1 0
0.0441966 204.783 204.783 1 1 0
0.0442414 205.003 205.003 1 1 0
0.0442862 205.223 205.223 1 1 0
0.0443311 205.444 205.444 1 1 0
0.0443762 205.665 205.665 1 1 0
0.0444213 205.887 205.887 1 1 0
0.0444666 206.109 206.109 1 1 0
0.044512 206.332 206.332 1 1 0
0.0445575 206.556 206.556 1 1 0
0.0446032 206.779 206.779 1 1 0
0.0446489 207.004 207.004 1 1 0
0.0446948 207.229 207.229 1 1 0
0.0447408 207.455 207.455 1 1 0
0.0447869 207.681 207.681 1 1 0
0.0448331 207.908 207.908 1 1 0
0.0448795 208.135 208.135 1 1 0
0.044926 208.363 208.363 1 1 0
0.0449726 208.591 208.591 1 1 0
0.0450193 208.82 208.82 1 1 0
0.0450661 209.05 209.05 1 1 0
0.0451131 209.28 209.28 1 1 0
0.0451602 209.511 209.511 1 1 0
0.0452074 209.742 209.742 1 1 0
0.0452547 209.974 209.974 1 1 0
0.0453022 210.206 210.206 1 1 0
0.0453498 210.439 210.439 1 1 0
0.0453975 210.673 210.673 1 1 0
0.0454453 210.907 210.907 1 1 0
0.0454933 211.142 211.142 1 1 0
0.0455414 211.378 211.378 1 1 0
0.0455896 211.614 211.614 1 1 0
0.045638 211.85 211.85 1 1 0
0.0456864 212.087 212.087 1 1 0
0.045735 212.325 212.325 1 1 0
0.0457838 212.564 212.564 1 1 0
0.0458326 212.803 212.803 1 1 0
0.0458816 213.042 213.042 1 1 0
0.0459308 213.282 213.282 1 1 0
0.04598 213.523 213.523 1 1 0
0.0460294 213.765 213.765 1 1 0
0.0460789 214.007 214.007 1 1 0
0.0461286 214.25 214.25 1 1 0
0.0461783 214.493 214.493 1 1 0
0.0462283 214.737 214.737 1 1 0
0.0462783 214.981 214.981 1 1 0
0.0463285 215.227 215.227 1 1 0
0.0463788 215.472 215.472 1 1 0
0.0464293 215.719 215.719 1 1 0
0.0464799 215.966 215.966 1 1 0
0.0465306 216.214 216.214 1 1 0
0.0465815 216.462 216.462 1 1 0
0.0466325 216.711 216.711 1 1 0
0.0466836 216.961 216.961 1 1 0
0.0467349 217.211 217.211 1 1 0
0.0467863 217.462 217.462 1 1 0
0.0468378 217.713 217.713 1 1 0
0.0468895 217.966 217.966 1 1 0
0.0469414 218.218 218.218 1 1 0
0.0469933 218.472 218.472 1 1 0
0.0470455 218.726 218.726 1 1 0
0.0470977 218.981 218.981 1 1 0
0.0471501 219.237 219.237 1 1 0
0.0472026 219.493 219.493 1 1 0
0.0472553 219.75 219.75 1 1 0
0.0473082 220.007 220.007 1 1 0
0.0473611 220.265 220.265 1 1 0
0.0474142 220.524 220.524 1 1 0
0.0474675 220.784 220.784 1 1 0
0.0475209 221.044 221.044 1 1 0
0.0475744 221.305 221.305 1 1 0
0.0476281 221.566 221.566 1 1 0
0.047682 221.828 221.828 1 1 0
0.0477359 222.091 222.091 1 1 0
0.0477901 222.355 222.355 1 1 0
0.0478444 222.619 222.619 1 1 0
0.0478988 222.884 222.884 1 1 0
0.0479534 223.15 223.15 1 1 0
0.0480081 223.416 223.416 1 1 0
0.048063 223.683 223.683 1 1 0
0.048118 223.951 223.951 1 1 0
0.0481731 224.22 224.22 1 1 0
0.0482285 224.489 224.489 1 1 0
0.0482839 224.759 224.759 1 1 0
0.0483396 225.029 225.029 1 1 0
0.0483953 225.301 225.301 1 1 0
0.0484513 225.573 225.573 1 1 0
0.0485074 225.845 225.845 1 1 0
0.0485636 226.119 226.119 1 1 0
0.04862 226.393 226.393 1 1 0
0.0486765 226.668 226.668 1 1 0
0.0487332 226.943 226.943 1 1 0
0.0487901 227.22 227.22 1 1 0
0.0488471 227.497 227.497 1 1 0
0.0489043 227.774 227.774 1 1 0
0.0489616 228.053 228.053 1 1 0
0.049019 228.332 228.332 1 1 0
0.0490767 228.612 228.612 1 1 0
0.0491345 228.893 228.893 1 1 0
0.0491924 229.174 229.174 1 1 0
0.0492505 229.456 229.456 1 1 0
0.0493088 229.739 229.739 1 1 0
0.0493672 230.023 230.023 1 1 0
0.0494258 230.307 230.307 1 1 0
0.0494845 230.592 230.592 1 1 0
0.0495434 230.878 230.878 1 1 0
0.0496025 231.165 231.165 1 1 0
0.0496617 231.452 231.452 1 1 0
0.0497211 231.74 231.74 1 1 0
0.0497807 232.029 232.029 1 1 0
0.0498404 232.319 232.319 1 1 0
0.0499002 232.609 232.609 1 1 0
0.0499603 232.901 232.901 1 1 0
0.0500205 233.192 233.192 1 1 0
0.0500808 233.485 233.485 1 1 0
0.0501414 233.779 233.779 1 1 0
0.050202 234.073 234.073 1 1 0
0.0502629 234.368 234.368 1 1 0
0.0503239 234.664 234.664 1 1 0
0.0503851 234.96 234.96 1 1 0
0.0504464 235.257 235.257 1 1 0
0.050508 235.555 235.555 1 1 0
0.0505696 235.854 235.854 1 1 0
0.0506315 236.154 236.154 1 1 0
0.0506935 236.454 236.454 1 1 0
0.0507557 236.756 236.756 1 1 0
0.050818 237.057 237.057 1 1 0
0.0508805 237.36 237.36 1 1 0
0.0509432 237.664 237.664 1 1 0
0.0510061 237.968 237.968 1 1 0
0.0510691 238.273 238.273 1 1 0
0.0511323 238.579 238.579 1 1 0
0.0511957 238.886 238.886 1 1 0
0.0512592 239.193 239.193 1 1 0
0.0513229 239.501 239.501 1 1 0
0.0513867 239.811 239.811 1 1 0
0.0514508 240.12 240.12 1 1 0
0.051515 240.431 240.431 1 1 0
0.0515794 240.742 240.742 1 1 0
0.0516439 241.055 241.055 1 1 0
0.0517087 241.368 241.368 1 1 0
0.0517735 241.682 241.682 1 1 0
0.0518386 241.996 241.996 1 1 0
0.0519039 242.312 242.312 1 1 0
0.0519693 242.628 242.628 1 1 0
0.0520348 242.945 242.945 1 1 0
0.0521006 243.263 243.263 1 1 0
0.0521665 243.581 243.581 1 1 0
0.0522326 243.901 243.901 1 1 0
0.0522989 244.221 244.221 1 1 0
0.0523654 244.542 244.542 1 1 0
0.052432 244.864 244.864 1 1 0
0.0524988 245.187 245.187 1 1 0
0.0525657 245.51 245.51 1 1 0
0.0526329 245.835 245.835 1 1 0
0.0527002 246.16 246.16 1 1 0
0.0527677 246.486 246.486 1 1 0
0.0528354 246.813 246.813 1 1 0
0.0529032 247.14 247.14 1 1 0
0.0529712 247.469 247.469 1 1 0
0.0530394 247.798 247.798 1 1 0
0.0531078 248.128 248.128 1 1 0
0.0531763 248.459 248.459 1 1 0
0.0532451 248.79 248.79 1 1 0
0.0533139 249.123 249.123 1 1 0
0.053383 249.456 249.456 1 1 0
0.0534523 249.79 249.79 1 1 0
0.0535217 250.125 250.125 1 1 0
0.0535913 250.461 250.461 1 1 0
0.0536611 250.798 250.798 1 1 0
0.053731 251.135 251.135 1 1 0
0.0538011 251.473 251.473 1 1 0
0.0538714 251.812 251.812 1 1 0
0.0539419 252.152 252.152 1 1 0
0.0540126 252.493 252.493 1 1 0
0.0540834 252.834 252.834 1 1 0
0.0541544 253.176 253.176 1 1 0
0.0542256 253.52 253.52 1 1 0
0.0542969 253.864 253.864 1 1 0
0.0543685 254.208 254.208 1 1 0
0.0544402 254.554 254.554 1 1 0
0.0545121 254.9 254.9 1 1 0
0.0545841 255.248 255.248 1 1 0
0.0546564 255.596 255.596 1 1 0
0.0547288 255.944 255.944 1 1 0
0.0548014 256.294 256.294 1 1 0
0.0548741 256.645 256.645 1 1 0
0.0549471 256.996 256.996 1 1 0
0.0550202 257.348 257.348 1 1 0
0.0550935 257.701 257.701 1 1 0
0.0551669 258.055 258.055 1 1 0
0.0552406 258.409 258.409 1 1 0
0.0553144 258.765 258.765 1 1 0
0.0553884 259.121 259.121 1 1 0
0.0554626 259.478 259.478 1 1 0
0.0555369 259.836 259.836 1 1 0
0.0556114 260.195 260.195 1 1 0
0.0556861 260.554 260.554 1 1 0
0.055761 260.914 260.914 1 1 0
0.055836 261.275 261.275 1 1 0
0.0559113 261.637 261.637 1 1 0
0.0559866 262 262 1 1 0
0.0560622 262.364 262.364 1 1 0
0.0561379 262.728 262.728 1 1 0
0.0562139 263.093 263.093 1 1 0
0.0562899 263.459 263.459 1 1 0
0.0563662 263.826 263.826 1 1 0
0.0564426 264.193 264.193 1 1 0
0.0565192 264.562 264.562 1 1 0
0.056596 264.931 264.931 1 1 0
0.056673 265.301 265.301 1 1 0
0.0567501 265.671 265.671 1 1 0
0.0568274 266.043 266.043 1 1 0
0.0569048 266.415 266.415 1 1 0
0.0569825 266.788 266.788 1 1 0
0.0570603 267.162 267.162 1 1 0
0.0571382 267.537 267.537 1 1 0
0.0572164 267.912 267.912 1 1 0
0.0572947 268.289 268.289 1 1 0
0.0573732 268.666 268.666 1 1 0
0.0574518 269.044 269.044 1 1 0
0.0575306 269.422 269.422 1 1 0
0.0576096 269.802 269.802 1 1 0
0.0576888 270.182 270.182 1 1 0
0.0577681 270.563 270.563 1 1 0
0.0578476 270.945 270.945 1 1 0
0.0579272 271.327 271.327 1 1 0
0.0580071 271.71 271.71 1 1 0
0.058087 272.094 272.094 1 1 0
0.0581672 272.479 272.479 1 1 0
0.0582475 272.865 272.865 1 1 0
0.058328 273.251 273.251 1 1 0
0.0584086 273.638 273.638 1 1 0
0.0584895 274.026 274.026 1 1 0
0.0585704 274.415 274.415 1 1 0
0.0586516 274.804 274.804 1 1 0
0.0587329 275.194 275.194 1 1 0
0.0588143 275.585 275.585 1 1 0
0.058896 275.977 275.977 1 1 0
0.0589777 276.369 276.369 1 1 0
0.0590597 276.762 276.762 1 1 0
0.0591418 277.156 277.156 1 1 0
0.0592241 277.551 277.551 1 1 0
0.0593065 277.946 277.946 1 1 0
0.0593891 278.342 278.342 1 1 0
0.0594718 278.739 278.739 1 1 0
0.0595547 279.137 279.137 1 1 0
0.0596378 279.535 279.535 1 1 0
0.059721 279.934 279.934 1 1 0
0.0598044 280.334 280.334 1 1 0
0.0598879 280.734 280.734 1 1 0
0.0599716 281.135 281.135 1 1 0
0.0600554 281.537 281.537 1 1 0
0.0601394 281.94 281.94 1 1 0
0.0602235 282.343 282.343 1 1 0
0.0603078 282.747 282.747 1 1 0
0.0603923 283.152 283.152 1 1 0
0.0604769 283.557 283.557 1 1 0
0.0605616 283.963 283.963 1 1 0
0.0606465 284.37 284.37 1 1 0
0.0607316 284.777 284.777 1 1 0
0.0608167 285.185 285.185 1 1 0
0.0609021 285.594 285.594 1 1 0
0.0609876 286.004 286.004 1 1 0
0.0610732 286.414 286.414 1 1 0
0.061159 286.825 286.825 1 1 0
0.0612449 287.237 287.237 1 1 0
0.061331 287.649 287.649 1 1 0
0.0614173 288.062 288.062 1 1 0
0.0615036 288.475 288.475 1 1 0
0.0615901 288.889 288.889 1 1 0
0.0616768 289.304 289.304 1 1 0
0.0617636 289.72 289.72 1 1 0
0.0618505 290.136 290.136 1 1 0
0.0619376 290.553 290.553 1 1 0
0.0620248 290.97 290.97 1 1 0
0.0621122 291.389 291.389 1 1 0
0.0621997 291.807 291.807 1 1 0
0.0622873 292.227 292.227 1 1 0
0.0623751 292.647 292.647 1 1 0
0.062463 293.067 293.067 1 1 0
0.062551 293.489 293.489 1 1 0
0.0626392 293.911 293.911 1 1 0
0.0627275 294.333 294.333 1 1 0
0.062816 294.756 294.756 1 1 0
0.0629045 295.18 295.18 1 1 0
0.0629933 295.604 295.604 1 1 0
0.0630821 296.029 296.029 1 1 0
0.0631711 296.455 296.455 1 1 0
0.0632602 296.881 296.881 1 1 0
0.0633494 297.308 297.308 1 1 0
0.0634388 297.735 297.735 1 1 0
0.0635283 298.163 298.163 1 1 0
0.0636179 298.592 298.592 1 1 0
0.0637077 299.021 299.021 1 1 0
0.0637975 299.451 299.451 1 1 0
0.0638875 299.881 299.881 1 1 0
0.0639777 300.312 300.312 1 1 0
0.0640679 300.743 300.743 1 1 0
0.0641583 301.176 301.176 1 1 0
0.0642488 301.608 301.608 1 1 0
0.0643394 302.041 302.041 1 1 0
0.0644301 302.475 302.475 1 1 0
0.064521 302.909 302.909 1 1 0
0.064612 303.344 303.344 1 1 0
0.0647031 303.779 303.779 1 1 0
0.0647943 304.215 304.215 1 1 0
0.0648856 304.652 304.652 1 1 0
0.0649771 305.089 305.089 1 1 0
0.0650686 305.526 305.526 1 1 0
0.0651603 305.964 305.964 1 1 0
0.0652521 306.403 306.403 1 1 0
0.065344 306.842 306.842 1 1 0
0.0654361 307.281 307.281 1 1 0
0.0655282 307.721 307.721 1 1 0
0.0656204 308.162 308.162 1 1 0
0.0657128 308.603 308.603 1 1 0
0.0658053 309.045 309.045 1 1 0
0.0658978 309.487 309.487 1 1 0
0.0659905 309.929 309.929 1 1 0
0.0660833 310.373 310.373 1 1 0
0.0661762 310.816 310.816 1 1 0
0.0662692 311.26 311.26 1 1 0
0.0663623 311.705 311.705 1 1 0
0.0664556 312.15 312.15 1 1 0
0.0665489 312.595 312.595 1 1 0
0.0666423 313.041 313.041 1 1 0
0.0667358 313.488 313.488 1 1 0
0.0668295 313.935 313.935 1 1 0
0.0669232 314.382 314.382 1 1 0
0.0670171 314.83 314.83 1 1 0
0.067111 315.279 315.279 1 1 0
0.067205 315.727 315.727 1 1 0
0.0672992 316.177 316.177 1 1 0
0.0673934 316.626 316.626 1 1 0
0.0674877 317.076 317.076 1 1 0
0.0675821 317.527 317.527 1 1 0
0.0676767 317.978 317.978 1 1 0
0.0677713 318.429 318.429 1 1 0
0.067866 318.881 318.881 1 1 0
0.0679608 319.334 319.334 1 1 0
0.0680557 319.786 319.786 1 1 0
0.0681507 320.239 320.239 1 1 0
0.0682458 320.693 320.693 1 1 0
0.0683409 321.147 321.147 1 1 0
0.0684362 321.601 321.601 1 1 0
0.0685315 322.056 322.056 1 1 0
0.068627 322.511 322.511 1 1 0
0.0687225 322.967 322.967 1 1 0
0.0688181 323.423 323.423 1 1 0
0.0689138 323.879 323.879 1 1 0
0.0690096 324.336 324.336 1 1 0
0.0691055 324.793 324.793 1 1 0
0.0692015 325.251 325.251 1 1 0
0.0692975 325.709 325.709 1 1 0
0.0693936 326.167 326.167 1 1 0
0.0694899 326.626 326.626 1 1 0
0.0695861 327.085 327.085 1 1 0
0.0696825 327.544 327.544 1 1 0
0.069779 328.004 328.004 1 1 0
0.0698755 328.464 328.464 1 1 0
0.0699721 328.925 328.925 1 1 0
0.0700688 329.386 329.386 1 1 0
0.0701656 329.847 329.847 1 1 0
0.0702625 330.309 330.309 1 1 0
0.0703594 330.771 330.771 1 1 0
0.0704564 331.233 331.233 1 1 0
0.0705535 331.696 331.696 1 1 0
0.0706506 332.159 332.159 1 1 0
0.0707479 332.622 332.622 1 1 0
0.0708452 333.086 333.086 1 1 0
0.0709426 333.55 333.55 1 1 0
0.07104 334.014 334.014 1 1 0
0.0711375 334.479 334.479 1 1 0
0.0712351 334.944 334.944 1 1 0
0.0713328 335.409 335.409 1 1 0
0.0714305 335.875 335.875 1 1 0
0.0715283 336.341 336.341 1 1 0
0.0716262 336.807 336.807 1 1 0
0.0717242 337.273 337.273 1 1 0
0.0718222 337.74 337.74 1 1 0
0.0719203 338.207 338.207 1 1 0
0.0720184 338.675 338.675 1 1 0
0.0721166 339.143 339.143 1 1 0
0.0722149 339.611 339.611 1 1 0
0.0723133 340.079 340.079 1 1 0
0.0724117 340.548 340.548 1 1 0
0.0725102 341.017 341.017 1 1 0
0.0726087 341.486 341.486 1 1 0
0.0727073 341.956 341.956 1 1 0
0.072806 342.425 342.425 1 1 0
0.0729047 342.895 342.895 1 1 0
0.0730035 343.366 343.366 1 1 0
0.0731023 343.836 343.836 1 1 0
0.0732013 344.307 344.307 1 1 0
0.0733002 344.779 344.779 1 1 0
0.0733993 345.25 345.25 1 1 0
0.0734984 345.722 345.722 1 1 0
0.0735975 346.194 346.194 1 1 0
0.0736967 346.666 346.666 1 1 0
0.073796 347.139 347.139 1 1 0
0.0738953 347.611 347.611 1 1 0
0.0739947 348.084 348.084 1 1 0
0.0740941 348.558 348.558 1 1 0
0.0741936 349.031 349.031 1 1 0
0.0742931 349.505 349.505 1 1 0
0.0743927 349.979 349.979 1 1 0
0.0744924 350.453 350.453 1 1 0
0.0745921 350.928 350.928 1 1 0
0.0746919 351.402 351.402 1 1 0
0.0747917 351.877 351.877 1 1 0
0.0748915 352.352 352.352 1 1 0
0.0749914 352.828 352.828 1 1 0
0.0750914 353.303 353.303 1 1 0
0.0751914 353.779 353.779 1 1 0
0.0752915 354.255 354.255 1 1 0
0.0753916 354.732 354.732 1 1 0
0.0754918 355.208 355.208 1 1 0
0.075592 355.685 355.685 1 1 0
0.0756923 356.162 356.162 1 1 0
0.0757926 356.639 356.639 1 1 0
0.0758929 357.117 357.117 1 1 0
0.0759933 357.594 357.594 1 1 0
0.0760938 358.072 358.072 1 1 0
0.0761943 358.55 358.55 1 1 0
0.0762949 359.028 359.028 1 1 0
0.0763954 359.507 359.507 1 1 0
0.0764961 359.986 359.986 1 1 0
0.0765968 360.464 360.464 1 1 0
0.0766975 360.943 360.943 1 1 0
0.0767983 361.423 361.423 1 1 0
0.0768991 361.902 361.902 1 1 0
0.0769999 362.382 362.382 1 1 0
0.0771008 362.861 362.861 1 1 0
0.0772018 363.341 363.341 1 1 0
0.0773028 363.822 363.822 1 1 0
0.0774038 364.302 364.302 1 1 0
0.0775049 364.783 364.783 1 1 0
0.077606 365.263 365.263 1 1 0
0.0777071 365.744 365.744 1 1 0
0.0778083 366.225 366.225 1 1 0
0.0779095 366.707 366.707 1 1 0
0.0780108 367.188 367.188 1 1 0
0.0781121 367.67 367.67 1 1 0
0.0782134 368.151 368.151 1 1 0
0.0783148 368.633 368.633 1 1 0
0.0784162 369.116 369.116 1 1 0
0.0785177 369.598 369.598 1 1 0
0.0786192 370.08 370.08 1 1 0
0.0787207 370.563 370.563 1 1 0
0.0788223 371.046 371.046 1 1 0
0.0789239 371.529 371.529 1 1 0
0.0790256 372.012 372.012 1 1 0
0.0791272 372.495 372.495 1 1 0
0.0792289 372.978 372.978 1 1 0
0.0793307 373.462 373.462 1 1 0
0.0794325 373.946 373.946 1 1 0
0.0795343 374.43 374.43 1 1 0
0.0796361 374.914 374.914 1 1 0
0.079738 375.398 375.398 1 1 0
0.0798399 375.882 375.882 1 1 0
0.0799419 376.366 376.366 1 1 0
0.0800439 376.851 376.851 1 1 0
0.0801459 377.336 377.336 1 1 0
0.0802479 377.821 377.821 1 1 0
0.08035 378.306 378.306 1 1 0
0.0804521 378.791 378.791 1 1 0
0.0805543 379.276 379.276 1 1 0
0.0806565 379.762 379.762 1 1 0
0.0807587 380.247 380.247 1 1 0
0.0808609 380.733 380.733 1 1 0
0.0809632 381.219 381.219 1 1 0
0.0810655 381.705 381.705 1 1 0
0.0811678 382.191 382.191 1 1 0
0.0812701 382.677 382.677 1 1 0
0.0813725 383.163 383.163 1 1 0
0.0814749 383.65 383.65 1 1 0
0.0815774 384.136 384.136 1 1 0
0.0816798 384.623 384.623 1 1 0
0.0817823 385.11 385.11 1 1 0
0.0818849 385.597 385.597 1 1 0
0.0819874 386.084 386.084 1 1 0
0.08209 386.571 386.571 1 1 0
0.0821926 387.059 387.059 1 1 0
0.0822952 387.546 387.546 1 1 0
0.0823979 388.034 388.034 1 1 0
0.0825006 388.521 388.521 1 1 0
0.0826033 389.009 389.009 1 1 0
0.082706 389.497 389.497 1 1 0
0.0828088 389.985 389.985 1 1 0
0.0829116 390.473 390.473 1 1 0
0.0830144 390.961 390.961 1 1 0
0.0831172 391.45 391.45 1 1 0
0.0832201 391.938 391.938 1 1 0
0.083323 392.427 392.427 1 1 0
0.0834259 392.915 392.915 1 1 0
0.0835288 393.404 393.404 1 1 0
0.0836318 393.893 393.893 1 1 0
0.0837347 394.382 394.382 1 1 0
0.0838378 394.871 394.871 1 1 0
0.0839408 395.36 395.36 1 1 0
0.0840438 395.849 395.849 1 1 0
0.0841469 396.339 396.339 1 1 0
0.08425 396.828 396.828 1 1 0
0.0843531 397.318 397.318 1 1 0
0.0844563 397.807 397.807 1 1 0
0.0845594 398.297 398.297 1 1 0
0.0846626 398.787 398.787 1 1 0
0.0847658 399.277 399.277 1 1 0
0.084869 399.767 399.767 1 1 0
0.0849723 400.257 400.257 1 1 0
0.0850756 400.747 400.747 1 1 0
0.0851788 401.237 401.237 1 1 0
0.0852822 401.728 401.728 1 1 0
0.0853855 402.218 402.218 1 1 0
0.0854888 402.709 402.709 1 1 0
0.0855922 403.199 403.199 1 1 0
0.0856956 403.69 403.69 1 1 0
0.085799 404.181 404.181 1 1 0
0.0859024 404.672 404.672 1 1 0
0.0860059 405.163 405.163 1 1 0
0.0861093 405.654 405.654 1 1 0
0.0862128 406.145 406.145 1 1 0
0.0863163 406.636 406.636 1 1 0
0.0864198 407.127 407.127 1 1 0
0.0865234 407.619 407.619 1 1 0
0.0866269 408.11 408.11 1 1 0
0.0867305 408.602 408.602 1 1 0
0.0868341 409.093 409.093 1 1 0
0.0869377 409.585 409.585 1 1 0
0.0870414 410.077 410.077 1 1 0
0.087145 410.569 410.569 1 1 0
0.0872487 411.06 411.06 1 1 0
0.0873523 411.552 411.552 1 1 0
0.087456 412.044 412.044 1 1 0
0.0875598 412.537 412.537 1 1 0
0.0876635 413.029 413.029 1 1 0
0.0877672 413.521 413.521 1 1 0
0.087871 414.013 414.013 1 1 0
0.0879748 414.506 414.506 1 1 0
0.0880786 414.998 414.998 1 1 0
0.0881824 415.491 415.491 1 1 0
0.0882862 415.983 415.983 1 1 0
0.0883901 416.476 416.476 1 1 0
0.0884939 416.969 416.969 1 1 0
0.0885978 417.461 417.461 1 1 0
0.0887017 417.954 417.954 1 1 0
0.0888056 418.447 418.447 1 1 0
0.0889095 418.94 418.94 1 1 0
0.0890134 419.433 419.433 1 1 0
0.0891174 419.926 419.926 1 1 0
0.0892214 420.419 420.419 1 1 0
0.0893253 420.912 420.912 1 1 0
0.0894293 421.406 421.406 1 1 0
0.0895333 421.899 421.899 1 1 0
0.0896373 422.392 422.392 1 1 0
0.0897414 422.886 422.886 1 1 0
0.0898454 423.379 423.379 1 1 0
0.0899495 423.873 423.873 1 1 0
0.0900536 424.367 424.367 1 1 0
0.0901576 424.86 424.86 1 1 0
0.0902617 425.354 425.354 1 1 0
0.0903659 425.848 425.848 1 1 0
0.09047 426.342 426.342 1 1 0
0.0905741 426.835 426.835 1 1 0
0.0906783 427.329 427.329 1 1 0
0.0907824 427.823 427.823 1 1 0
0.0908866 428.317 428.317 1 1 0
0.0909908 428.812 428.812 1 1 0
0.091095 429.306 429.306 1 1 0
0.0911992 429.8 429.8 1 1 0
0.0913035 430.294 430.294 1 1 0
0.0914077 430.788 430.788 1 1 0
0.0915119 431.283 431.283 1 1 0
0.0916162 431.777 431.777 1 1 0
0.0917205 432.272 432.272 1 1 0
0.0918248 432.766 432.766 1 1 0
0.0919291 433.261 433.261 1 1 0
0.0920334 433.755 433.755 1 1 0
0.0921377 434.25 434.25 1 1 0
0.092242 434.745 434.745 1 1 0
0.0923464 435.239 435.239 1 1 0
0.0924507 435.734 435.734 1 1 0
0.0925551 436.229 436.229 1 1 0
0.0926595 436.724 436.724 1 1 0
0.0927638 437.219 437.219 1 1 0
0.0928682 437.714 437.714 1 1 0
0.0929726 438.209 438.209 1 1 0
0.0930771 438.704 438.704 1 1 0
0.0931815 439.199 439.199 1 1 0
0.0932859 439.694 439.694 1 1 0
0.0933904 440.189 440.189 1 1 0
0.0934948 440.684 440.684 1 1 0
0.0935993 441.18 441.18 1 1 0
0.0937038 441.675 441.675 1 1 0
0.0938083 442.17 442.17 1 1 0
0.0939128 442.666 442.666 1 1 0
0.0940173 443.161 443.161 1 1 0
0.0941218 443.656 443.656 1 1 0
0.0942263 444.152 444.152 1 1 0
0.0943308 444.647 444.647 1 1 0
0.0944354 445.143 445.143 1 1 0
0.0945399 445.639 445.639 1 1 0
0.0946445 446.134 446.134 1 1 0
0.0947491 446.63 446.63 1 1 0
0.0948537 447.126 447.126 1 1 0
0.0949582 447.621 447.621 1 1 0
0.0950628 448.117 448.117 1 1 0
0.0951674 448.613 448.613 1 1 0
0.0952721 449.109 449.109 1 1 0
0.0953767 449.605 449.605 1 1 0
0.0954813 450.101 450.101 1 1 0
0.095586 450.597 450.597 1 1 0
0.0956906 451.093 451.093 1 1 0
0.0957953 451.589 451.589 1 1 0
0.0958999 452.085 452.085 1 1 0
0.0960046 452.581 452.581 1 1 0
0.0961093 453.077 453.077 1 1 0
0.096214 453.573 453.573 1 1 0
0.0963187 454.069 454.069 1 1 0
0.0964234 454.565 454.565 1 1 0
0.0965281 455.062 455.062 1 1 0
0.0966328 455.558 455.558 1 1 0
0.0967376 456.054 456.054 1 1 0
0.0968423 456.551 456.551 1 1 0
0.096947 457.047 457.047 1 1 0
0.0970518 457.543 457.543 1 1 0
0.0971566 458.04 458.04 1 1 0
0.0972613 458.536 458.536 1 1 0
0.0973661 459.033 459.033 1 1 0
0.0974709 459.529 459.529 1 1 0
0.0975757 460.026 460.026 1 1 0
0.0976805 460.522 460.522 1 1 0
0.0977853 461.019 461.019 1 1 0
0.0978901 461.516 461.516 1 1 0
0.0979949 462.012 462.012 1 1 0
0.0980997 462.509 462.509 1 1 0
0.0982046 463.006 463.006 1 1 0
0.0983094 463.502 463.502 1 1 0
0.0984143 463.999 463.999 1 1 0
0.0985191 464.496 464.496 1 1 0
0.098624 464.993 464.993 1 1 0
0.0987288 465.49 465.49 1 1 0
0.0988337 465.987 465.987 1 1 0
0.0989386 466.483 466.483 1 1 0
0.0990435 466.98 466.98 1 1 0
0.0991484 467.477 467.477 1 1 0
0.0992533 467.974 467.974 1 1 0
0.0993582 468.471 468.471 1 1 0
0.0994631 468.968 468.968 1 1 0
0.099568 469.465 469.465 1 1 0
0.0996729 469.962 469.962 1 1 0
0.0997778 470.46 470.46 1 1 0
0.0998828 470.957 470.957 1 1 0
0.0999877 471.454 471.454 1 1 0
0.100093 471.951 471.951 1 1 0
0.100198 472.448 472.448 1 1 0
0.100303 472.945 472.945 1 1 0
0.100408 473.443 473.443 1 1 0
0.100513 473.94 473.94 1 1 0
0.100617 474.437 474.437 1 1 0
0.100722 474.934 474.934 1 1 0
0.100827 475.432 475.432 1 1 0
0.100932 475.929 475.929 1 1 0
0.101037 476.427 476.427 1 1 0
0.101142 476.924 476.924 1 1 0
0.101247 477.421 477.421 1 1 0
0.101352 477.919 477.919 1 1 0
0.101457 478.416 478.416 1 1 0
0.101563 478.914 478.914 1 1 0
0.101668 479.411 479.411 1 1 0
0.101773 479.909 479.909 1 1 0
0.101878 480.406 480.406 1 1 0
0.101983 480.904 480.904 1 1 0
0.102088 481.401 481.401 1 1 0
0.102193 481.899 481.899 1 1 0
0.102298 482.397 482.397 1 1 0
0.102403 482.894 482.894 1 1 0
0.102508 483.392 483.392 1 1 0
0.102613 483.889 483.889 1 1 0
0.102718 484.387 484.387 1 1 0
0.102823 484.885 484.885 1 1 0
0.102928 485.383 485.383 1 1 0
0.103033 485.88 485.88 1 1 0
0.103138 486.378 486.378 1 1 0
0.103244 486.876 486.876 1 1 0
0.103349 487.374 487.374 1 1 0
0.103454 487.871 487.871 1 1 0
0.103559 488.369 488.369 1 1 0
0.103664 488.867 488.867 1 1 0
0.103769 489.365 489.365 1 1 0
0.103874 489.863 489.863 1 1 0
0.103979 490.361 490.361 1 1 0
0.104085 490.859 490.859 1 1 0
0.10419 491.357 491.357 1 1 0
0.104295 491.855 491.855 1 1 0
0.1044 492.353 492.353 1 1 0
0.104505 492.85 492.85 1 1 0
0.10461 493.348 493.348 1 1 0
0.104716 493.846 493.846 1 1 0
0.104821 494.344 494.344 1 1 0
0.104926 494.843 494.843 1 1 0
0.105031 495.341 495.341 1 1 0
0.105136 495.839 495.839 1 1 0
0.105241 496.337 496.337 1 1 0
0.105347 496.835 496.835 1 1 0
0.105452 497.333 497.333 1 1 0
0.105557 497.831 497.831 1 1 0
0.105662 498.329 498.329 1 1 0
0.105767 498.827 498.827 1 1 0
0.105873 499.326 499.326 1 1 0
0.105978 499.824 499.824 1 1 0
0.106083 500.322 500.322 1 1 0
0.106188 500.82 500.82 1 1 0
0.106294 501.318 501.318 1 1 0
0.106399 501.817 501.817 1 1 0
0.106504 502.315 502.315 1 1 0
0.106609 502.813 502.813 1 1 0
0.106714 503.311 503.311 1 1 0
0.10682 503.81 503.81 1 1 0
0.106925 504.308 504.308 1 1 0
0.10703 504.806 504.806 1 1 0
0.107135 505.305 505.305 1 1 0
0.107241 505.803 505.803 1 1 0
0.107346 506.301 506.301 1 1 0
0.107451 506.8 506.8 1 1 0
0.107556 507.298 507.298 1 1 0
0.107662 507.797 507.797 1 1 0
0.107767 508.295 508.295 1 1 0
0.107872 508.793 508.793 1 1 0
0.107978 509.292 509.292 1 1 0
0.108083 509.79 509.79 1 1 0
0.108188 510.289 510.289 1 1 0
0.108293 510.787 510.787 1 1 0
0.108399 511.286 511.286 1 1 0
0.108504 511.784 511.784 1 1 0
0.108609 512.283 512.283 1 1 0
0.108715 512.781 512.781 1 1 0
0.10882 513.28 513.28 1 1 0
0.108925 513.778 513.778 1 1 0
0.109031 514.277 514.277 1 1 0
0.109136 514.775 514.775 1 1 0
0.109241 515.274 515.274 1 1 0
0.109347 515.772 515.772 1 1 0
0.109452 516.271 516.271 1 1 0
0.109557 516.77 516.77 1 1 0
0.109663 517.268 517.268 1 1 0
0.109768 517.767 517.767 1 1 0
0.109873 518.265 518.265 1 1 0
0.109979 518.764 518.764 1 1 0
0.110084 519.263 519.263 1 1 0
0.110189 519.761 519.761 1 1 0
0.110295 520.26 520.26 1 1 0
0.1104 520.759 520.759 1 1 0
0.110505 521.257 521.257 1 1 0
0.110611 521.756 521.756 1 1 0
0.110716 522.255 522.255 1 1 0
0.110821 522.754 522.754 1 1 0
0.110927 523.252 523.252 1 1 0
0.111032 523.751 523.751 1 1 0
0.111137 524.25 524.25 1 1 0
0.111243 524.749 524.749 1 1 0
0.111348 525.247 525.247 1 1 0
0.111454 525.746 525.746 1 1 0
0.111559 526.245 526.245 1 1 0
0.111664 526.744 526.744 1 1 0
0.11177 527.243 527.243 1 1 0
0.111875 527.741 527.741 1 1 0
0.11198 528.24 528.24 1 1 0
0.112086 528.739 528.739 1 1 0
0.112191 529.238 529.238 1 1 0
0.112297 529.737 529.737 1 1 0
0.112402 530.236 530.236 1 1 0
0.112507 530.734 530.734 1 1 0
0.112613 531.233 531.233 1 1 0
0.112718 531.732 531.732 1 1 0
0.112824 532.231 532.231 1 1 0
0.112929 532.73 532.73 1 1 0
0.113035 533.229 533.229 1 1 0
0.11314 533.728 533.728 1 1 0
0.113245 534.227 534.227 1 1 0
0.113351 534.726 534.726 1 1 0
0.113456 535.225 535.225 1 1 0
0.113562 535.723 535.723 1 1 0
0.113667 536.222 536.222 1 1 0
0.113773 536.721 536.721 1 1 0
0.113878 537.22 537.22 1 1 0
0.113983 537.719 537.719 1 1 0
0.114089 538.218 538.218 1 1 0
0.114194 538.717 538.717 1 1 0
0.1143 539.216 539.216 1 1 0
0.114405 539.715 539.715 1 1 0
0.114511 540.214 540.214 1 1 0
0.114616 540.713 540.713 1 1 0
0.114721 541.212 541.212 1 1 0
0.114827 541.711 541.711 1 1 0
0.114932 542.21 542.21 1 1 0
0.115038 542.709 542.709 1 1 0
0.115143 543.209 543.209 1 1 0
0.115249 543.708 543.708 1 1 0
0.115354 544.207 544.207 1 1 0
0.11546 544.706 544.706 1 1 0
0.115565 545.205 545.205 1 1 0
0.115671 545.704 545.704 1 1 0
0.115776 546.203 546.203 1 1 0
0.115882 546.702 546.702 1 1 0
0.115987 547.201 547.201 1 1 0
0.116093 547.7 547.7 1 1 0
0.116198 548.199 548.199 1 1 0
0.116303 548.699 548.699 1 1 0
0.116409 549.198 549.198 1 1 0
0.116514 549.697 549.697 1 1 0
0.11662 550.196 550.196 1 1 0
0.116725 550.695 550.695 1 1 0
0.116831 551.194 551.194 1 1 0
0.116936 551.693 551.693 1 1 0
0.117042 552.193 552.193 1 1 0
0.117147 552.692 552.692 1 1 0
0.117253 553.191 553.191 1 1 0
0.117358 553.69 553.69 1 1 0
0.117464 554.189 554.189 1 1 0
0.117569 554.688 554.688 1 1 0
0.117675 555.188 555.188 1 1 0
0.11778 555.687 555.687 1 1 0
0.117886 556.186 556.186 1 1 0
0.117991 556.685 556.685 1 1 0
0.118097 557.185 557.185 1 1 0
0.118202 557.684 557.684 1 1 0
0.118308 558.183 558.183 1 1 0
0.118413 558.682 558.682 1 1 0
0.118519 559.181 559.181 1 1 0
0.118625 559.681 559.681 1 1 0
0.11873 560.18 560.18 1 1 0
0.118836 560.679 560.679 1 1 0
0.118941 561.179 561.179 1 1 0
0.119047 561.678 561.678 1 1 0
0.119152 562.177 562.177 1 1 0
0.119258 562.676 562.676 1 1 0
0.119363 563.176 563.176 1 1 0
0.119469 563.675 563.675 1 1 0
0.119574 564.174 564.174 1 1 0
0.11968 564.674 564.674 1 1 0
0.119785 565.173 565.173 1 1 0
0.119891 565.672 565.672 1 1 0
0.119996 566.171 566.171 1 1 0
0.120102 566.671 566.671 1 1 0
0.120207 567.17 567.17 1 1 0
0.120313 567.669 567.669 1 1 0
0.120419 568.169 568.169 1 1 0
0.120524 568.668 568.668 1 1 0
0.12063 569.167 569.167 1 1 0
0.120735 569.667 569.667 1 1 0
0.120841 570.166 570.166 1 1 0
0.120946 570.666 570.666 1 1 0
0.121052 571.165 571.165 1 1 0
0.121157 571.664 571.664 1 1 0
0.121263 572.164 572.164 1 1 0
0.121369 572.663 572.663 1 1 0
0.121474 573.162 573.162 1 1 0
0.12158 573.662 573.662 1 1 0
0.121685 574.161 574.161 1 1 0
0.121791 574.661 574.661 1 1 0
0.121896 575.16 575.16 1 1 0
0.122002 575.659 575.659 1 1 0
0.122107 576.159 576.159 1 1 0
0.122213 576.658 576.658 1 1 0
0.122319 577.158 577.158 1 1 0
0.122424 577.657 577.657 1 1 0
0.12253 578.156 578.156 1 1 0
0.122635 578.656 578.656 1 1 0
0.122741 579.155 579.155 1 1 0
0.122847 579.655 579.655 1 1 0
0.122952 580.154 580.154 1 1 0
0.123058 580.654 580.654 1 1 0
0.123163 581.153 581.153 1 1 0
0.123269 581.652 581.652 1 1 0
0.123374 582.152 582.152 1 1 0
0.12348 582.651 582.651 1 1 0
0.123586 583.151 583.151 1 1 0
0.123691 583.65 583.65 1 1 0
0.123797 584.15 584.15 1 1 0
0.123902 584.649 584.649 1 1 0
0.124008 585.149 585.149 1 1 0
0.124114 585.648 585.648 1 1 0
0.124219 586.148 586.148 1 1 0
0.124325 586.647 586.647 1 1 0
0.12443 587.147 587.147 1 1 0
0.124536 587.646 587.646 1 1 0
0.124641 588.146 588.146 1 1 0
0.124747 588.645 588.645 1 1 0
0.124853 589.145 589.145 1 1 0
0.124958 589.644 589.644 1 1 0
0.125064 590.144 590.144 1 1 0
0.12517 590.643 590.643 1 1 0
0.125275 591.143 591.143 1 1 0
0.125381 591.642 591.642 1 1 0
0.125486 592.142 592.142 1 1 0
0.125592 592.641 592.641 1 1 0
0.125698 593.141 593.141 1 1 0
0.125803 593.64 593.64 1 1 0
0.125909 594.14 594.14 1 1 0
0.126014 594.639 594.639 1 1 0
0.12612 595.139 595.139 1 1 0
0.126226 595.638 595.638 1 1 0
0.126331 596.138 596.138 1 1 0
0.126437 596.637 596.637 1 1 0
0.126542 597.137 597.137 1 1 0
0.126648 597.637 597.637 1 1 0
0.126754 598.136 598.136 1 1 0
0.126859 598.636 598.636 1 1 0
0.126965 599.135 599.135 1 1 0
0.127071 599.635 599.635 1 1 0
0.127176 600.134 600.134 1 1 0
0.127282 600.634 600.634 1 1 0
0.127387 601.133 601.133 1 1 0
0.127493 601.633 601.633 1 1 0
0.127599 602.133 602.133 1 1 0
0.127704 602.632 602.632 1 1 0
0.12781 603.132 603.132 1 1 0
0.127916 603.631 603.631 1 1 0
0.128021 604.131 604.131 1 1 0
0.128127 604.631 604.631 1 1 0
0.128232 605.13 605.13 1 1 0
0.128338 605.63 605.63 1 1 0
0.128444 606.129 606.129 1 1 0
0.128549 606.629 606.629 1 1 0
0.128655 607.129 607.129 1 1 0
0.128761 607.628 607.628 1 1 0
0.128866 608.128 608.128 1 1 0
0.128972 608.627 608.627 1 1 0
0.129078 609.127 609.127 1 1 0
0.129183 609.627 609.627 1 1 0
0.129289 610.126 610.126 1 1 0
0.129394 610.626 610.626 1 1 0
0.1295 611.125 611.125 1 1 0
0.129606 611.625 611.625 1 1 0
0.129711 612.125 612.125 1 1 0
0.129817 612.624 612.624 1 1 0
0.129923 613.124 613.124 1 1 0
0.130028 613.624 613.624 1 1 0
0.130134 614.123 614.123 1 1 0
0.13024 614.623 614.623 1 1 0
0.130345 615.123 615.123 1 1 0
0.130451 615.622 615.622 1 1 0
0.130557 616.122 616.122 1 1 0
0.130662 616.622 616.622 1 1 0
0.130768 617.121 617.121 1 1 0
0.130874 617.621 617.621 1 1 0
0.130979 618.12 618.12 1 1 0
0.131085 618.62 618.62 1 1 0
0.131191 619.12 619.12 1 1 0
0.131296 619.619 619.619 1 1 0
0.131402 620.119 620.119 1 1 0
0.131508 620.619 620.619 1 1 0
0.131613 621.118 621.118 1 1 0
0.131719 621.618 621.618 1 1 0
0.131825 622.118 622.118 1 1 0
0.13193 622.618 622.618 1 1 0
0.132036 623.117 623.117 1 1 0
0.132142 623.617 623.617 1 1 0
0.132247 624.117 624.117 1 1 0
0.132353 624.616 624.616 1 1 0
0.132459 625.116 625.116 1 1 0
0.132564 625.616 625.616 1 1 0
0.13267 626.115 626.115 1 1 0
0.132776 626.615 626.615 1 1 0
0.132881 627.115 627.115 1 1 0
0.132987 627.614 627.614 1 1 0
0.133093 628.114 628.114 1 1 0
0.133198 628.614 628.614 1 1 0
0.133304 629.113 629.113 1 1 0
0.13341 629.613 629.613 1 1 0
0.133515 630.113 630.113 1 1 0
0.133621 630.613 630.613 1 1 0
0.133727 631.112 631.112 1 1 0
0.133832 631.612 631.612 1 1 0
0.133938 632.112 632.112 1 1 0
0.134044 632.611 632.611 1 1 0
0.134149 633.111 633.111 1 1 0
0.134255 633.611 633.611 1 1 0
0.134361 634.111 634.111 1 1 0
0.134466 634.61 634.61 1 1 0
0.134572 635.11 635.11 1 1 0
0.134678 635.61 635.61 1 1 0
0.134783 636.109 636.109 1 1 0
0.134889 636.609 636.609 1 1 0
0.134995 637.109 637.109 1 1 0
0.1351 637.609 637.609 1 1 0
0.135206 638.108 638.108 1 1 0
0.135312 638.608 638.608 1 1 0
0.135417 639.108 639.108 1 1 0
0.135523 639.608 639.608 1 1 0
0.135629 640.107 640.107 1 1 0
0.135735 640.607 640.607 1 1 0
0.13584 641.107 641.107 1 1 0
0.135946 641.607 641.607 1 1 0
0.136052 642.106 642.106 1 1 0
0.136157 642.606 642.606 1 1 0
0.136263 643.106 643.106 1 1 0
0.136369 643.606 643.606 1 1 0
0.136474 644.105 644.105 1 1 0
0.13658 644.605 644.605 1 1 0
0.136686 645.105 645.105 1 1 0
0.136791 645.605 645.605 1 1 0
0.136897 646.104 646.104 1 1 0
0.137003 646.604 646.604 1 1 0
0.137109 647.104 647.104 1 1 0
0.137214 647.604 647.604 1 1 0
0.13732 648.103 648.103 1 1 0
0.137426 648.603 648.603 1 1 0
0.137531 649.103 649.103 1 1 0
0.137637 649.603 649.603 1 1 0
0.137743 650.102 650.102 1 1 0
0.137848 650.602 650.602 1 1 0
0.137954 651.102 651.102 1 1 0
0.13806 651.602 651.602 1 1 0
0.138166 652.102 652.102 1 1 0
0.138271 652.601 652.601 1 1 0
0.138377 653.101 653.101 1 1 0
0.138483 653.601 653.601 1 1 0
0.138588 654.101 654.101 1 1 0
0.138694 654.6 654.6 1 1 0
0.1388 655.1 655.1 1 1 0
0.138906 655.6 655.6 1 1 0
0.139011 656.1 656.1 1 1 0
0.139117 656.6 656.6 1 1 0
0.139223 657.099 657.099 1 1 0
0.139328 657.599 657.599 1 1 0
0.139434 658.099 658.099 1 1 0
0.13954 658.599 658.599 1 1 0
0.139645 659.099 659.099 1 1 0
0.139751 659.598 659.598 1 1 0
0.139857 660.098 660.098 1 1 0
0.139963 660.598 660.598 1 1 0
0.140068 661.098 661.098 1 1 0
0.140174 661.598 661.598 1 1 0
0.14028 662.097 662.097 1 1 0
0.140385 662.597 662.597 1 1 0
0.140491 663.097 663.097 1 1 0
0.140597 663.597 663.597 1 1 0
0.140703 664.097 664.097 1 1 0
0.140808 664.596 664.596 1 1 0
0.140914 665.096 665.096 1 1 0
0.14102 665.596 665.596 1 1 0
0.141125 666.096 666.096 1 1 0
0.141231 666.596 666.596 1 1 0
0.141337 667.095 667.095 1 1 0
0.141443 667.595 667.595 1 1 0
0.141548 668.095 668.095 1 1 0
0.141654 668.595 668.595 1 1 0
0.14176 669.095 669.095 1 1 0
0.141866 669.595 669.595 1 1 0
0.141971 670.094 670.094 1 1 0
0.142077 670.594 670.594 1 1 0
0.142183 671.094 671.094 1 1 0
0.142288 671.594 671.594 1 1 0
0.142394 672.094 672.094 1 1 0
0.1425 672.593 672.593 1 1 0
0.142606 673.093 673.093 1 1 0
0.142711 673.593 673.593 1 1 0
0.142817 674.093 674.093 1 1 0
0.142923 674.593 674.593 1 1 0
0.143028 675.093 675.093 1 1 0
0.143134 675.592 675.592 1 1 0
0.14324 676.092 676.092 1 1 0
0.143346 676.592 676.592 1 1 0
0.143451 677.092 677.092 1 1 0
0.143557 677.592 677.592 1 1 0
0.143663 678.092 678.092 1 1 0
0.143769 678.591 678.591 1 1 0
0.143874 679.091 679.091 1 1 0
0.14398 679.591 679.591 1 1 0
0.144086 680.091 680.091 1 1 0
0.144192 680.591 680.591 1 1 0
0.144297 681.091 681.091 1 1 0
0.144403 681.59 681.59 1 1 0
0.144509 682.09 682.09 1 1 0
0.144614 682.59 682.59 1 1 0
0.14472 683.09 683.09 1 1 0
0.144826 683.59 683.59 1 1 0
0.144932 684.09 684.09 1 1 0
0.145037 684.59 684.59 1 1 0
0.145143 685.089 685.089 1 1 0
0.145249 685.589 685.589 1 1 0
0.145355 686.089 686.089 1 1 0
0.14546 686.589 686.589 1 1 0
0.145566 687.089 687.089 1 1 0
0.145672 687.589 687.589 1 1 0
0.145778 688.088 688.088 1 1 0
0.145883 688.588 688.588 1 1 0
0.145989 689.088 689.088 1 1 0
0.146095 689.588 689.588 1 1 0
0.146201 690.088 690.088 1 1 0
0.146306 690.588 690.588 1 1 0
0.146412 691.088 691.088 1 1 0
0.146518 691.587 691.587 1 1 0
0.146623 692.087 692.087 1 1 0
0.146729 692.587 692.587 1 1 0
0.146835 693.087 693.087 1 1 0
0.146941 693.587 693.587 1 1 0
0.147046 694.087 694.087 1 1 0
0.147152 694.587 694.587 1 1 0
0.147258 695.087 695.087 1 1 0
0.147364 695.586 695.586 1 1 0
0.147469 696.086 696.086 1 1 0
0.147575 696.586 696.586 1 1 0
0.147681 697.086 697.086 1 1 0
0.147787 697.586 697.586 1 1 0
0.147892 698.086 698.086 1 1 0
0.147998 698.586 698.586 1 1 0
0.148104 699.085 699.085 1 1 0
0.14821 699.585 699.585 1 1 0
0.148315 700.085 700.085 1 1 0
0.148421 700.585 700.585 1 1 0
0.148527 701.085 701.085 1 1 0
0.148633 701.585 701.585 1 1 0
0.148738 702.085 702.085 1 1 0
0.148844 702.585 702.585 1 1 0
0.14895 703.084 703.084 1 1 0
0.149056 703.584 703.584 1 1 0
0.149161 704.084 704.084 1 1 0
0.149267 704.584 704.584 1 1 0
0.149373 705.084 705.084 1 1 0
0.149479 705.584 705.584 1 1 0
0.149584 706.084 706.084 1 1 0
0.14969 706.584 706.584 1 1 0
0.149796 707.083 707.083 1 1 0
0.149902 707.583 707.583 1 1 0
0.150007 708.083 708.083 1 1 0
0.03 132.084 132.084 2 1 0
0.0299986 132.076 132.076 1 1 0
0.0299971 132.068 132.068 1 1 0
0.0299942 132.052 132.052 1 1 0
0.0299885 132.02 132.02 1 1 0
0.0299769 131.956 131.956 1 1 0
0.0299589 131.856 131.856 1 1 0
0.029941 131.756 131.756 1 1 0
0.029923 131.656 131.656 1 1 0
0.0299051 131.557 131.557 1 1 0
0.0298872 131.457 131.457 1 1 0
0.0298693 131.357 131.357 1 1 0
0.0298514 131.258 131.258 1 1 0
0.0298336 131.159 131.159 1 1 0
0.0298158 131.059 131.059 1 1 0
0.029798 130.96 130.96 1 1 0
0.0297802 130.861 130.861 1 1 0
0.0297625 130.762 130.762 1 1 0
0.0297447 130.663 130.663 1 1 0
0.029727 130.564 130.564 1 1 0
0.0297093 130.465 130.465 1 1 0
0.0296917 130.367 130.367 1 1 0
0.029674 130.268 130.268 1 1 0
0.0296564 130.169 130.169 1 1 0
0.0296388 130.071 130.071 1 1 0
0.0296212 129.972 129.972 1 1 0
0.0296037 129.874 129.874 1 1 0
0.0295861 129.776 129.776 1 1 0
0.0295686 129.678 129.678 1 1 0
0.0295511 129.58 129.58 1 1 0
0.0295336 129.481 129.481 1 1 0
0.0295162 129.383 129.383 1 1 0
0.0294987 129.286 129.286 1 1 0
0.0294813 129.188 129.188 1 1 0
0.0294639 129.09 129.09 1 1 0
0.0294466 128.992 128.992 1 1 0
0.0294292 128.895 128.895 1 1 0
0.0294119 128.797 128.797 1 1 0
0.0293946 128.7 128.7 1 1 0
0.0293773 128.602 128.602 1 1 0
0.02936 128.505 128.505 1 1 0
0.0293428 128.408 128.408 1 1 0
0.0293256 128.311 128.311 1 1 0
0.0293084 128.214 128.214 1 1 0
0.0292912 128.117 128.117 1 1 0
0.029274 128.02 128.02 1 1 0
0.0292569 127.923 127.923 1 1 0
0.0292398 127.826 127.826 1 1 0
0.0292227 127.729 127.729 1 1 0
0.0292056 127.633 127.633 1 1 0
0.0291885 127.536 127.536 1 1 0
0.0291715 127.44 127.44 1 1 0
0.0291545 127.343 127.343 1 1 0
0.0291375 127.247 127.247 1 1 0
0.0291205 127.151 127.151 1 1 0
0.0291036 127.054 127.054 1 1 0
0.0290866 126.958 126.958 1 1 0
0.0290697 126.862 126.862 1 1 0
0.0290528 126.766 126.766 1 1 0
0.0290359 126.67 126.67 1 1 0
0.0290191 126.574 126.574 1 1 0
0.0290023 126.479 126.479 1 1 0
0.0289854 126.383 126.383 1 1 0
0.0289687 126.287 126.287 1 1 0
0.0289519 126.192 126.192 1 1 0
0.0289351 126.096 126.096 1 1 0
0.0289184 126.001 126.001 1 1 0
0.0289017 125.905 125.905 1 1 0
0.028885 125.81 125.81 1 1 0
0.0288683 125.715 125.715 1 1 0
0.0288517 125.619 125.619 1 1 0
0.028835 125.524 125.524 1 1 0
0.0288184 125.429 125.429 1 1 0
0.0288018 125.334 125.334 1 1 0
0.0287853 125.239 125.239 1 1 0
0.0287687 125.144 125.144 1 1 0
0.0287522 125.05 125.05 1 1 0
0.0287357 124.955 124.955 1 1 0
0.0287192 124.86 124.86 1 1 0
0.0287027 124.766 124.766 1 1 0
0.0286863 124.671 124.671 1 1 0
0.0286698 124.577 124.577 1 1 0
0.0286534 124.482 124.482 1 1 0
0.028637 124.388 124.388 1 1 0
0.0286207 124.294 124.294 1 1 0
0.0286043 124.199 124.199 1 1 0
0.028588 124.105 124.105 1 1 0
0.0285717 124.011 124.011 1 1 0
0.0285554 123.917 123.917 1 1 0
0.0285391 123.823 123.823 1 1 0
0.0285228 123.729 123.729 1 1 0
0.0285066 123.636 123.636 1 1 0
0.0284904 123.542 123.542 1 1 0
0.0284742 123.448 123.448 1 1 0
0.028458 123.355 123.355 1 1 0
0.0284419 123.261 123.261 1 1 0
0.0284257 123.168 123.168 1 1 0
0.0284096 123.074 123.074 1 1 0
0.0283935 122.981 122.981 1 1 0
0.0283774 122.887 122.887 1 1 0
0.0283614 122.794 122.794 1 1 0
0.0283453 122.701 122.701 1 1 0
0.0283293 122.608 122.608 1 1 0
0.0283133 122.515 122.515 1 1 0
0.0282973 122.422 122.422 1 1 0
0.0282814 122.329 122.329 1 1 0
0.0282654 122.236 122.236 1 1 0
0.0282495 122.143 122.143 1 1 0
0.0282336 122.05 122.05 1 1 0
0.0282177 121.958 121.958 1 1 0
0.0282018 121.865 121.865 1 1 0
0.028186 121.772 121.772 1 1 0
0.0281702 121.68 121.68 1 1 0
0.0281544 121.588 121.588 1 1 0
0.0281386 121.495 121.495 1 1 0
0.0281228 121.403 121.403 1 1 0
0.028107 121.311 121.311 1 1 0
0.0280913 121.218 121.218 1 1 0
0.0280756 121.126 121.126 1 1 0
0.0280599 121.034 121.034 1 1 0
0.0280442 120.942 120.942 1 1 0
0.0280286 120.85 120.85 1 1 0
0.0280129 120.758 120.758 1 1 0
0.0279973 120.666 120.666 1 1 0
0.0279817 120.574 120.574 1 1 0
0.0279662 120.483 120.483 1 1 0
0.0279506 120.391 120.391 1 1 0
0.0279351 120.299 120.299 1 1 0
0.0279195 120.208 120.208 1 1 0
0.027904 120.116 120.116 1 1 0
0.0278885 120.025 120.025 1 1 0
0.0278731 119.933 119.933 1 1 0
0.0278576 119.842 119.842 1 1 0
0.0278422 119.751 119.751 1 1 0
0.0278268 119.66 119.66 1 1 0
0.0278114 119.568 119.568 1 1 0
0.027796 119.477 119.477 1 1 0
0.0277807 119.386 119.386 1 1 0
0.0277654 119.295 119.295 1 1 0
0.0277501 119.204 119.204 1 1 0
0.0277348 119.113 119.113 1 1 0
0.0277195 119.023 119.023 1 1 0
0.0277042 118.932 118.932 1 1 0
0.027689 118.841 118.841 1 1 0
0.0276738 118.751 118.751 1 1 0
0.0276586 118.66 118.66 1 1 0
0.0276434 118.569 118.569 1 1 0
0.0276282 118.479 118.479 1 1 0
0.0276131 118.388 118.388 1 1 0
0.027598 118.298 118.298 1 1 0
0.0275829 118.208 118.208 1 1 0
0.0275678 118.117 118.117 1 1 0
0.0275527 118.027 118.027 1 1 0
0.0275377 117.937 117.937 1 1 0
0.0275226 117.847 117.847 1 1 0
0.0275076 117.757 117.757 1 1 0
0.0274926 117.667 117.667 1 1 0
0.0274776 117.577 117.577 1 1 0
0.0274627 117.487 117.487 1 1 0
0.0274478 117.397 117.397 1 1 0
0.0274328 117.307 117.307 1 1 0
0.0274179 117.218 117.218 1 1 0
0.0274031 117.128 117.128 1 1 0
0.0273882 117.038 117.038 1 1 0
0.0273733 116.949 116.949 1 1 0
0.0273585 116.859 116.859 1 1 0
0.0273437 116.77 116.77 1 1 0
0.0273289 116.68 116.68 1 1 0
0.0273142 116.591 116.591 1 1 0
0.0272994 116.502 116.502 1 1 0
0.0272847 116.413 116.413 1 1 0
0.02727 116.323 116.323 1 1 0
0.0272553 116.234 116.234 1 1 0
0.0272406 116.145 116.145 1 1 0
0.0272259 116.056 116.056 1 1 0
0.0272113 115.967 115.967 1 1 0
0.0271967 115.878 115.878 1 1 0
0.0271821 115.789 115.789 1 1 0
0.0271675 115.7 115.7 1 1 0
0.0271529 115.612 115.612 1 1 0
0.0271384 115.523 115.523 1 1 0
0.0271239 115.434 115.434 1 1 0
0.0271094 115.346 115.346 1 1 0
0.0270949 115.257 115.257 1 1 0
0.0270804 115.168 115.168 1 1 0
0.0270659 115.08 115.08 1 1 0
0.0270515 114.992 114.992 1 1 0
0.0270371 114.903 114.903 1 1 0
0.0270227 114.815 114.815 1 1 0
0.0270083 114.727 114.727 1 1 0
0.026994 114.638 114.638 1 1 0
0.0269796 114.55 114.55 1 1 0
0.0269653 114.462 114.462 1 1 0
0.026951 114.374 114.374 1 1 0
0.0269367 114.286 114.286 1 1 0
0.0269225 114.198 114.198 1 1 0
0.0269082 114.11 114.11 1 1 0
0.026894 114.022 114.022 1 1 0
0.0268798 113.934 113.934 1 1 0
0.0268656 113.847 113.847 1 1 0
0.0268514 113.759 113.759 1 1 0
0.0268373 113.671 113.671 1 1 0
0.0268231 113.584 113.584 1 1 0
0.026809 113.496 113.496 1 1 0
0.0267949 113.408 113.408 1 1 0
0.0267808 113.321 113.321 1 1 0
0.0267668 113.234 113.234 1 1 0
0.0267527 113.146 113.146 1 1 0
0.0267387 113.059 113.059 1 1 0
0.0267247 112.972 112.972 1 1 0
0.0267107 112.884 112.884 1 1 0
0.0266967 112.797 112.797 1 1 0
0.0266828 112.71 112.71 1 1 0
0.0266688 112.623 112.623 1 1 0
0.0266549 112.536 112.536 1 1 0
0.026641 112.449 112.449 1 1 0
0.0266272 112.362 112.362 1 1 0
0.0266133 112.275 112.275 1 1 0
0.0265995 112.188 112.188 1 1 0
0.0265857 112.101 112.101 1 1 0
0.0265718 112.015 112.015 1 1 0
0.0265581 111.928 111.928 1 1 0
0.0265443 111.841 111.841 1 1 0
0.0265306 111.755 111.755 1 1 0
0.0265168 111.668 111.668 1 1 0
0.0265031 111.581 111.581 1 1 0
0.0264894 111.495 111.495 1 1 0
0.0264758 111.409 111.409 1 1 0
0.0264621 111.322 111.322 1 1 0
0.0264485 111.236 111.236 1 1 0
0.0264349 111.15 111.15 1 1 0
0.0264213 111.063 111.063 1 1 0
0.0264077 110.977 110.977 1 1 0
0.0263941 110.891 110.891 1 1 0
0.0263806 110.805 110.805 1 1 0
0.0263671 110.719 110.719 1 1 0
0.0263536 110.633 110.633 1 1 0
0.0263401 110.547 110.547 1 1 0
0.0263266 110.461 110.461 1 1 0
0.0263132 110.375 110.375 1 1 0
0.0262997 110.289 110.289 1 1 0
0.0262863 110.203 110.203 1 1 0
0.0262729 110.118 110.118 1 1 0
0.0262596 110.032 110.032 1 1 0
0.0262462 109.946 109.946 1 1 0
0.0262329 109.861 109.861 1 1 0
0.0262196 109.775 109.775 1 1 0
0.0262063 109.69 109.69 1 1 0
0.026193 109.604 109.604 1 1 0
0.0261797 109.519 109.519 1 1 0
0.0261665 109.433 109.433 1 1 0
0.0261533 109.348 109.348 1 1 0
0.0261401 109.263 109.263 1 1 0
0.0261269 109.177 109.177 1 1 0
0.0261137 109.092 109.092 1 1 0
0.0261006 109.007 109.007 1 1 0
0.0260874 108.922 108.922 1 1 0
0.0260743 108.837 108.837 1 1 0
0.0260612 108.752 108.752 1 1 0
0.0260482 108.667 108.667 1 1 0
0.0260351 108.582 108.582 1 1 0
0.0260221 108.497 108.497 1 1 0
0.026009 108.412 108.412 1 1 0
0.0259961 108.327 108.327 1 1 0
0.0259831 108.242 108.242 1 1 0
0.0259701 108.158 108.158 1 1 0
0.0259572 108.073 108.073 1 1 0
0.0259442 107.988 107.988 1 1 0
0.0259313 107.904 107.904 1 1 0
0.0259185 107.819 107.819 1 1 0
0.0259056 107.735 107.735 1 1 0
0.0258928 107.65 107.65 1 1 0
0.0258799 107.566 107.566 1 1 0
0.0258671 107.481 107.481 1 1 0
0.0258543 107.397 107.397 1 1 0
0.0258416 107.313 107.313 1 1 0
0.0258288 107.229 107.229 1 1 0
0.0258161 107.144 107.144 1 1 0
0.0258034 107.06 107.06 1 1 0
0.0257907 106.976 106.976 1 1 0
0.025778 106.892 106.892 1 1 0
0.0257653 106.808 106.808 1 1 0
0.0257527 106.724 106.724 1 1 0
0.0257401 106.64 106.64 1 1 0
0.0257275 106.556 106.556 1 1 0
0.0257149 106.472 106.472 1 1 0
0.0257023 106.388 106.388 1 1 0
0.0256898 106.304 106.304 1 1 0
0.0256773 106.221 106.221 1 1 0
0.0256648 106.137 106.137 1 1 0
0.0256523 106.053 106.053 1 1 0
0.0256398 105.97 105.97 1 1 0
0.0256274 105.886 105.886 1 1 0
0.0256149 105.803 105.803 1 1 0
0.0256025 105.719 105.719 1 1 0
0.0255901 105.636 105.636 1 1 0
0.0255778 105.552 105.552 1 1 0
0.0255654 105.469 105.469 1 1 0
0.0255531 105.385 105.385 1 1 0
0.0255408 105.302 105.302 1 1 0
0.0255285 105.219 105.219 1 1 0
0.0255162 105.136 105.136 1 1 0
0.0255039 105.052 105.052 1 1 0
0.0254917 104.969 104.969 1 1 0
0.0254795 104.886 104.886 1 1 0
0.0254673 104.803 104.803 1 1 0
0.0254551 104.72 104.72 1 1 0
0.0254429 104.637 104.637 1 1 0
0.0254308 104.554 104.554 1 1 0
0.0254187 104.471 104.471 1 1 0
0.0254066 104.388 104.388 1 1 0
0.0253945 104.306 104.306 1 1 0
0.0253824 104.223 104.223 1 1 0
0.0253704 104.14 104.14 1 1 0
0.0253584 104.057 104.057 1 1 0
0.0253464 103.975 103.975 1 1 0
0.0253344 103.892 103.892 1 1 0
0.0253224 103.809 103.809 1 1 0
0.0253105 103.727 103.727 1 1 0
0.0252985 103.644 103.644 1 1 0
0.0252866 103.562 103.562 1 1 0
0.0252747 103.479 103.479 1 1 0
0.0252629 103.397 103.397 1 1 0
0.025251 103.315 103.315 1 1 0
0.0252392 103.232 103.232 1 1 0
0.0252274 103.15 103.15 1 1 0
0.0252156 103.068 103.068 1 1 0
0.0252038 102.986 102.986 1 1 0
0.0251921 102.903 102.903 1 1 0
0.0251803 102.821 102.821 1 1 0
0.0251686 102.739 102.739 1 1 0
0.0251569 102.657 102.657 1 1 0
0.0251453 102.575 102.575 1 1 0
0.0251336 102.493 102.493 1 1 0
0.025122 102.411 102.411 1 1 0
0.0251104 102.329 102.329 1 1 0
0.0250988 102.247 102.247 1 1 0
0.0250872 102.166 102.166 1 1 0
0.0250756 102.084 102.084 1 1 0
0.0250641 102.002 102.002 1 1 0
0.0250526 101.92 101.92 1 1 0
0.0250411 101.839 101.839 1 1 0
0.0250296 101.757 101.757 1 1 0
0.0250182 101.675 101.675 1 1 0
0.0250067 101.594 101.594 1 1 0
0.0249953 101.512 101.512 1 1 0
0.0249839 101.431 101.431 1 1 0
0.0249725 101.349 101.349 1 1 0
0.0249612 101.268 101.268 1 1 0
0.0249498 101.186 101.186 1 1 0
0.0249385 101.105 101.105 1 1 0
0.0249272 101.024 101.024 1 1 0
0.024916 100.942 100.942 1 1 0
0.0249047 100.861 100.861 1 1 0
0.0248935 100.78 100.78 1 1 0
0.0248822 100.699 100.699 1 1 0
0.024871 100.618 100.618 1 1 0
0.0248599 100.537 100.537 1 1 0
0.0248487 100.455 100.455 1 1 0
0.0248376 100.374 100.374 1 1 0
0.0248265 100.293 100.293 1 1 0
0.0248154 100.212 100.212 1 1 0
0.0248043 100.132 100.132 1 1 0
0.0247932 100.051 100.051 1 1 0
0.0247822 99.9698 99.9698 1 1 0
0.0247712 99.8889 99.8889 1 1 0
0.0247602 99.8082 99.8082 1 1 0
0.0247492 99.7274 99.7274 1 1 0
0.0247383 99.6467 99.6467 1 1 0
0.0247273 99.566 99.566 1 1 0
0.0247164 99.4853 99.4853 1 1 0
0.0247055 99.4047 99.4047 1 1 0
0.0246946 99.3241 99.3241 1 1 0
0.0246838 99.2436 99.2436 1 1 0
0.024673 99.1631 99.1631 1 1 0
0.0246621 99.0826 99.0826 1 1 0
0.0246514 99.0021 99.0021 1 1 0
0.0246406 98.9217 98.9217 1 1 0
0.0246298 98.8413 98.8413 1 1 0
0.0246191 98.761 98.761 1 1 0
0.0246084 98.6807 98.6807 1 1 0
0.0245977 98.6004 98.6004 1 1 0
0.024587 98.5201 98.5201 1 1 0
0.0245764 98.4399 98.4399 1 1 0
0.0245658 98.3598 98.3598 1 1 0
0.0245552 98.2796 98.2796 1 1 0
0.0245446 98.1995 98.1995 1 1 0
0.024534 98.1194 98.1194 1 1 0
0.0245235 98.0394 98.0394 1 1 0
0.0245129 97.9593 97.9593 1 1 0
0.0245024 97.8793 97.8793 1 1 0
0.024492 97.7994 97.7994 1 1 0
0.0244815 97.7195 97.7195 1 1 0
0.0244711 97.6396 97.6396 1 1 0
0.0244606 97.5597 97.5597 1 1 0
0.0244502 97.4799 97.4799 1 1 0
0.0244399 97.4001 97.4001 1 1 0
0.0244295 97.3204 97.3204 1 1 0
0.0244192 97.2406 97.2406 1 1 0
0.0244089 97.1609 97.1609 1 1 0
0.0243986 97.0813 97.0813 1 1 0
0.0243883 97.0016 97.0016 1 1 0
0.024378 96.922 96.922 1 1 0
0.0243678 96.8425 96.8425 1 1 0
0.0243576 96.7629 96.7629 1 1 0
0.0243474 96.6834 96.6834 1 1 0
0.0243372 96.6039 96.6039 1 1 0
0.0243271 96.5245 96.5245 1 1 0
0.024317 96.4451 96.4451 1 1 0
0.0243069 96.3657 96.3657 1 1 0
0.0242968 96.2863 96.2863 1 1 0
0.0242867 96.207 96.207 1 1 0
0.0242767 96.1277 96.1277 1 1 0
0.0242667 96.0484 96.0484 1 1 0
0.0242567 95.9692 95.9692 1 1 0
0.0242467 95.89 95.89 1 1 0
0.0242367 95.8108 95.8108 1 1 0
0.0242268 95.7317 95.7317 1 1 0
0.0242169 95.6525 95.6525 1 1 0
0.024207 95.5735 95.5735 1 1 0
0.0241971 95.4944 95.4944 1 1 0
0.0241873 95.4154 95.4154 1 1 0
0.0241775 95.3364 95.3364 1 1 0
0.0241677 95.2574 95.2574 1 1 0
0.0241579 95.1785 95.1785 1 1 0
0.0241481 95.0996 95.0996 1 1 0
0.0241384 95.0207 95.0207 1 1 0
0.0241287 94.9418 94.9418 1 1 0
0.024119 94.863 94.863 1 1 0
0.0241093 94.7842 94.7842 1 1 0
0.0240996 94.7054 94.7054 1 1 0
0.02409 94.6267 94.6267 1 1 0
0.0240804 94.548 94.548 1 1 0
0.0240708 94.4693 94.4693 1 1 0
0.0240612 94.3906 94.3906 1 1 0
0.0240517 94.312 94.312 1 1 0
0.0240422 94.2334 94.2334 1 1 0
0.0240327 94.1548 94.1548 1 1 0
0.0240232 94.0763 94.0763 1 1 0
0.0240138 93.9978 93.9978 1 1 0
0.0240043 93.9193 93.9193 1 1 0
0.0239949 93.8408 93.8408 1 1 0
0.0239855 93.7624 93.7624 1 1 0
0.0239762 93.684 93.684 1 1 0
0.0239668 93.6056 93.6056 1 1 0
0.0239575 93.5272 93.5272 1 1 0
0.0239482 93.4489 93.4489 1 1 0
0.0239389 93.3706 93.3706 1 1 0
0.0239297 93.2923 93.2923 1 1 0
0.0239204 93.2141 93.2141 1 1 0
0.0239112 93.1359 93.1359 1 1 0
0.023902 93.0577 93.0577 1 1 0
0.0238929 92.9795 92.9795 1 1 0
0.0238837 92.9014 92.9014 1 1 0
0.0238746 92.8232 92.8232 1 1 0
0.0238655 92.7451 92.7451 1 1 0
0.0238565 92.6671 92.6671 1 1 0
0.0238474 92.589 92.589 1 1 0
0.0238384 92.511 92.511 1 1 0
0.0238294 92.433 92.433 1 1 0
0.0238204 92.355 92.355 1 1 0
0.0238114 92.2771 92.2771 1 1 0
0.0238025 92.1992 92.1992 1 1 0
0.0237936 92.1213 92.1213 1 1 0
0.0237847 92.0434 92.0434 1 1 0
0.0237758 91.9656 91.9656 1 1 0
0.023767 91.8877 91.8877 1 1 0
0.0237582 91.8099 91.8099 1 1 0
0.0237494 91.7322 91.7322 1 1 0
0.0237406 91.6544 91.6544 1 1 0
0.0237318 91.5767 91.5767 1 1 0
0.0237231 91.499 91.499 1 1 0
0.0237144 91.4213 91.4213 1 1 0
0.0237057 91.3437 91.3437 1 1 0
0.023697 91.266 91.266 1 1 0
0.0236884 91.1884 91.1884 1 1 0
0.0236798 91.1108 91.1108 1 1 0
0.0236712 91.0333 91.0333 1 1 0
0.0236626 90.9557 90.9557 1 1 0
0.0236541 90.8782 90.8782 1 1 0
0.0236456 90.8007 90.8007 1 1 0
0.0236371 90.7232 90.7232 1 1 0
0.0236286 90.6458 90.6458 1 1 0
0.0236202 90.5683 90.5683 1 1 0
0.0236117 90.4909 90.4909 1 1 0
0.0236033 90.4136 90.4136 1 1 0
0.023595 90.3362 90.3362 1 1 0
0.0235866 90.2588 90.2588 1 1 0
0.0235783 90.1815 90.1815 1 1 0
0.02357 90.1042 90.1042 1 1 0
0.0235617 90.0269 90.0269 1 1 0
0.0235535 89.9497 89.9497 1 1 0
0.0235452 89.8724 89.8724 1 1 0
0.023537 89.7952 89.7952 1 1 0
0.0235288 89.718 89.718 1 1 0
0.0235207 89.6408 89.6408 1 1 0
0.0235125 89.5637 89.5637 1 1 0
0.0235044 89.4866 89.4866 1 1 0
0.0234963 89.4094 89.4094 1 1 0
0.0234883 89.3323 89.3323 1 1 0
0.0234802 89.2553 89.2553 1 1 0
0.0234722 89.1782 89.1782 1 1 0
0.0234642 89.1012 89.1012 1 1 0
0.0234563 89.0242 89.0242 1 1 0
0.0234483 88.9472 88.9472 1 1 0
0.0234404 88.8702 88.8702 1 1 0
0.0234325 88.7932 88.7932 1 1 0
0.0234247 88.7163 88.7163 1 1 0
0.0234168 88.6393 88.6393 1 1 0
0.023409 88.5624 88.5624 1 1 0
0.0234012 88.4855 88.4855 1 1 0
0.0233934 88.4087 88.4087 1 1 0
0.0233857 88.3318 88.3318 1 1 0
0.023378 88.255 88.255 1 1 0
0.0233703 88.1782 88.1782 1 1 0
0.0233626 88.1014 88.1014 1 1 0
0.023355 88.0246 88.0246 1 1 0
0.0233474 87.9478 87.9478 1 1 0
0.0233398 87.8711 87.8711 1 1 0
0.0233322 87.7943 87.7943 1 1 0
0.0233247 87.7176 87.7176 1 1 0
0.0233172 87.6409 87.6409 1 1 0
0.0233097 87.5643 87.5643 1 1 0
0.0233022 87.4876 87.4876 1 1 0
0.0232948 87.4109 87.4109 1 1 0
0.0232874 87.3343 87.3343 1 1 0
0.02328 87.2577 87.2577 1 1 0
0.0232726 87.1811 87.1811 1 1 0
0.0232653 87.1045 87.1045 1 1 0
0.023258 87.0279 87.0279 1 1 0
0.0232507 86.9514 86.9514 1 1 0
0.0232435 86.8748 86.8748 1 1 0
0.0232362 86.7983 86.7983 1 1 0
0.023229 86.7218 86.7218 1 1 0
0.0232219 86.6453 86.6453 1 1 0
0.0232147 86.5688 86.5688 1 1 0
0.0232076 86.4924 86.4924 1 1 0
0.0232005 86.4159 86.4159 1 1 0
0.0231934 86.3395 86.3395 1 1 0
0.0231864 86.263 86.263 1 1 0
0.0231794 86.1866 86.1866 1 1 0
0.0231724 86.1102 86.1102 1 1 0
0.0231654 86.0338 86.0338 1 1 0
0.0231585 85.9575 85.9575 1 1 0
0.0231516 85.8811 85.8811 1 1 0
0.0231447 85.8048 85.8048 1 1 0
0.0231378 85.7284 85.7284 1 1 0
0.023131 85.6521 85.6521 1 1 0
0.0231242 85.5758 85.5758 1 1 0
0.0231174 85.4995 85.4995 1 1 0
0.0231107 85.4232 85.4232 1 1 0
0.023104 85.3469 85.3469 1 1 0
0.0230973 85.2707 85.2707 1 1 0
0.0230906 85.1944 85.1944 1 1 0
0.023084 85.1182 85.1182 1 1 0
0.0230774 85.0419 85.0419 1 1 0
0.0230708 84.9657 84.9657 1 1 0
0.0230642 84.8895 84.8895 1 1 0
0.0230577 84.8133 84.8133 1 1 0
0.0230512 84.7371 84.7371 1 1 0
0.0230447 84.661 84.661 1 1 0
0.0230383 84.5848 84.5848 1 1 0
0.0230319 84.5086 84.5086 1 1 0
0.0230255 84.4325 84.4325 1 1 0
0.0230191 84.3564 84.3564 1 1 0
0.0230128 84.2802 84.2802 1 1 0
0.0230065 84.2041 84.2041 1 1 0
0.0230002 84.128 84.128 1 1 0
0.022994 84.0519 84.0519 1 1 0
0.0229878 83.9758 83.9758 1 1 0
0.0229816 83.8997 83.8997 1 1 0
0.0229755 83.8236 83.8236 1 1 0
0.0229693 83.7476 83.7476 1 1 0
0.0229632 83.6715 83.6715 1 1 0
0.0229572 83.5955 83.5955 1 1 0
0.0229511 83.5194 83.5194 1 1 0
0.0229451 83.4434 83.4434 1 1 0
0.0229391 83.3674 83.3674 1 1 0
0.0229332 83.2913 83.2913 1 1 0
0.0229273 83.2153 83.2153 1 1 0
0.0229214 83.1393 83.1393 1 1 0
0.0229155 83.0633 83.0633 1 1 0
0.0229097 82.9873 82.9873 1 1 0
0.0229039 82.9113 82.9113 1 1 0
0.0228981 82.8353 82.8353 1 1 0
0.0228924 82.7593 82.7593 1 1 0
0.0228866 82.6834 82.6834 1 1 0
0.022881 82.6074 82.6074 1 1 0
0.0228753 82.5314 82.5314 1 1 0
0.0228697 82.4555 82.4555 1 1 0
0.0228641 82.3795 82.3795 1 1 0
0.0228585 82.3036 82.3036 1 1 0
0.022853 82.2276 82.2276 1 1 0
0.0228475 82.1517 82.1517 1 1 0
0.022842 82.0757 82.0757 1 1 0
0.0228366 81.9998 81.9998 1 1 0
0.0228312 81.9239 81.9239 1 1 0
0.0228258 81.8479 81.8479 1 1 0
0.0228205 81.772 81.772 1 1 0
0.0228152 81.6961 81.6961 1 1 0
0.0228099 81.6202 81.6202 1 1 0
0.0228046 81.5442 81.5442 1 1 0
0.0227994 81.4683 81.4683 1 1 0
0.0227942 81.3924 81.3924 1 1 0
0.0227891 81.3165 81.3165 1 1 0
0.022784 81.2406 81.2406 1 1 0
0.0227789 81.1647 81.1647 1 1 0
0.0227738 81.0888 81.0888 1 1 0
0.0227688 81.0128 81.0128 1 1 0
0.0227638 80.9369 80.9369 1 1 0
0.0227588 80.861 80.861 1 1 0
0.0227539 80.7851 80.7851 1 1 0
0.022749 80.7092 80.7092 1 1 0
0.0227442 80.6333 80.6333 1 1 0
0.0227393 80.5574 80.5574 1 1 0
0.0227345 80.4815 80.4815 1 1 0
0.0227298 80.4056 80.4056 1 1 0
0.0227251 80.3297 80.3297 1 1 0
0.0227204 80.2538 80.2538 1 1 0
0.0227157 80.1779 80.1779 1 1 0
0.0227111 80.1019 80.1019 1 1 0
0.0227065 80.026 80.026 1 1 0
0.0227019 79.9501 79.9501 1 1 0
0.0226974 79.8742 79.8742 1 1 0
0.0226929 79.7983 79.7983 1 1 0
0.0226884 79.7223 79.7223 1 1 0
0.022684 79.6464 79.6464 1 1 0
0.0226796 79.5705 79.5705 1 1 0
0.0226753 79.4945 79.4945 1 1 0
0.022671 79.4186 79.4186 1 1 0
0.0226667 79.3427 79.3427 1 1 0
0.0226624 79.2667 79.2667 1 1 0
0.0226582 79.1908 79.1908 1 1 0
0.022654 79.1148 79.1148 1 1 0
0.0226499 79.0388 79.0388 1 1 0
0.0226458 78.9629 78.9629 1 1 0
0.0226417 78.8869 78.8869 1 1 0
0.0226377 78.8109 78.8109 1 1 0
0.0226337 78.7349 78.7349 1 1 0
0.0226297 78.659 78.659 1 1 0
0.0226258 78.583 78.583 1 1 0
0.0226219 78.507 78.507 1 1 0
0.022618 78.4309 78.4309 1 1 0
0.0226142 78.3549 78.3549 1 1 0
0.0226104 78.2789 78.2789 1 1 0
0.0226067 78.2029 78.2029 1 1 0
0.022603 78.1268 78.1268 1 1 0
0.0225993 78.0508 78.0508 1 1 0
0.0225957 77.9747 77.9747 1 1 0
0.0225921 77.8987 77.8987 1 1 0
0.0225885 77.8226 77.8226 1 1 0
0.022585 77.7465 77.7465 1 1 0
0.0225815 77.6704 77.6704 1 1 0
0.0225781 77.5943 77.5943 1 1 0
0.0225747 77.5182 77.5182 1 1 0
0.0225713 77.4421 77.4421 1 1 0
0.022568 77.366 77.366 1 1 0
0.0225647 77.2898 77.2898 1 1 0
0.0225615 77.2137 77.2137 1 1 0
0.0225583 77.1375 77.1375 1 1 0
0.0225551 77.0613 77.0613 1 1 0
0.022552 76.9852 76.9852 1 1 0
0.0225489 76.909 76.909 1 1 0
0.0225458 76.8327 76.8327 1 1 0
0.0225428 76.7565 76.7565 1 1 0
0.0225398 76.6803 76.6803 1 1 0
0.0225369 76.604 76.604 1 1 0
0.022534 76.5278 76.5278 1 1 0
0.0225312 76.4515 76.4515 1 1 0
0.0225284 76.3752 76.3752 1 1 0
0.0225256 76.2989 76.2989 1 1 0
0.0225229 76.2226 76.2226 1 1 0
0.0225202 76.1463 76.1463 1 1 0
0.0225175 76.0699 76.0699 1 1 0
0.0225149 75.9936 75.9936 1 1 0
0.0225124 75.9172 75.9172 1 1 0
0.0225099 75.8408 75.8408 1 1 0
0.0225074 75.7644 75.7644 1 1 0
0.022505 75.688 75.688 1 1 0
0.0225026 75.6115 75.6115 1 1 0
0.0225002 75.5351 75.5351 1 1 0
0.0224979 75.4586 75.4586 1 1 0
0.0224957 75.3821 75.3821 1 1 0
0.0224934 75.3056 75.3056 1 1 0
0.0224913 75.2291 75.2291 1 1 0
0.0224891 75.1526 75.1526 1 1 0
0.022487 75.076 75.076 1 1 0
0.022485 74.9994 74.9994 1 1 0
0.022483 74.9228 74.9228 1 1 0
0.0224811 74.8462 74.8462 1 1 0
0.0224792 74.7696 74.7696 1 1 0
0.0224773 74.6929 74.6929 1 1 0
0.0224755 74.6162 74.6162 1 1 0
0.0224737 74.5395 74.5395 1 1 0
0.022472 74.4628 74.4628 1 1 0
0.0224703 74.3861 74.3861 1 1 0
0.0224687 74.3093 74.3093 1 1 0
0.0224671 74.2325 74.2325 1 1 0
0.0224655 74.1557 74.1557 1 1 0
0.0224641 74.0789 74.0789 1 1 0
0.0224626 74.002 74.002 1 1 0
0.0224612 73.9251 73.9251 1 1 0
0.0224599 73.8482 73.8482 1 1 0
0.0224586 73.7713 73.7713 1 1 0
0.0224573 73.6944 73.6944 1 1 0
0.0224561 73.6174 73.6174 1 1 0
0.022455 73.5404 73.5404 1 1 0
0.0224538 73.4634 73.4634 1 1 0
0.0224528 73.3864 73.3864 1 1 0
0.0224518 73.3093 73.3093 1 1 0
0.0224508 73.2322 73.2322 1 1 0
0.0224499 73.1551 73.1551 1 1 0
0.0224491 73.0779 73.0779 1 1 0
0.0224483 73.0007 73.0007 1 1 0
0.0224475 72.9235 72.9235 1 1 0
0.0224468 72.8463 72.8463 1 1 0
0.0224461 72.7691 72.7691 1 1 0
0.0224455 72.6918 72.6918 1 1 0
0.022445 72.6145 72.6145 1 1 0
0.0224445 72.5371 72.5371 1 1 0
0.022444 72.4597 72.4597 1 1 0
0.0224436 72.3823 72.3823 1 1 0
0.0224433 72.3049 72.3049 1 1 0
0.022443 72.2274 72.2274 1 1 0
0.0224428 72.1499 72.1499 1 1 0
0.0224426 72.0724 72.0724 1 1 0
0.0224425 71.9949 71.9949 1 1 0
0.0224424 71.9173 71.9173 1 1 0
0.0224424 71.8551 71.8551 1 1 0
0.0224424 71.7775 71.7775 2 1 0
0.0224425 71.6998 71.6998 2 1 0
0.0224426 71.6221 71.6221 2 1 0
0.0224428 71.5443 71.5443 2 1 0
0.0224431 71.4666 71.4666 2 1 0
0.0224434 71.3888 71.3888 2 1 0
0.0224438 71.3109 71.3109 2 1 0
0.0224442 71.233 71.233 2 1 0
0.0224447 71.1551 71.1551 2 1 0
0.0224452 71.0772 71.0772 2 1 0
0.0224458 70.9992 70.9992 2 1 0
0.0224464 70.9211 70.9211 2 1 0
0.0224472 70.8431 70.8431 2 1 0
0.0224479 70.765 70.765 2 1 0
0.0224488 70.6869 70.6869 2 1 0
0.0224496 70.6087 70.6087 2 1 0
0.0224506 70.5305 70.5305 2 1 0
0.0224516 70.4522 70.4522 2 1 0
0.0224527 70.3739 70.3739 2 1 0
0.0224538 70.2956 70.2956 2 1 0
0.022455 70.2172 70.2172 2 1 0
0.0224563 70.1388 70.1388 2 1 0
0.0224576 70.0604 70.0604 2 1 0
0.022459 69.9819 69.9819 2 1 0
0.0224604 69.9034 69.9034 2 1 0
0.0224619 69.8248 69.8248 2 1 0
0.0224635 69.7462 69.7462 2 1 0
0.0224652 69.6675 69.6675 2 1 0
0.0224669 69.5888 69.5888 2 1 0
0.0224686 69.5101 69.5101 2 1 0
0.0224705 69.4313 69.4313 2 1 0
0.0224724 69.3524 69.3524 2 1 0
0.0224743 69.2736 69.2736 2 1 0
0.0224764 69.1946 69.1946 2 1 0
0.0224785 69.1157 69.1157 2 1 0
0.0224806 69.0366 69.0366 2 1 0
0.0224829 68.9576 68.9576 2 1 0
0.0224852 68.8785 68.8785 2 1 0
0.0224876 68.7993 68.7993 2 1 0
0.02249 68.7201 68.7201 2 1 0
0.0224925 68.6409 68.6409 2 1 0
0.0224951 68.5616 68.5616 2 1 0
0.0224978 68.4822 68.4822 2 1 0
0.0225005 68.4028 68.4028 2 1 0
0.0225033 68.3234 68.3234 2 1 0
0.0225062 68.2439 68.2439 2 1 0
0.0225091 68.1643 68.1643 2 1 0
0.0225121 68.0847 68.0847 2 1 0
0.0225152 68.005 68.005 2 1 0
0.0225184 67.9253 67.9253 2 1 0
0.0225216 67.8456 67.8456 2 1 0
0.022525 67.7658 67.7658 2 1 0
0.0225284 67.6859 67.6859 2 1 0
0.0225318 67.606 67.606 2 1 0
0.0225354 67.526 67.526 2 1 0
0.022539 67.446 67.446 2 1 0
0.0225427 67.3659 67.3659 2 1 0
0.0225465 67.2857 67.2857 2 1 0
0.0225503 67.2055 67.2055 2 1 0
0.0225543 67.1253 67.1253 2 1 0
0.0225583 67.0449 67.0449 2 1 0
0.0225624 66.9646 66.9646 2 1 0
0.0225666 66.8841 66.8841 2 1 0
0.0225708 66.8036 66.8036 2 1 0
0.0225752 66.7231 66.7231 2 1 0
0.0225796 66.6425 66.6425 2 1 0
0.0225841 66.5618 66.5618 2 1 0
0.0225887 66.4811 66.4811 2 1 0
0.0225934 66.4003 66.4003 2 1 0
0.0225982 66.3194 66.3194 2 1 0
0.022603 66.2385 66.2385 2 1 0
0.022608 66.1575 66.1575 2 1 0
0.022613 66.0764 66.0764 2 1 0
0.0226181 65.9953 65.9953 2 1 0
0.0226233 65.9141 65.9141 2 1 0
0.0226286 65.8329 65.8329 2 1 0
0.022634 65.7516 65.7516 2 1 0
0.0226395 65.6702 65.6702 2 1 0
0.022645 65.5888 65.5888 2 1 0
0.0226507 65.5072 65.5072 2 1 0
0.0226564 65.4257 65.4257 2 1 0
0.0226623 65.344 65.344 2 1 0
0.0226682 65.2623 65.2623 2 1 0
0.0226742 65.1805 65.1805 2 1 0
0.0226804 65.0986 65.0986 2 1 0
0.0226866 65.0167 65.0167 2 1 0
0.0226929 64.9347 64.9347 2 1 0
0.0226993 64.8526 64.8526 2 1 0
0.0227058 64.7704 64.7704 2 1 0
0.0227124 64.6882 64.6882 2 1 0
0.0227192 64.6059 64.6059 2 1 0
0.022726 64.5235 64.5235 2 1 0
0.0227329 64.4411 64.4411 2 1 0
0.0227399 64.3585 64.3585 2 1 0
0.022747 64.2759 64.2759 2 1 0
0.0227543 64.1932 64.1932 2 1 0
0.0227616 64.1105 64.1105 2 1 0
0.022769 64.0276 64.0276 2 1 0
0.0227766 63.9447 63.9447 2 1 0
0.0227842 63.8617 63.8617 2 1 0
0.022792 63.7786 63.7786 2 1 0
0.0227999 63.6954 63.6954 2 1 0
0.0228078 63.6122 63.6122 2 1 0
0.0228159 63.5289 63.5289 2 1 0
0.0228241 63.4454 63.4454 2 1 0
0.0228325 63.3619 63.3619 2 1 0
0.0228409 63.2784 63.2784 2 1 0
0.0228494 63.1947 63.1947 2 1 0
0.0228581 63.1109 63.1109 2 1 0
0.0228669 63.0271 63.0271 2 1 0
0.0228758 62.9431 62.9431 2 1 0
0.0228848 62.8591 62.8591 2 1 0
0.0228939 62.775 62.775 2 1 0
0.0229032 62.6908 62.6908 2 1 0
0.0229125 62.6065 62.6065 2 1 0
0.022922 62.5221 62.5221 2 1 0
0.0229317 62.4377 62.4377 2 1 0
0.0229414 62.3531 62.3531 2 1 0
0.0229513 62.2684 62.2684 2 1 0
0.0229613 62.1837 62.1837 2 1 0
0.0229714 62.0988 62.0988 2 1 0
0.0229817 62.0139 62.0139 2 1 0
0.022992 61.9288 61.9288 2 1 0
0.0230026 61.8437 61.8437 2 1 0
0.0230132 61.7584 61.7584 2 1 0
0.023024 61.6731 61.6731 2 1 0
0.0230349 61.5876 61.5876 2 1 0
0.023046 61.5021 61.5021 2 1 0
0.0230572 61.4164 61.4164 2 1 0
0.0230685 61.3307 61.3307 2 1 0
0.02308 61.2448 61.2448 2 1 0
0.0230916 61.1589 61.1589 2 1 0
0.0231034 61.0728 61.0728 2 1 0
0.0231153 60.9867 60.9867 2 1 0
0.0231273 60.9004 60.9004 2 1 0
0.0231395 60.814 60.814 2 1 0
0.0231518 60.7275 60.7275 2 1 0
0.0231643 60.6409 60.6409 2 1 0
0.023177 60.5542 60.5542 2 1 0
0.0231898 60.4674 60.4674 2 1 0
0.0232027 60.3804 60.3804 2 1 0
0.0232158 60.2934 60.2934 2 1 0
0.0232291 60.2062 60.2062 2 1 0
0.0232425 60.1189 60.1189 2 1 0
0.0232561 60.0315 60.0315 2 1 0
0.0232698 59.944 59.944 2 1 0
0.0232837 59.8564 59.8564 2 1 0
0.0232978 59.7687 59.7687 2 1 0
0.023312 59.6808 59.6808 2 1 0
0.0233264 59.5928 59.5928 2 1 0
0.023341 59.5047 59.5047 2 1 0
0.0233557 59.4165 59.4165 2 1 0
0.0233707 59.3281 59.3281 2 1 0
0.0233857 59.2396 59.2396 2 1 0
0.023401 59.151 59.151 2 1 0
0.0234165 59.0623 59.0623 2 1 0
0.0234321 58.9734 58.9734 2 1 0
0.0234479 58.8844 58.8844 2 1 0
0.0234639 58.7953 58.7953 2 1 0
0.02348 58.706 58.706 2 1 0
0.0234964 58.6166 58.6166 2 1 0
0.0235129 58.5271 58.5271 2 1 0
0.0235297 58.4375 58.4375 2 1 0
0.0235466 58.3477 58.3477 2 1 0
0.0235637 58.2577 58.2577 2 1 0
0.0235811 58.1677 58.1677 2 1 0
0.0235986 58.0775 58.0775 2 1 0
0.0236163 57.9871 57.9871 2 1 0
0.0236342 57.8966 57.8966 2 1 0
0.0236524 57.806 57.806 2 1 0
0.0236707 57.7152 57.7152 2 1 0
0.0236892 57.6243 57.6243 2 1 0
0.023708 57.5332 57.5332 2 1 0
0.023727 57.442 57.442 2 1 0
0.0237462 57.3507 57.3507 2 1 0
0.0237656 57.2592 57.2592 2 1 0
0.0237852 57.1675 57.1675 2 1 0
0.0238051 57.0757 57.0757 2 1 0
0.0238251 56.9837 56.9837 2 1 0
0.0238455 56.8916 56.8916 2 1 0
0.023866 56.7993 56.7993 2 1 0
0.0238868 56.7069 56.7069 2 1 0
0.0239078 56.6143 56.6143 2 1 0
0.023929 56.5215 56.5215 2 1 0
0.0239505 56.4286 56.4286 2 1 0
0.0239723 56.3355 56.3355 2 1 0
0.0239943 56.2422 56.2422 2 1 0
0.0240165 56.1488 56.1488 2 1 0
0.024039 56.0552 56.0552 2 1 0
0.0240617 55.9615 55.9615 2 1 0
0.0240847 55.8675 55.8675 2 1 0
0.024108 55.7734 55.7734 2 1 0
0.0241315 55.6792 55.6792 2 1 0
0.0241553 55.5847 55.5847 2 1 0
0.0241794 55.4901 55.4901 2 1 0
0.0242037 55.3953 55.3953 2 1 0
0.0242284 55.3003 55.3003 2 1 0
0.0242533 55.2052 55.2052 2 1 0
0.0242785 55.1098 55.1098 2 1 0
0.0243039 55.0143 55.0143 2 1 0
0.0243297 54.9186 54.9186 2 1 0
0.0243558 54.8227 54.8227 2 1 0
0.0243821 54.7266 54.7266 2 1 0
0.0244088 54.6303 54.6303 2 1 0
0.0244358 54.5338 54.5338 2 1 0
0.024463 54.4371 54.4371 2 1 0
0.0244906 54.3402 54.3402 2 1 0
0.0245185 54.2432 54.2432 2 1 0
0.0245468 54.1459 54.1459 2 1 0
0.0245753 54.0484 54.0484 2 1 0
0.0246042 53.9508 53.9508 2 1 0
0.0246334 53.8529 53.8529 2 1 0
0.024663 53.7548 53.7548 2 1 0
0.0246929 53.6565 53.6565 2 1 0
0.0247232 53.558 53.558 2 1 0
0.0247538 53.4592 53.4592 2 1 0
0.0247847 53.3603 53.3603 2 1 0
0.024816 53.2612 53.2612 2 1 0
0.0248477 53.1618 53.1618 2 1 0
0.0248798 53.0622 53.0622 2 1 0
0.0249122 52.9624 52.9624 2 1 0
0.024945 52.8623 52.8623 2 1 0
0.0249782 52.762 52.762 2 1 0
0.0250118 52.6615 52.6615 2 1 0
0.0250458 52.5608 52.5608 2 1 0
0.0250802 52.4598 52.4598 2 1 0
0.025115 52.3586 52.3586 2 1 0
0.0251502 52.2572 52.2572 2 1 0
0.0251858 52.1555 52.1555 2 1 0
0.0252218 52.0535 52.0535 2 1 0
0.0252583 51.9514 51.9514 2 1 0
0.0252952 51.8489 51.8489 2 1 0
0.0253326 51.7463 51.7463 2 1 0
0.0253704 51.6433 51.6433 2 1 0
0.0254086 51.5402 51.5402 2 1 0
0.0254473 51.4367 51.4367 2 1 0
0.0254865 51.333 51.333 2 1 0
0.0255262 51.229 51.229 2 1 0
0.0255663 51.1248 51.1248 2 1 0
0.025607 51.0203 51.0203 2 1 0
0.0256481 50.9155 50.9155 2 1 0
0.0256897 50.8105 50.8105 2 1 0
0.0257318 50.7052 50.7052 2 1 0
0.0257745 50.5996 50.5996 2 1 0
0.0258177 50.4937 50.4937 2 1 0
0.0258614 50.3875 50.3875 2 1 0
0.0259057 50.2811 50.2811 2 1 0
0.0259505 50.1743 50.1743 2 1 0
0.0259958 50.0673 50.0673 2 1 0
0.0260418 49.9599 49.9599 2 1 0
0.0260883 49.8523 49.8523 2 1 0
0.0261354 49.7444 49.7444 2 1 0
0.0261831 49.6361 49.6361 2 1 0
0.0262314 49.5276 49.5276 2 1 0
0.0262803 49.4187 49.4187 2 1 0
0.0263298 49.3095 49.3095 2 1 0
0.02638 49.2 49.2 2 1 0
0.0264308 49.0902 49.0902 2 1 0
0.0264823 48.98 48.98 2 1 0
0.0265344 48.8695 48.8695 2 1 0
0.0265872 48.7587 48.7587 2 1 0
0.0266407 48.6476 48.6476 2 1 0
0.0266948 48.5361 48.5361 2 1 0
0.0267497 48.4242 48.4242 2 1 0
0.0268054 48.312 48.312 2 1 0
0.0268617 48.1995 48.1995 2 1 0
0.0269188 48.0866 48.0866 2 1 0
0.0269767 47.9734 47.9734 2 1 0
0.0270353 47.8597 47.8597 2 1 0
0.0270947 47.7458 47.7458 2 1 0
0.0271549 47.6314 47.6314 2 1 0
0.0272159 47.5167 47.5167 2 1 0
0.0272778 47.4016 47.4016 2 1 0
0.0273405 47.2861 47.2861 2 1 0
0.027404 47.1702 47.1702 2 1 0
0.0274684 47.0539 47.0539 2 1 0
0.0275337 46.9372 46.9372 2 1 0
0.0276 46.8201 46.8201 2 1 0
0.0276671 46.7026 46.7026 2 1 0
0.0277352 46.5847 46.5847 2 1 0
0.0278042 46.4664 46.4664 2 1 0
0.0278742 46.3477 46.3477 2 1 0
0.0279452 46.2285 46.2285 2 1 0
0.0280172 46.1089 46.1089 2 1 0
0.0280902 45.9889 45.9889 2 1 0
0.0281643 45.8684 45.8684 2 1 0
0.0282394 45.7474 45.7474 2 1 0
0.0283156 45.6261 45.6261 2 1 0
0.028393 45.5042 45.5042 2 1 0
0.0284715 45.3819 45.3819 2 1 0
0.0285511 45.2591 45.2591 2 1 0
0.0286319 45.1359 45.1359 2 1 0
0.0287139 45.0121 45.0121 2 1 0
0.0287971 44.8879 44.8879 2 1 0
0.0288816 44.7632 44.7632 2 1 0
0.0289674 44.638 44.638 2 1 0
0.0290545 44.5122 44.5122 2 1 0
0.0291429 44.386 44.386 2 1 0
0.0292326 44.2592 44.2592 2 1 0
0.0293238 44.1319 44.1319 2 1 0
0.0294163 44.0041 44.0041 2 1 0
0.0295103 43.8757 43.8757 2 1 0
0.0296058 43.7468 43.7468 2 1 0
0.0297028 43.6173 43.6173 2 1 0
0.0298013 43.4872 43.4872 2 1 0
0.0299014 43.3566 43.3566 2 1 0
0.0300031 43.2254 43.2254 2 1 0
0.0301065 43.0936 43.0936 2 1 0
0.0302116 42.9613 42.9613 2 1 0
0.0303183 42.8283 42.8283 2 1 0
0.0304269 42.6947 42.6947 2 1 0
0.0305372 42.5605 42.5605 2 1 0
0.0306494 42.4256 42.4256 2 1 0
0.0307635 42.2901 42.2901 2 1 0
0.0308795 42.154 42.154 2 1 0
0.0309975 42.0172 42.0172 2 1 0
0.0311175 41.8797 41.8797 2 1 0
0.0312396 41.7416 41.7416 2 1 0
0.0313638 41.6028 41.6028 2 1 0
0.0314902 41.4632 41.4632 2 1 0
0.0316188 41.323 41.323 2 1 0
0.0317497 41.1821 41.1821 2 1 0
0.031883 41.0404 41.0404 2 1 0
0.0320187 40.898 40.898 2 1 0
0.0321568 40.7548 40.7548 2 1 0
0.0322975 40.6109 40.6109 2 1 0
0.0324408 40.4662 40.4662 2 1 0
0.0325867 40.3207 40.3207 2 1 0
0.0327354 40.1744 40.1744 2 1 0
0.0328869 40.0273 40.0273 2 1 0
0.0330413 39.8793 39.8793 2 1 0
0.0331986 39.7305 39.7305 2 1 0
0.033359 39.5809 39.5809 2 1 0
0.0335225 39.4304 39.4304 2 1 0
0.0336893 39.279 39.279 2 1 0
0.0338594 39.1268 39.1268 2 1 0
0.0340329 38.9736 38.9736 2 1 0
0.0342099 38.8195 38.8195 2 1 0
0.0343905 38.6644 38.6644 2 1 0
0.0345748 38.5084 38.5084 2 1 0
0.0347629 38.3514 38.3514 2 1 0
0.034955 38.1934 38.1934 2 1 0
0.0351512 38.0344 38.0344 2 1 0
0.0353516 37.8744 37.8744 2 1 0
0.0355562 37.7133 37.7133 2 1 0
0.0357654 37.5512 37.5512 2 1 0
0.0359791 37.388 37.388 2 1 0
0.0361976 37.2237 37.2237 2 1 0
0.036421 37.0582 37.0582 2 1 0
0.0366494 36.8916 36.8916 2 1 0
0.0368831 36.7239 36.7239 2 1 0
0.0371221 36.5549 36.5549 2 1 0
0.0373668 36.3847 36.3847 2 1 0
0.0376172 36.2133 36.2133 2 1 0
0.0378736 36.0406 36.0406 2 1 0
0.0381362 35.8667 35.8667 2 1 0
0.0384052 35.6914 35.6914 2 1 0
0.0386809 35.5148 35.5148 2 1 0
0.0389634 35.3368 35.3368 2 1 0
0.0392531 35.1575 35.1575 2 1 0
0.0395501 34.9767 34.9767 2 1 0
0.0398549 34.7945 34.7945 2 1 0
0.0401676 34.6107 34.6107 2 1 0
0.0404885 34.4255 34.4255 2 1 0
0.0408181 34.2387 34.2387 2 1 0
0.0411566 34.0503 34.0503 2 1 0
0.0415045 33.8604 33.8604 2 1 0
0.0418619 33.6687 33.6687 2 1 0
0.0422295 33.4754 33.4754 2 1 0
0.0426076 33.2804 33.2804 2 1 0
0.0429966 33.0836 33.0836 2 1 0
0.043397 32.885 32.885 2 1 0
0.0438093 32.6845 32.6845 2 1 0
0.044234 32.4822 32.4822 2 1 0
0.0446717 32.2779 32.2779 2 1 0
0.045123 32.0716 32.0716 2 1 0
0.0455885 31.8634 31.8634 2 1 0
0.0460689 31.653 31.653 2 1 0
0.0465648 31.4405 31.4405 2 1 0
0.047077 31.2258 31.2258 2 1 0
0.0476063 31.009 31.009 2 1 0
0.0481535 30.7898 30.7898 2 1 0
0.0487196 30.5682 30.5682 2 1 0
0.0493056 30.3443 30.3443 2 1 0
0.0499123 30.1179 30.1179 2 1 0
0.050541 29.8889 29.8889 2 1 0
0.0511928 29.6574 29.6574 2 1 0
0.051869 29.4232 29.4232 2 1 0
0.0525709 29.1862 29.1862 2 1 0
0.0532999 28.9465 28.9465 2 1 0
0.0540577 28.7038 28.7038 2 1 0
0.0548459 28.4582 28.4582 2 1 0
0.0556662 28.2095 28.2095 2 1 0
0.0565207 27.9577 27.9577 2 1 0
0.0574113 27.7027 27.7027 2 1 0
0.0583405 27.4444 27.4444 2 1 0
0.0593105 27.1826 27.1826 2 1 0
0.0603241 26.9174 26.9174 2 1 0
0.0613842 26.6486 26.6486 2 1 0
0.0624937 26.3761 26.3761 2 1 0
0.0636562 26.0998 26.0998 2 1 0
0.0648753 25.8195 25.8195 2 1 0
0.066155 25.5353 25.5353 2 1 0
0.0674997 25.2469 25.2469 2 1 0
0.0689142 24.9543 24.9543 2 1 0
0.0704038 24.6574 24.6574 2 1 0
0.0719742 24.3559 24.3559 2 1 0
0.0736316 24.0499 24.0499 2 1 0
0.0753832 23.7391 23.7391 2 1 0
0.0772365 23.4235 23.4235 2 1 0
0.0791997 23.1029 23.1029 2 1 0
0.0812825 22.7773 22.7773 2 1 0
0.0834951 22.4464 22.4464 2 1 0
0.085849 22.1102 22.1102 2 1 0
0.088357 21.7685 21.7685 2 1 0
0.0910332 21.4212 21.4212 2 1 0
0.0938936 21.0683 21.0683 2 1 0
0.0969557 20.7096 20.7096 2 1 0
0.100239 20.345 20.345 2 1 0
0.103767 19.9744 19.9744 2 1 0
0.107563 19.5978 19.5978 2 1 0
0.111657 19.2151 19.2151 2 1 0
0.116079 18.8263 18.8263 2 1 0
0.120867 18.4312 18.4312 2 1 0
0.12606 18.03 18.03 2 1 0
0.131706 17.6226 17.6226 2 1 0
0.137859 17.2091 17.2091 2 1 0
0.144578 16.7895 16.7895 2 1 0
0.151935 16.3639 16.3639 2 1 0
0.151935 16.3639 16.3639 2 1 0
0.152553 16.3296 16.3296 2 1 0
0.153176 16.2952 16.2952 2 1 0
0.154437 16.2264 16.2264 2 1 0
0.157015 16.0884 16.0884 2 1 0
0.162412 15.8106 15.8106 2 1 0
0.171164 15.3894 15.3894 2 1 0
0.181212 14.9454 14.9454 2 1 0
0.192344 14.496 14.496 2 1 0
0.204715 14.0415 14.0415 2 1 0
0.21851 13.5823 13.5823 2 1 0
0.233946 13.1185 13.1185 2 1 0
0.251287 12.6504 12.6504 2 1 0
0.270848 12.1785 12.1785 2 1 0
0.293011 11.7029 11.7029 2 1 0
0.318243 11.2241 11.2241 2 1 0
0.347119 10.7425 10.7425 2 1 0
0.380352 10.2584 10.2584 2 1 0
0.418837 9.77214 9.77214 2 1 0
0.463701 9.2843 9.2843 2 1 0
0.516383 8.79534 8.79534 2 1 0
0.578727 8.30587 8.30587 2 1 0
0.653119 7.81668 7.81668 2 1 0
0.74265 7.32884 7.32884 2 1 0
0.851311 6.84391 6.84391 2 1 0
0.984173 6.36421 6.36421 2 1 0
1.14743 5.89331 5.89331 2 1 0
