0.03 350 350 2 1 0
0.0300014 350 350 1 1 0
0.0300029 350 350 1 1 0
0.0300058 350 350 1 1 0
0.0300115 350 350 1 1 0
0.0300231 350 350 1 1 0
0.0300412 350 350 1 1 0
0.0300593 350 350 1 1 0
0.0300774 350 350 1 1 0
0.0300955 350 350 1 1 0
0.0301137 350 350 1 1 0
0.0301319 350 350 1 1 0
0.0301501 350 350 1 1 0
0.0301683 350 350 1 1 0
0.0301866 350 350 1 1 0
0.0302048 350 350 1 1 0
0.0302231 350 350 1 1 0
0.0302414 350 350 1 1 0
0.0302598 350 350 1 1 0
0.0302781 350 350 1 1 0
0.0302965 350 350 1 1 0
0.0303149 350 350 1 1 0
0.0303334 350 350 1 1 0
0.0303518 350 350 1 1 0
0.0303703 350 350 1 1 0
0.0303888 350 350 1 1 0
0.0304073 350 350 1 1 0
0.0304259 350 350 1 1 0
0.0304445 350 350 1 1 0
0.030463 350 350 1 1 0
0.0304817 350 350 1 1 0
0.0305003 350 350 1 1 0
0.030519 350 350 1 1 0
0.0305377 350 350 1 1 0
0.0305564 350 350 1 1 0
0.0305751 350 350 1 1 0
0.0305939 350 350 1 1 0
0.0306126 350 350 1 1 0
0.0306314 350 350 1 1 0
0.0306503 350 350 1 1 0
0.0306691 350 350 1 1 0
0.030688 350 350 1 1 0
0.0307069 350 350 1 1 0
0.0307258 350 350 1 1 0
0.0307448 350 350 1 1 0
0.0307637 350 350 1 1 0
0.0307827 350 350 1 1 0
0.0308017 350 350 1 1 0
0.0308208 350 350 1 1 0
0.0308399 350 350 1 1 0
0.0308589 350 350 1 1 0
0.0308781 350 350 1 1 0
0.0308972 350 350 1 1 0
0.0309164 350 350 1 1 0
0.0309356 350 350 1 1 0
0.0309548 350 350 1 1 0
0.030974 350 350 1 1 0
0.0309933 350 350 1 1 0
0.0310126 350 350 1 1 0
0.0310319 350 350 1 1 0
0.0310512 350 350 1 1 0
0.0310706 350 350 1 1 0
0.0310899 350 350 1 1 0
0.0311094 350 350 1 1 0
0.0311288 350 350 1 1 0
0.0311483 350 350 1 1 0
0.0311677 350 350 1 1 0
0.0311872 350 350 1 1 0
0.0312068 350 350 1 1 0
0.0312263 350 350 1 1 0
0.0312459 350 350 1 1 0
0.0312655 350 350 1 1 0
0.0312852 350 350 1 1 0
0.0313048 350 350 1 1 0
0.0313245 350 350 1 1 0
0.0313442 350 350 1 1 0
0.031364 350 350 1 1 0
0.0313838 350 350 1 1 0
0.0314035 350 350 1 1 0
0.0314234 350 350 1 1 0
0.0314432 350 350 1 1 0
0.0314631 350 350 1 1 0
0.031483 350 350 1 1 0
0.0315029 350 350 1 1 0
0.0315228 350 350 1 1 0
0.0315428 350 350 1 1 0
0.0315628 350 350 1 1 0
0.0315828 350 350 1 1 0
0.0316029 350 350 1 1 0
0.031623 350 350 1 1 0
0.0316431 350 350 1 1 0
0.0316632 350 350 1 1 0
0.0316834 350 350 1 1 0
0.0317035 350 350 1 1 0
0.0317238 350 350 1 1 0
0.031744 350 350 1 1 0
0.0317643 350 350 1 1 0
0.0317845 350 350 1 1 0
0.0318049 350 350 1 1 0
0.0318252 350 350 1 1 0
0.0318456 350 350 1 1 0
0.031866 350 350 1 1 0
0.0318864 350 350 1 1 0
0.0319069 350 350 1 1 0
0.0319274 350 350 1 1 0
0.0319479 350 350 1 1 0
0.0319684 350 350 1 1 0
0.031989 350 350 1 1 0
0.0320096 350 350 1 1 0
0.0320302 350 350 1 1 0
0.0320508 350 350 1 1 0
0.0320715 350 350 1 1 0
0.0320922 350 350 1 1 0
0.032113 350 350 1 1 0
0.0321337 350 350 1 1 0
0.0321545 350 350 1 1 0
0.0321753 350 350 1 1 0
0.0321962 350 350 1 1 0
0.032217 350 350 1 1 0
0.032238 350 350 1 1 0
0.0322589 350 350 1 1 0
0.0322798 350 350 1 1 0
0.0323008 350 350 1 1 0
0.0323219 350 350 1 1 0
0.0323429 350 350 1 1 0
0.032364 350 350 1 1 0
0.0323851 350 350 1 1 0
0.0324062 350 350 1 1 0
0.0324274 350 350 1 1 0
0.0324486 350 350 1 1 0
0.0324698 350 350 1 1 0
0.0324911 350 350 1 1 0
0.0325123 350 350 1 1 0
0.0325337 350 350 1 1 0
0.032555 350 350 1 1 0
0.0325764 350 350 1 1 0
0.0325978 350 350 1 1 0
0.0326192 350 350 1 1 0
0.0326407 350 350 1 1 0
0.0326621 350 350 1 1 0
0.0326837 350 350 1 1 0
0.0327052 350 350 1 1 0
0.0327268 350 350 1 1 0
0.0327484 350 350 1 1 0
0.0327701 350 350 1 1 0
0.0327917 350 350 1 1 0
0.0328134 350 350 1 1 0
0.0328352 350 350 1 1 0
0.0328569 350 350 1 1 0
0.0328787 350 350 1 1 0
0.0329006 350 350 1 1 0
0.0329224 350 350 1 1 0
0.0329443 350 350 1 1 0
0.0329662 350 350 1 1 0
0.0329882 350 350 1 1 0
0.0330102 350 350 1 1 0
0.0330322 350 350 1 1 0
0.0330542 350 350 1 1 0
0.0330763 350 350 1 1 0
0.0330984 350 350 1 1 0
0.0331206 350 350 1 1 0
0.0331428 350 350 1 1 0
0.033165 350 350 1 1 0
0.0331872 350 350 1 1 0
0.0332095 350 350 1 1 0
0.0332318 350 350 1 1 0
0.0332541 350 350 1 1 0
0.0332765 350 350 1 1 0
0.0332989 350 350 1 1 0
0.0333213 350 350 1 1 0
0.0333438 350 350 1 1 0
0.0333663 350 350 1 1 0
0.0333888 350 350 1 1 0
0.0334114 350 350 1 1 0
0.033434 350 350 1 1 0
0.0334566 350 350 1 1 0
0.0334793 350 350 1 1 0
0.033502 350 350 1 1 0
0.0335248 350 350 1 1 0
0.0335475 350 350 1 1 0
0.0335703 350 350 1 1 0
0.0335932 350 350 1 1 0
0.033616 350 350 1 1 0
0.0336389 350 350 1 1 0
0.0336619 350 350 1 1 0
0.0336849 350 350 1 1 0
0.0337079 350 350 1 1 0
0.0337309 350 350 1 1 0
0.033754 350 350 1 1 0
0.0337771 350 350 1 1 0
0.0338002 350 350 1 1 0
0.0338234 350 350 1 1 0
0.0338466 350 350 1 1 0
0.0338699 350 350 1 1 0
0.0338932 350 350 1 1 0
0.0339165 350 350 1 1 0
0.0339399 350 350 1 1 0
0.0339633 350 350 1 1 0
0.0339867 350 350 1 1 0
0.0340102 350 350 1 1 0
0.0340337 350 350 1 1 0
0.0340572 350 350 1 1 0
0.0340808 350 350 1 1 0
0.0341044 350 350 1 1 0
0.034128 350 350 1 1 0
0.0341517 350 350 1 1 0
0.0341755 350 350 1 1 0
0.0341992 350 350 1 1 0
0.034223 350 350 1 1 0
0.0342468 350 350 1 1 0
0.0342707 350 350 1 1 0
0.0342946 350 350 1 1 0
0.0343186 350 350 1 1 0
0.0343425 350 350 1 1 0
0.0343666 350 350 1 1 0
0.0343906 350 350 1 1 0
0.0344147 350 350 1 1 0
0.0344389 350 350 1 1 0
0.034463 350 350 1 1 0
0.0344872 350 350 1 1 0
0.0345115 350 350 1 1 0
0.0345358 350 350 1 1 0
0.0345601 350 350 1 1 0
0.0345845 350 350 1 1 0
0.0346089 350 350 1 1 0
0.0346333 350 350 1 1 0
0.0346578 350 350 1 1 0
0.0346823 350 350 1 1 0
0.0347069 350 350 1 1 0
0.0347315 350 350 1 1 0
0.0347561 350 350 1 1 0
0.0347808 350 350 1 1 0
0.0348055 350 350 1 1 0
0.0348302 350 350 1 1 0
0.034855 350 350 1 1 0
0.0348799 350 350 1 1 0
0.0349048 350 350 1 1 0
0.0349297 350 350 1 1 0
0.0349546 350 350 1 1 0
0.0349796 350 350 1 1 0
0.0350047 350 350 1 1 0
0.0350298 350 350 1 1 0
0.0350549 350 350 1 1 0
0.0350801 350 350 1 1 0
0.0351053 350 350 1 1 0
0.0351305 350 350 1 1 0
0.0351558 350 350 1 1 0
0.0351811 350 350 1 1 0
0.0352065 350 350 1 1 0
0.0352319 350 350 1 1 0
0.0352574 350 350 1 1 0
0.0352829 350 350 1 1 0
0.0353084 350 350 1 1 0
0.035334 350 350 1 1 0
0.0353596 350 350 1 1 0
0.0353853 350 350 1 1 0
0.035411 350 350 1 1 0
0.0354368 350 350 1 1 0
0.0354626 350 350 1 1 0
0.0354884 350 350 1 1 0
0.0355143 350 350 1 1 0
0.0355402 350 350 1 1 0
0.0355662 350 350 1 1 0
0.0355922 350 350 1 1 0
0.0356183 350 350 1 1 0
0.0356444 350 350 1 1 0
0.0356706 350 350 1 1 0
0.0356968 350 350 1 1 0
0.035723 350 350 1 1 0
0.0357493 350 350 1 1 0
0.0357756 350 350 1 1 0
0.035802 350 350 1 1 0
0.0358284 350 350 1 1 0
0.0358549 350 350 1 1 0
0.0358814 350 350 1 1 0
0.035908 350 350 1 1 0
0.0359346 350 350 1 1 0
0.0359612 350 350 1 1 0
0.0359879 350 350 1 1 0
0.0360147 350 350 1 1 0
0.0360415 350 350 1 1 0
0.0360683 350 350 1 1 0
0.0360952 350 350 1 1 0
0.0361221 350 350 1 1 0
0.0361491 350 350 1 1 0
0.0361762 350 350 1 1 0
0.0362032 350 350 1 1 0
0.0362304 350 350 1 1 0
0.0362575 350 350 1 1 0
0.0362848 350 350 1 1 0
0.036312 350 350 1 1 0
0.0363393 350 350 1 1 0
0.0363667 350 350 1 1 0
0.0363941 350 350 1 1 0
0.0364216 350 350 1 1 0
0.0364491 350 350 1 1 0
0.0364767 350 350 1 1 0
0.0365043 350 350 1 1 0
0.036532 350 350 1 1 0
0.0365597 350 350 1 1 0
0.0365874 350 350 1 1 0
0.0366152 350 350 1 1 0
0.0366431 350 350 1 1 0
0.036671 350 350 1 1 0
0.036699 350 350 1 1 0
0.036727 350 350 1 1 0
0.0367551 350 350 1 1 0
0.0367832 350 350 1 1 0
0.0368114 350 350 1 1 0
0.0368396 350 350 1 1 0
0.0368679 350 350 1 1 0
0.0368962 350 350 1 1 0
0.0369246 350 350 1 1 0
0.036953 350 350 1 1 0
0.0369815 350 350 1 1 0
0.03701 350 350 1 1 0
0.0370386 350 350 1 1 0
0.0370673 350 350 1 1 0
0.037096 350 350 1 1 0
0.0371247 350 350 1 1 0
0.0371535 350 350 1 1 0
0.0371824 350 350 1 1 0
0.0372113 350 350 1 1 0
0.0372403 350 350 1 1 0
0.0372693 350 350 1 1 0
0.0372984 350 350 1 1 0
0.0373275 350 350 1 1 0
0.0373567 350 350 1 1 0
0.0373859 350 350 1 1 0
0.0374152 350 350 1 1 0
0.0374446 350 350 1 1 0
0.037474 350 350 1 1 0
0.0375035 350 350 1 1 0
0.037533 350 350 1 1 0
0.0375626 350 350 1 1 0
0.0375922 350 350 1 1 0
0.0376219 350 350 1 1 0
0.0376517 350 350 1 1 0
0.0376815 350 350 1 1 0
0.0377113 350 350 1 1 0
0.0377413 350 350 1 1 0
0.0377713 350 350 1 1 0
0.0378013 350 350 1 1 0
0.0378314 350 350 1 1 0
0.0378616 350 350 1 1 0
0.0378918 350 350 1 1 0
0.037922 350 350 1 1 0
0.0379524 350 350 1 1 0
0.0379828 350 350 1 1 0
0.0380132 350 350 1 1 0
0.0380437 350 350 1 1 0
0.0380743 350 350 1 1 0
0.038105 350 350 1 1 0
0.0381357 350 350 1 1 0
0.0381664 350 350 1 1 0
0.0381972 350 350 1 1 0
0.0382281 350 350 1 1 0
0.0382591 350 350 1 1 0
0.0382901 350 350 1 1 0
0.0383211 350 350 1 1 0
0.0383523 350 350 1 1 0
0.0383835 350 350 1 1 0
0.0384147 350 350 1 1 0
0.038446 350 350 1 1 0
0.0384774 350 350 1 1 0
0.0385089 350 350 1 1 0
0.0385404 350 350 1 1 0
0.0385719 350 350 1 1 0
0.0386036 350 350 1 1 0
0.0386353 350 350 1 1 0
0.038667 350 350 1 1 0
0.0386989 350 350 1 1 0
0.0387308 350 350 1 1 0
0.0387627 350 350 1 1 0
0.0387947 350 350 1 1 0
0.0388268 350 350 1 1 0
0.038859 350 350 1 1 0
0.0388912 350 350 1 1 0
0.0389235 350 350 1 1 0
0.0389559 350 350 1 1 0
0.0389883 350 350 1 1 0
0.0390208 350 350 1 1 0
0.0390534 350 350 1 1 0
0.039086 350 350 1 1 0
0.0391187 350 350 1 1 0
0.0391515 350 350 1 1 0
0.0391843 350 350 1 1 0
0.0392172 350 350 1 1 0
0.0392502 350 350 1 1 0
0.0392832 350 350 1 1 0
0.0393163 350 350 1 1 0
0.0393495 350 350 1 1 0
0.0393828 350 350 1 1 0
0.0394161 350 350 1 1 0
0.0394495 350 350 1 1 0
0.039483 350 350 1 1 0
0.0395165 350 350 1 1 0
0.0395501 350 350 1 1 0
0.0395838 350 350 1 1 0
0.0396175 350 350 1 1 0
0.0396514 350 350 1 1 0
0.0396853 350 350 1 1 0
0.0397192 350 350 1 1 0
0.0397533 350 350 1 1 0
0.0397874 350 350 1 1 0
0.0398216 350 350 1 1 0
0.0398559 350 350 1 1 0
0.0398902 350 350 1 1 0
0.0399246 350 350 1 1 0
0.0399591 350 350 1 1 0
0.0399937 350 350 1 1 0
0.0400283 350 350 1 1 0
0.040063 350 350 1 1 0
0.0400978 350 350 1 1 0
0.0401327 350 350 1 1 0
0.0401677 350 350 1 1 0
0.0402027 350 350 1 1 0
0.0402378 350 350 1 1 0
0.040273 350 350 1 1 0
0.0403082 350 350 1 1 0
0.0403436 350 350 1 1 0
0.040379 350 350 1 1 0
0.0404145 350 350 1 1 0
0.0404501 350 350 1 1 0
0.0404857 350 350 1 1 0
0.0405214 350 350 1 1 0
0.0405573 350 350 1 1 0
0.0405932 350 350 1 1 0
0.0406291 350 350 1 1 0
0.0406652 350 350 1 1 0
0.0407013 350 350 1 1 0
0.0407375 350 350 1 1 0
0.0407738 350 350 1 1 0
0.0408102 350 350 1 1 0
0.0408467 350 350 1 1 0
0.0408832 350 350 1 1 0
0.0409199 350 350 1 1 0
0.0409566 350 350 1 1 0
0.0409934 350 350 1 1 0
0.0410303 350 350 1 1 0
0.0410673 350 350 1 1 0
0.0411043 350 350 1 1 0
0.0411415 350 350 1 1 0
0.0411787 350 350 1 1 0
0.041216 350 350 1 1 0
0.0412534 350 350 1 1 0
0.0412909 350 350 1 1 0
0.0413285 350 350 1 1 0
0.0413661 350 350 1 1 0
0.0414039 350 350 1 1 0
0.0414417 350 350 1 1 0
0.0414796 350 350 1 1 0
0.0415176 350 350 1 1 0
0.0415557 350 350 1 1 0
0.0415939 350 350 1 1 0
0.0416322 350 350 1 1 0
0.0416706 350 350 1 1 0
0.0417091 350 350 1 1 0
0.0417476 350 350 1 1 0
0.0417863 350 350 1 1 0
0.041825 350 350 1 1 0
0.0418638 350 350 1 1 0
0.0419027 350 350 1 1 0
0.0419418 350 350 1 1 0
0.0419809 350 350 1 1 0
0.0420201 350 350 1 1 0
0.0420594 350 350 1 1 0
0.0420987 350 350 1 1 0
0.0421382 350 350 1 1 0
0.0421778 350 350 1 1 0
0.0422175 350 350 1 1 0
0.0422572 350 350 1 1 0
0.0422971 350 350 1 1 0
0.0423371 350 350 1 1 0
0.0423771 350 350 1 1 0
0.0424173 350 350 1 1 0
0.0424575 350 350 1 1 0
0.0424979 350 350 1 1 0
0.0425383 350 350 1 1 0
0.0425789 350 350 1 1 0
0.0426195 350 350 1 1 0
0.0426603 350 350 1 1 0
0.0427011 350 350 1 1 0
0.0427421 350 350 1 1 0
0.0427831 350 350 1 1 0
0.0428243 350 350 1 1 0
0.0428655 350 350 1 1 0
0.0429068 350 350 1 1 0
0.0429483 350 350 1 1 0
0.0429899 350 350 1 1 0
0.0430315 350 350 1 1 0
0.0430733 350 350 1 1 0
0.0431151 350 350 1 1 0
0.0431571 350 350 1 1 0
0.0431992 350 350 1 1 0
0.0432414 350 350 1 1 0
0.0432836 350 350 1 1 0
0.043326 350 350 1 1 0
0.0433685 350 350 1 1 0
0.0434111 350 350 1 1 0
0.0434538 350 350 1 1 0
0.0434966 350 350 1 1 0
0.0435396 350 350 1 1 0
0.0435826 350 350 1 1 0
0.0436257 350 350 1 1 0
0.043669 350 350 1 1 0
0.0437124 350 350 1 1 0
0.0437558 350 350 1 1 0
0.0437994 350 350 1 1 0
0.0438431 350 350 1 1 0
0.0438869 350 350 1 1 0
0.0439308 350 350 1 1 0
0.0439748 350 350 1 1 0
0.044019 350 350 1 1 0
0.0440632 350 350 1 1 0
0.0441076 350 350 1 1 0
0.0441521 350 350 1 1 0
0.0441966 350 350 1 1 0
0.0442414 350 350 1 1 0
0.0442862 350 350 1 1 0
0.0443311 350 350 1 1 0
0.0443762 350 350 1 1 0
0.0444213 350 350 1 1 0
0.0444666 350 350 1 1 0
0.044512 350 350 1 1 0
0.0445575 350 350 1 1 0
0.0446032 350 350 1 1 0
0.0446489 350 350 1 1 0
0.0446948 350 350 1 1 0
0.0447408 350 350 1 1 0
0.0447869 350 350 1 1 0
0.0448331 350 350 1 1 0
0.0448795 350 350 1 1 0
0.044926 350 350 1 1 0
0.0449726 350 350 1 1 0
0.0450193 350 350 1 1 0
0.0450661 350 350 1 1 0
0.0451131 350 350 1 1 0
0.0451602 350 350 1 1 0
0.0452074 350 350 1 1 0
0.0452547 350 350 1 1 0
0.0453022 350 350 1 1 0
0.0453498 350 350 1 1 0
0.0453975 350 350 1 1 0
0.0454453 350 350 1 1 0
0.0454933 350 350 1 1 0
0.0455414 350 350 1 1 0
0.0455896 350 350 1 1 0
0.045638 350 350 1 1 0
0.0456864 350 350 1 1 0
0.045735 350 350 1 1 0
0.0457838 350 350 1 1 0
0.0458326 350 350 1 1 0
0.0458816 350 350 1 1 0
0.0459308 350 350 1 1 0
0.04598 350 350 1 1 0
0.0460294 350 350 1 1 0
0.0460789 350 350 1 1 0
0.0461286 350 350 1 1 0
0.0461783 350 350 1 1 0
0.0462283 350 350 1 1 0
0.0462783 350 350 1 1 0
0.0463285 350 350 1 1 0
0.0463788 350 350 1 1 0
0.0464293 350 350 1 1 0
0.0464799 350 350 1 1 0
0.0465306 350 350 1 1 0
0.0465815 350 350 1 1 0
0.0466325 350 350 1 1 0
0.0466836 350 350 1 1 0
0.0467349 350 350 1 1 0
0.0467863 350 350 1 1 0
0.0468378 350 350 1 1 0
0.0468895 350 350 1 1 0
0.0469414 350 350 1 1 0
0.0469933 350 350 1 1 0
0.0470455 350 350 1 1 0
0.0470977 350 350 1 1 0
0.0471501 350 350 1 1 0
0.0472026 350 350 1 1 0
0.0472553 350 350 1 1 0
0.0473082 350 350 1 1 0
0.0473611 350 350 1 1 0
0.0474142 350 350 1 1 0
0.0474675 350 350 1 1 0
0.0475209 350 350 1 1 0
0.0475744 350 350 1 1 0
0.0476281 350 350 1 1 0
0.047682 350 350 1 1 0
0.0477359 350 350 1 1 0
0.0477901 350 350 1 1 0
0.0478444 350 350 1 1 0
0.0478988 350 350 1 1 0
0.0479534 350 350 1 1 0
0.0480081 350 350 1 1 0
0.048063 350 350 1 1 0
0.048118 350 350 1 1 0
0.0481731 350 350 1 1 0
0.0482285 350 350 1 1 0
0.0482839 350 350 1 1 0
0.0483396 350 350 1 1 0
0.0483953 350 350 1 1 0
0.0484513 350 350 1 1 0
0.0485074 350 350 1 1 0
0.0485636 350 350 1 1 0
0.04862 350 350 1 1 0
0.0486765 350 350 1 1 0
0.0487332 350 350 1 1 0
0.0487901 350 350 1 1 0
0.0488471 350 350 1 1 0
0.0489043 350 350 1 1 0
0.0489616 350 350 1 1 0
0.049019 350 350 1 1 0
0.0490767 350 350 1 1 0
0.0491345 350 350 1 1 0
0.0491924 350 350 1 1 0
0.0492505 350 350 1 1 0
0.0493088 350 350 1 1 0
0.0493672 350 350 1 1 0
0.0494258 350 350 1 1 0
0.0494845 350 350 1 1 0
0.0495434 350 350 1 1 0
0.0496025 350 350 1 1 0
0.0496617 350 350 1 1 0
0.0497211 350 350 1 1 0
0.0497807 350 350 1 1 0
0.0498404 350 350 1 1 0
0.0499002 350 350 1 1 0
0.0499603 350 350 1 1 0
0.0500205 350 350 1 1 0
0.0500808 350 350 1 1 0
0.0501414 350 350 1 1 0
0.050202 350 350 1 1 0
0.0502629 350 350 1 1 0
0.0503239 350 350 1 1 0
0.0503851 350 350 1 1 0
0.0504464 350 350 1 1 0
0.050508 350 350 1 1 0
0.0505696 350 350 1 1 0
0.0506315 350 350 1 1 0
0.0506935 350 350 1 1 0
0.0507557 350 350 1 1 0
0.050818 350 350 1 1 0
0.0508805 350 350 1 1 0
0.0509432 350 350 1 1 0
0.0510061 350 350 1 1 0
0.0510691 350 350 1 1 0
0.0511323 350 350 1 1 0
0.0511957 350 350 1 1 0
0.0512592 350 350 1 1 0
0.0513229 350 350 1 1 0
0.0513867 350 350 1 1 0
0.0514508 350 350 1 1 0
0.051515 350 350 1 1 0
0.0515794 350 350 1 1 0
0.0516439 350 350 1 1 0
0.0517087 350 350 1 1 0
0.0517735 350 350 1 1 0
0.0518386 350 350 1 1 0
0.0519039 350 350 1 1 0
0.0519693 350 350 1 1 0
0.0520348 350 350 1 1 0
0.0521006 350 350 1 1 0
0.0521665 350 350 1 1 0
0.0522326 350 350 1 1 0
0.0522989 350 350 1 1 0
0.0523654 350 350 1 1 0
0.052432 350 350 1 1 0
0.0524988 350 350 1 1 0
0.0525657 350 350 1 1 0
0.0526329 350 350 1 1 0
0.0527002 350 350 1 1 0
0.0527677 350 350 1 1 0
0.0528354 350 350 1 1 0
0.0529032 350 350 1 1 0
0.0529712 350 350 1 1 0
0.0530394 350 350 1 1 0
0.0531078 350 350 1 1 0
0.0531763 350 350 1 1 0
0.0532451 350 350 1 1 0
0.0533139 350 350 1 1 0
0.053383 350 350 1 1 0
0.0534523 350 350 1 1 0
0.0535217 350 350 1 1 0
0.0535913 350 350 1 1 0
0.0536611 350 350 1 1 0
0.053731 350 350 1 1 0
0.0538011 350 350 1 1 0
0.0538714 350 350 1 1 0
0.0539419 350 350 1 1 0
0.0540126 350 350 1 1 0
0.0540834 350 350 1 1 0
0.0541544 350 350 1 1 0
0.0542256 350 350 1 1 0
0.0542969 350 350 1 1 0
0.0543685 350 350 1 1 0
0.0544402 350 350 1 1 0
0.0545121 350 350 1 1 0
0.0545841 350 350 1 1 0
0.0546564 350 350 1 1 0
0.0547288 350 350 1 1 0
0.0548014 350 350 1 1 0
0.0548741 350 350 1 1 0
0.0549471 350 350 1 1 0
0.0550202 350 350 1 1 0
0.0550935 350 350 1 1 0
0.0551669 350 350 1 1 0
0.0552406 350 350 1 1 0
0.0553144 350 350 1 1 0
0.0553884 350 350 1 1 0
0.0554626 350 350 1 1 0
0.0555369 350 350 1 1 0
0.0556114 350 350 1 1 0
0.0556861 350 350 1 1 0
0.055761 350 350 1 1 0
0.055836 350 350 1 1 0
0.0559113 350 350 1 1 0
0.0559866 350 350 1 1 0
0.0560622 350 350 1 1 0
0.0561379 350 350 1 1 0
0.0562139 350 350 1 1 0
0.0562899 350 350 1 1 0
0.0563662 350 350 1 1 0
0.0564426 350 350 1 1 0
0.0565192 350 350 1 1 0
0.056596 350 350 1 1 0
0.056673 350 350 1 1 0
0.0567501 350 350 1 1 0
0.0568274 350 350 1 1 0
0.0569048 350 350 1 1 0
0.0569825 350 350 1 1 0
0.0570603 350 350 1 1 0
0.0571382 350 350 1 1 0
0.0572164 350 350 1 1 0
0.0572947 350 350 1 1 0
0.0573732 350 350 1 1 0
0.0574518 350 350 1 1 0
0.0575306 350 350 1 1 0
0.0576096 350 350 1 1 0
0.0576888 350 350 1 1 0
0.0577681 350 350 1 1 0
0.0578476 350 350 1 1 0
0.0579272 350 350 1 1 0
0.0580071 350 350 1 1 0
0.058087 350 350 1 1 0
0.0581672 350 350 1 1 0
0.0582475 350 350 1 1 0
0.058328 350 350 1 1 0
0.0584086 350 350 1 1 0
0.0584895 350 350 1 1 0
0.0585704 350 350 1 1 0
0.0586516 350 350 1 1 0
0.0587329 350 350 1 1 0
0.0588143 350 350 1 1 0
0.058896 350 350 1 1 0
0.0589777 350 350 1 1 0
0.0590597 350 350 1 1 0
0.0591418 350 350 1 1 0
0.0592241 350 350 1 1 0
0.0593065 350 350 1 1 0
0.0593891 350 350 1 1 0
0.0594718 350 350 1 1 0
0.0595547 350 350 1 1 0
0.0596378 350 350 1 1 0
0.059721 350 350 1 1 0
0.0598044 350 350 1 1 0
0.0598879 350 350 1 1 0
0.0599716 350 350 1 1 0
0.0600554 350 350 1 1 0
0.0601394 350 350 1 1 0
0.0602235 350 350 1 1 0
0.0603078 350 350 1 1 0
0.0603923 350 350 1 1 0
0.0604769 350 350 1 1 0
0.0605616 350 350 1 1 0
0.0606465 350 350 1 1 0
0.0607316 350 350 1 1 0
0.0608167 350 350 1 1 0
0.0609021 350 350 1 1 0
0.0609876 350 350 1 1 0
0.0610732 350 350 1 1 0
0.061159 350 350 1 1 0
0.0612449 350 350 1 1 0
0.061331 350 350 1 1 0
0.0614173 350 350 1 1 0
0.0615036 350 350 1 1 0
0.0615901 350 350 1 1 0
0.0616768 350 350 1 1 0
0.0617636 350 350 1 1 0
0.0618505 350 350 1 1 0
0.0619376 350 350 1 1 0
0.0620248 350 350 1 1 0
0.0621122 350 350 1 1 0
0.0621997 350 350 1 1 0
0.0622873 350 350 1 1 0
0.0623751 350 350 1 1 0
0.062463 350 350 1 1 0
0.062551 350 350 1 1 0
0.0626392 350 350 1 1 0
0.0627275 350 350 1 1 0
0.062816 350 350 1 1 0
0.0629045 350 350 1 1 0
0.0629933 350 350 1 1 0
0.0630821 350 350 1 1 0
0.0631711 350 350 1 1 0
0.0632602 350 350 1 1 0
0.0633494 350 350 1 1 0
0.0634388 350 350 1 1 0
0.0635283 350 350 1 1 0
0.0636179 350 350 1 1 0
0.0637077 350 350 1 1 0
0.0637975 350 350 1 1 0
0.0638875 350 350 1 1 0
0.0639777 350 350 1 1 0
0.0640679 350 350 1 1 0
0.0641583 350 350 1 1 0
0.0642488 350 350 1 1 0
0.0643394 350 350 1 1 0
0.0644301 350 350 1 1 0
0.064521 350 350 1 1 0
0.064612 350 350 1 1 0
0.0647031 350 350 1 1 0
0.0647943 350 350 1 1 0
0.0648856 350 350 1 1 0
0.0649771 350 350 1 1 0
0.0650686 350 350 1 1 0
0.0651603 350 350 1 1 0
0.0652521 350 350 1 1 0
0.065344 350 350 1 1 0
0.0654361 350 350 1 1 0
0.0655282 350 350 1 1 0
0.0656204 350 350 1 1 0
0.0657128 350 350 1 1 0
0.0658053 350 350 1 1 0
0.0658978 350 350 1 1 0
0.0659905 350 350 1 1 0
0.0660833 350 350 1 1 0
0.0661762 350 350 1 1 0
0.0662692 350 350 1 1 0
0.0663623 350 350 1 1 0
0.0664556 350 350 1 1 0
0.0665489 350 350 1 1 0
0.0666423 350 350 1 1 0
0.0667358 350 350 1 1 0
0.0668295 350 350 1 1 0
0.0669232 350 350 1 1 0
0.0670171 350 350 1 1 0
0.067111 350 350 1 1 0
0.067205 350 350 1 1 0
0.0672992 350 350 1 1 0
0.0673934 350 350 1 1 0
0.0674877 350 350 1 1 0
0.0675821 350 350 1 1 0
0.0676767 350 350 1 1 0
0.0677713 350 350 1 1 0
0.067866 350 350 1 1 0
0.0679608 350 350 1 1 0
0.0680557 350 350 1 1 0
0.0681507 350 350 1 1 0
0.0682458 350 350 1 1 0
0.0683409 350 350 1 1 0
0.0684362 350 350 1 1 0
0.0685315 350 350 1 1 0
0.068627 350 350 1 1 0
0.0687225 350 350 1 1 0
0.0688181 350 350 1 1 0
0.0689138 350 350 1 1 0
0.0690096 350 350 1 1 0
0.0691055 350 350 1 1 0
0.0692015 350 350 1 1 0
0.0692975 350 350 1 1 0
0.0693936 350 350 1 1 0
0.0694899 350 350 1 1 0
0.0695861 350 350 1 1 0
0.0696825 350 350 1 1 0
0.069779 350 350 1 1 0
0.0698755 350 350 1 1 0
0.0699721 350 350 1 1 0
0.0700688 350 350 1 1 0
0.0701656 350 350 1 1 0
0.0702625 350 350 1 1 0
0.0703594 350 350 1 1 0
0.0704564 350 350 1 1 0
0.0705535 350 350 1 1 0
0.0706506 350 350 1 1 0
0.0707479 350 350 1 1 0
0.0708452 350 350 1 1 0
0.0709426 350 350 1 1 0
0.07104 350 350 1 1 0
0.0711375 350 350 1 1 0
0.0712351 350 350 1 1 0
0.0713328 350 350 1 1 0
0.0714305 350 350 1 1 0
0.0715283 350 350 1 1 0
0.0716262 350 350 1 1 0
0.0717242 350 350 1 1 0
0.0718222 350 350 1 1 0
0.0719203 350 350 1 1 0
0.0720184 350 350 1 1 0
0.0721166 350 350 1 1 0
0.0722149 350 350 1 1 0
0.0723133 350 350 1 1 0
0.0724117 350 350 1 1 0
0.0725102 350 350 1 1 0
0.0726087 350 350 1 1 0
0.0727073 350 350 1 1 0
0.072806 350 350 1 1 0
0.0729047 350 350 1 1 0
0.0730035 350 350 1 1 0
0.0731023 350 350 1 1 0
0.0732013 350 350 1 1 0
0.0733002 350 350 1 1 0
0.0733993 350 350 1 1 0
0.0734984 350 350 1 1 0
0.0735975 350 350 1 1 0
0.0736967 350 350 1 1 0
0.073796 350 350 1 1 0
0.0738953 350 350 1 1 0
0.0739947 350 350 1 1 0
0.0740941 350 350 1 1 0
0.0741936 350 350 1 1 0
0.0742931 350 350 1 1 0
0.0743927 350 350 1 1 0
0.0744924 350 350 1 1 0
0.0745921 350 350 1 1 0
0.0746919 350 350 1 1 0
0.0747917 350 350 1 1 0
0.0748915 350 350 1 1 0
0.0749914 350 350 1 1 0
0.0750914 350 350 1 1 0
0.0751914 350 350 1 1 0
0.0752915 350 350 1 1 0
0.0753916 350 350 1 1 0
0.0754918 350 350 1 1 0
0.075592 350 350 1 1 0
0.0756923 350 350 1 1 0
0.0757926 350 350 1 1 0
0.0758929 350 350 1 1 0
0.0759933 350 350 1 1 0
0.0760938 350 350 1 1 0
0.0761943 350 350 1 1 0
0.0762949 350 350 1 1 0
0.0763954 350 350 1 1 0
0.0764961 350 350 1 1 0
0.0765968 350 350 1 1 0
0.0766975 350 350 1 1 0
0.0767983 350 350 1 1 0
0.0768991 350 350 1 1 0
0.0769999 350 350 1 1 0
0.0771008 350 350 1 1 0
0.0772018 350 350 1 1 0
0.0773028 350 350 1 1 0
0.0774038 350 350 1 1 0
0.0775049 350 350 1 1 0
0.077606 350 350 1 1 0
0.0777071 350 350 1 1 0
0.0778083 350 350 1 1 0
0.0779095 350 350 1 1 0
0.0780108 350 350 1 1 0
0.0781121 350 350 1 1 0
0.0782134 350 350 1 1 0
0.0783148 350 350 1 1 0
0.0784162 350 350 1 1 0
0.0785177 350 350 1 1 0
0.0786192 350 350 1 1 0
0.0787207 350 350 1 1 0
0.0788223 350 350 1 1 0
0.0789239 350 350 1 1 0
0.0790256 350 350 1 1 0
0.0791272 350 350 1 1 0
0.0792289 350 350 1 1 0
0.0793307 350 350 1 1 0
0.0794325 350 350 1 1 0
0.0795343 350 350 1 1 0
0.0796361 350 350 1 1 0
0.079738 350 350 1 1 0
0.0798399 350 350 1 1 0
0.0799419 350 350 1 1 0
0.0800439 350 350 1 1 0
0.0801459 350 350 1 1 0
0.0802479 350 350 1 1 0
0.08035 350 350 1 1 0
0.0804521 350 350 1 1 0
0.0805543 350 350 1 1 0
0.0806565 350 350 1 1 0
0.0807587 350 350 1 1 0
0.0808609 350 350 1 1 0
0.0809632 350 350 1 1 0
0.0810655 350 350 1 1 0
0.0811678 350 350 1 1 0
0.0812701 350 350 1 1 0
0.0813725 350 350 1 1 0
0.0814749 350 350 1 1 0
0.0815774 350 350 1 1 0
0.0816798 350 350 1 1 0
0.0817823 350 350 1 1 0
0.0818849 350 350 1 1 0
0.0819874 350 350 1 1 0
0.08209 350 350 1 1 0
0.0821926 350 350 1 1 0
0.0822952 350 350 1 1 0
0.0823979 350 350 1 1 0
0.0825006 350 350 1 1 0
0.0826033 350 350 1 1 0
0.082706 350 350 1 1 0
0.0828088 350 350 1 1 0
0.0829116 350 350 1 1 0
0.0830144 350 350 1 1 0
0.0831172 350 350 1 1 0
0.0832201 350 350 1 1 0
0.083323 350 350 1 1 0
0.0834259 350 350 1 1 0
0.0835288 350 350 1 1 0
0.0836318 350 350 1 1 0
0.0837347 350 350 1 1 0
0.0838378 350 350 1 1 0
0.0839408 350 350 1 1 0
0.0840438 350 350 1 1 0
0.0841469 350 350 1 1 0
0.08425 350 350 1 1 0
0.0843531 350 350 1 1 0
0.0844563 350 350 1 1 0
0.0845594 350 350 1 1 0
0.0846626 350 350 1 1 0
0.0847658 350 350 1 1 0
0.084869 350 350 1 1 0
0.0849723 350 350 1 1 0
0.0850756 350 350 1 1 0
0.0851788 350 350 1 1 0
0.0852822 350 350 1 1 0
0.0853855 350 350 1 1 0
0.0854888 350 350 1 1 0
0.0855922 350 350 1 1 0
0.0856956 350 350 1 1 0
0.085799 350 350 1 1 0
0.0859024 350 350 1 1 0
0.0860059 350 350 1 1 0
0.0861093 350 350 1 1 0
0.0862128 350 350 1 1 0
0.0863163 350 350 1 1 0
0.0864198 350 350 1 1 0
0.0865234 350 350 1 1 0
0.0866269 350 350 1 1 0
0.0867305 350 350 1 1 0
0.0868341 350 350 1 1 0
0.0869377 350 350 1 1 0
0.0870414 350 350 1 1 0
0.087145 350 350 1 1 0
0.0872487 350 350 1 1 0
0.0873523 350 350 1 1 0
0.087456 350 350 1 1 0
0.0875598 350 350 1 1 0
0.0876635 350 350 1 1 0
0.0877672 350 350 1 1 0
0.087871 350 350 1 1 0
0.0879748 350 350 1 1 0
0.0880786 350 350 1 1 0
0.0881824 350 350 1 1 0
0.0882862 350 350 1 1 0
0.0883901 350 350 1 1 0
0.0884939 350 350 1 1 0
0.0885978 350 350 1 1 0
0.0887017 350 350 1 1 0
0.0888056 350 350 1 1 0
0.0889095 350 350 1 1 0
0.0890134 350 350 1 1 0
0.0891174 350 350 1 1 0
0.0892214 350 350 1 1 0
0.0893253 350 350 1 1 0
0.0894293 350 350 1 1 0
0.0895333 350 350 1 1 0
0.0896373 350 350 1 1 0
0.0897414 350 350 1 1 0
0.0898454 350 350 1 1 0
0.0899495 350 350 1 1 0
0.0900536 350 350 1 1 0
0.0901576 350 350 1 1 0
0.0902617 350 350 1 1 0
0.0903659 350 350 1 1 0
0.09047 350 350 1 1 0
0.0905741 350 350 1 1 0
0.0906783 350 350 1 1 0
0.0907824 350 350 1 1 0
0.0908866 350 350 1 1 0
0.0909908 350 350 1 1 0
0.091095 350 350 1 1 0
0.0911992 350 350 1 1 0
0.0913035 350 350 1 1 0
0.0914077 350 350 1 1 0
0.0915119 350 350 1 1 0
0.0916162 350 350 1 1 0
0.0917205 350 350 1 1 0
0.0918248 350 350 1 1 0
0.0919291 350 350 1 1 0
0.0920334 350 350 1 1 0
0.0921377 350 350 1 1 0
0.092242 350 350 1 1 0
0.0923464 350 350 1 1 0
0.0924507 350 350 1 1 0
0.0925551 350 350 1 1 0
0.0926595 350 350 1 1 0
0.0927638 350 350 1 1 0
0.0928682 350 350 1 1 0
0.0929726 350 350 1 1 0
0.0930771 350 350 1 1 0
0.0931815 350 350 1 1 0
0.0932859 350 350 1 1 0
0.0933904 350 350 1 1 0
0.0934948 350 350 1 1 0
0.0935993 350 350 1 1 0
0.0937038 350 350 1 1 0
0.0938083 350 350 1 1 0
0.0939128 350 350 1 1 0
0.0940173 350 350 1 1 0
0.0941218 350 350 1 1 0
0.0942263 350 350 1 1 0
0.0943308 350 350 1 1 0
0.0944354 350 350 1 1 0
0.0945399 350 350 1 1 0
0.0946445 350 350 1 1 0
0.0947491 350 350 1 1 0
0.0948537 350 350 1 1 0
0.0949582 350 350 1 1 0
0.0950628 350 350 1 1 0
0.0951674 350 350 1 1 0
0.0952721 350 350 1 1 0
0.0953767 350 350 1 1 0
0.0954813 350 350 1 1 0
0.095586 350 350 1 1 0
0.0956906 350 350 1 1 0
0.0957953 350 350 1 1 0
0.0958999 350 350 1 1 0
0.0960046 350 350 1 1 0
0.0961093 350 350 1 1 0
0.096214 350 350 1 1 0
0.0963187 350 350 1 1 0
0.0964234 350 350 1 1 0
0.0965281 350 350 1 1 0
0.0966328 350 350 1 1 0
0.0967376 350 350 1 1 0
0.0968423 350 350 1 1 0
0.096947 350 350 1 1 0
0.0970518 350 350 1 1 0
0.0971566 350 350 1 1 0
0.0972613 350 350 1 1 0
0.0973661 350 350 1 1 0
0.0974709 350 350 1 1 0
0.0975757 350 350 1 1 0
0.0976805 350 350 1 1 0
0.0977853 350 350 1 1 0
0.0978901 350 350 1 1 0
0.0979949 350 350 1 1 0
0.0980997 350 350 1 1 0
0.0982046 350 350 1 1 0
0.0983094 350 350 1 1 0
0.0984143 350 350 1 1 0
0.0985191 350 350 1 1 0
0.098624 350 350 1 1 0
0.0987288 350 350 1 1 0
0.0988337 350 350 1 1 0
0.0989386 350 350 1 1 0
0.0990435 350 350 1 1 0
0.0991484 350 350 1 1 0
0.0992533 350 350 1 1 0
0.0993582 350 350 1 1 0
0.0994631 350 350 1 1 0
0.099568 350 350 1 1 0
0.0996729 350 350 1 1 0
0.0997778 350 350 1 1 0
0.0998828 350 350 1 1 0
0.0999877 350 350 1 1 0
0.100093 350 350 1 1 0
0.100198 350 350 1 1 0
0.100303 350 350 1 1 0
0.100408 350 350 1 1 0
0.100513 350 350 1 1 0
0.100617 350 350 1 1 0
0.100722 350 350 1 1 0
0.100827 350 350 1 1 0
0.100932 350 350 1 1 0
0.101037 350 350 1 1 0
0.101142 350 350 1 1 0
0.101247 350 350 1 1 0
0.101352 350 350 1 1 0
0.101457 350 350 1 1 0
0.101563 350 350 1 1 0
0.101668 350 350 1 1 0
0.101773 350 350 1 1 0
0.101878 350 350 1 1 0
0.101983 350 350 1 1 0
0.102088 350 350 1 1 0
0.102193 350 350 1 1 0
0.102298 350 350 1 1 0
0.102403 350 350 1 1 0
0.102508 350 350 1 1 0
0.102613 350 350 1 1 0
0.102718 350 350 1 1 0
0.102823 350 350 1 1 0
0.102928 350 350 1 1 0
0.103033 350 350 1 1 0
0.103138 350 350 1 1 0
0.103244 350 350 1 1 0
0.103349 350 350 1 1 0
0.103454 350 350 1 1 0
0.103559 350 350 1 1 0
0.103664 350 350 1 1 0
0.103769 350 350 1 1 0
0.103874 350 350 1 1 0
0.103979 350 350 1 1 0
0.104085 350 350 1 1 0
0.10419 350 350 1 1 0
0.104295 350 350 1 1 0
0.1044 350 350 1 1 0
0.104505 350 350 1 1 0
0.10461 350 350 1 1 0
0.104716 350 350 1 1 0
0.104821 350 350 1 1 0
0.104926 350 350 1 1 0
0.105031 350 350 1 1 0
0.105136 350 350 1 1 0
0.105241 350 350 1 1 0
0.105347 350 350 1 1 0
0.105452 350 350 1 1 0
0.105557 350 350 1 1 0
0.105662 350 350 1 1 0
0.105767 350 350 1 1 0
0.105873 350 350 1 1 0
0.105978 350 350 1 1 0
0.106083 350 350 1 1 0
0.106188 350 350 1 1 0
0.106294 350 350 1 1 0
0.106399 350 350 1 1 0
0.106504 350 350 1 1 0
0.106609 350 350 1 1 0
0.106714 350 350 1 1 0
0.10682 350 350 1 1 0
0.106925 350 350 1 1 0
0.10703 350 350 1 1 0
0.107135 350 350 1 1 0
0.107241 350 350 1 1 0
0.107346 350 350 1 1 0
0.107451 350 350 1 1 0
0.107556 350 350 1 1 0
0.107662 350 350 1 1 0
0.107767 350 350 1 1 0
0.107872 350 350 1 1 0
0.107978 350 350 1 1 0
0.108083 350 350 1 1 0
0.108188 350 350 1 1 0
0.108293 350 350 1 1 0
0.108399 350 350 1 1 0
0.108504 350 350 1 1 0
0.108609 350 350 1 1 0
0.108715 350 350 1 1 0
0.10882 350 350 1 1 0
0.108925 350 350 1 1 0
0.109031 350 350 1 1 0
0.109136 350 350 1 1 0
0.109241 350 350 1 1 0
0.109347 350 350 1 1 0
0.109452 350 350 1 1 0
0.109557 350 350 1 1 0
0.109663 350 350 1 1 0
0.109768 350 350 1 1 0
0.109873 350 350 1 1 0
0.109979 350 350 1 1 0
0.110084 350 350 1 1 0
0.110189 350 350 1 1 0
0.110295 350 350 1 1 0
0.1104 350 350 1 1 0
0.110505 350 350 1 1 0
0.110611 350 350 1 1 0
0.110716 350 350 1 1 0
0.110821 350 350 1 1 0
0.110927 350 350 1 1 0
0.111032 350 350 1 1 0
0.111137 350 350 1 1 0
0.111243 350 350 1 1 0
0.111348 350 350 1 1 0
0.111454 350 350 1 1 0
0.111559 350 350 1 1 0
0.111664 350 350 1 1 0
0.11177 350 350 1 1 0
0.111875 350 350 1 1 0
0.11198 350 350 1 1 0
0.112086 350 350 1 1 0
0.112191 350 350 1 1 0
0.112297 350 350 1 1 0
0.112402 350 350 1 1 0
0.112507 350 350 1 1 0
0.112613 350 350 1 1 0
0.112718 350 350 1 1 0
0.112824 350 350 1 1 0
0.112929 350 350 1 1 0
0.113035 350 350 1 1 0
0.11314 350 350 1 1 0
0.113245 350 350 1 1 0
0.113351 350 350 1 1 0
0.113456 350 350 1 1 0
0.113562 350 350 1 1 0
0.113667 350 350 1 1 0
0.113773 350 350 1 1 0
0.113878 350 350 1 1 0
0.113983 350 350 1 1 0
0.114089 350 350 1 1 0
0.114194 350 350 1 1 0
0.1143 350 350 1 1 0
0.114405 350 350 1 1 0
0.114511 350 350 1 1 0
0.114616 350 350 1 1 0
0.114721 350 350 1 1 0
0.114827 350 350 1 1 0
0.114932 350 350 1 1 0
0.115038 350 350 1 1 0
0.115143 350 350 1 1 0
0.115249 350 350 1 1 0
0.115354 350 350 1 1 0
0.11546 350 350 1 1 0
0.115565 350 350 1 1 0
0.115671 350 350 1 1 0
0.115776 350 350 1 1 0
0.115882 350 350 1 1 0
0.115987 350 350 1 1 0
0.116093 350 350 1 1 0
0.116198 350 350 1 1 0
0.116303 350 350 1 1 0
0.116409 350 350 1 1 0
0.116514 350 350 1 1 0
0.11662 350 350 1 1 0
0.116725 350 350 1 1 0
0.116831 350 350 1 1 0
0.116936 350 350 1 1 0
0.117042 350 350 1 1 0
0.117147 350 350 1 1 0
0.117253 350 350 1 1 0
0.117358 350 350 1 1 0
0.117464 350 350 1 1 0
0.117569 350 350 1 1 0
0.117675 350 350 1 1 0
0.11778 350 350 1 1 0
0.117886 350 350 1 1 0
0.117991 350 350 1 1 0
0.118097 350 350 1 1 0
0.118202 350 350 1 1 0
0.118308 350 350 1 1 0
0.118413 350 350 1 1 0
0.118519 350 350 1 1 0
0.118625 350 350 1 1 0
0.11873 350 350 1 1 0
0.118836 350 350 1 1 0
0.118941 350 350 1 1 0
0.119047 350 350 1 1 0
0.119152 350 350 1 1 0
0.119258 350 350 1 1 0
0.119363 350 350 1 1 0
0.119469 350 350 1 1 0
0.119574 350 350 1 1 0
0.11968 350 350 1 1 0
0.119785 350 350 1 1 0
0.119891 350 350 1 1 0
0.119996 350 350 1 1 0
0.120102 350 350 1 1 0
0.120207 350 350 1 1 0
0.120313 350 350 1 1 0
0.120419 350 350 1 1 0
0.120524 350 350 1 1 0
0.12063 350 350 1 1 0
0.120735 350 350 1 1 0
0.120841 350 350 1 1 0
0.120946 350 350 1 1 0
0.121052 350 350 1 1 0
0.121157 350 350 1 1 0
0.121263 350 350 1 1 0
0.121369 350 350 1 1 0
0.121474 350 350 1 1 0
0.12158 350 350 1 1 0
0.121685 350 350 1 1 0
0.121791 350 350 1 1 0
0.121896 350 350 1 1 0
0.122002 350 350 1 1 0
0.122107 350 350 1 1 0
0.122213 350 350 1 1 0
0.122319 350 350 1 1 0
0.122424 350 350 1 1 0
0.12253 350 350 1 1 0
0.122635 350 350 1 1 0
0.122741 350 350 1 1 0
0.122847 350 350 1 1 0
0.122952 350 350 1 1 0
0.123058 350 350 1 1 0
0.123163 350 350 1 1 0
0.123269 350 350 1 1 0
0.123374 350 350 1 1 0
0.12348 350 350 1 1 0
0.123586 350 350 1 1 0
0.123691 350 350 1 1 0
0.123797 350 350 1 1 0
0.123902 350 350 1 1 0
0.124008 350 350 1 1 0
0.124114 350 350 1 1 0
0.124219 350 350 1 1 0
0.124325 350 350 1 1 0
0.12443 350 350 1 1 0
0.124536 350 350 1 1 0
0.124641 350 350 1 1 0
0.124747 350 350 1 1 0
0.124853 350 350 1 1 0
0.124958 350 350 1 1 0
0.125064 350 350 1 1 0
0.12517 350 350 1 1 0
0.125275 350 350 1 1 0
0.125381 350 350 1 1 0
0.125486 350 350 1 1 0
0.125592 350 350 1 1 0
0.125698 350 350 1 1 0
0.125803 350 350 1 1 0
0.125909 350 350 1 1 0
0.126014 350 350 1 1 0
0.12612 350 350 1 1 0
0.126226 350 350 1 1 0
0.126331 350 350 1 1 0
0.126437 350 350 1 1 0
0.126542 350 350 1 1 0
0.126648 350 350 1 1 0
0.126754 350 350 1 1 0
0.126859 350 350 1 1 0
0.126965 350 350 1 1 0
0.127071 350 350 1 1 0
0.127176 350 350 1 1 0
0.127282 350 350 1 1 0
0.127387 350 350 1 1 0
0.127493 350 350 1 1 0
0.127599 350 350 1 1 0
0.127704 350 350 1 1 0
0.12781 350 350 1 1 0
0.127916 350 350 1 1 0
0.128021 350 350 1 1 0
0.128127 350 350 1 1 0
0.128232 350 350 1 1 0
0.128338 350 350 1 1 0
0.128444 350 350 1 1 0
0.128549 350 350 1 1 0
0.128655 350 350 1 1 0
0.128761 350 350 1 1 0
0.128866 350 350 1 1 0
0.128972 350 350 1 1 0
0.129078 350 350 1 1 0
0.129183 350 350 1 1 0
0.129289 350 350 1 1 0
0.129394 350 350 1 1 0
0.1295 350 350 1 1 0
0.129606 350 350 1 1 0
0.129711 350 350 1 1 0
0.129817 350 350 1 1 0
0.129923 350 350 1 1 0
0.130028 350 350 1 1 0
0.130134 350 350 1 1 0
0.13024 350 350 1 1 0
0.130345 350 350 1 1 0
0.130451 350 350 1 1 0
0.130557 350 350 1 1 0
0.130662 350 350 1 1 0
0.130768 350 350 1 1 0
0.130874 350 350 1 1 0
0.130979 350 350 1 1 0
0.131085 350 350 1 1 0
0.131191 350 350 1 1 0
0.131296 350 350 1 1 0
0.131402 350 350 1 1 0
0.131508 350 350 1 1 0
0.131613 350 350 1 1 0
0.131719 350 350 1 1 0
0.131825 350 350 1 1 0
0.13193 350 350 1 1 0
0.132036 350 350 1 1 0
0.132142 350 350 1 1 0
0.132247 350 350 1 1 0
0.132353 350 350 1 1 0
0.132459 350 350 1 1 0
0.132564 350 350 1 1 0
0.13267 350 350 1 1 0
0.132776 350 350 1 1 0
0.132881 350 350 1 1 0
0.132987 350 350 1 1 0
0.133093 350 350 1 1 0
0.133198 350 350 1 1 0
0.133304 350 350 1 1 0
0.13341 350 350 1 1 0
0.133515 350 350 1 1 0
0.133621 350 350 1 1 0
0.133727 350 350 1 1 0
0.133832 350 350 1 1 0
0.133938 350 350 1 1 0
0.134044 350 350 1 1 0
0.134149 350 350 1 1 0
0.134255 350 350 1 1 0
0.134361 350 350 1 1 0
0.134466 350 350 1 1 0
0.134572 350 350 1 1 0
0.134678 350 350 1 1 0
0.134783 350 350 1 1 0
0.134889 350 350 1 1 0
0.134995 350 350 1 1 0
0.1351 350 350 1 1 0
0.135206 350 350 1 1 0
0.135312 350 350 1 1 0
0.135417 350 350 1 1 0
0.135523 350 350 1 1 0
0.135629 350 350 1 1 0
0.135735 350 350 1 1 0
0.13584 350 350 1 1 0
0.135946 350 350 1 1 0
0.136052 350 350 1 1 0
0.136157 350 350 1 1 0
0.136263 350 350 1 1 0
0.136369 350 350 1 1 0
0.136474 350 350 1 1 0
0.13658 350 350 1 1 0
0.136686 350 350 1 1 0
0.136791 350 350 1 1 0
0.136897 350 350 1 1 0
0.137003 350 350 1 1 0
0.137109 350 350 1 1 0
0.137214 350 350 1 1 0
0.13732 350 350 1 1 0
0.137426 350 350 1 1 0
0.137531 350 350 1 1 0
0.137637 350 350 1 1 0
0.137743 350 350 1 1 0
0.137848 350 350 1 1 0
0.137954 350 350 1 1 0
0.13806 350 350 1 1 0
0.138166 350 350 1 1 0
0.138271 350 350 1 1 0
0.138377 350 350 1 1 0
0.138483 350 350 1 1 0
0.138588 350 350 1 1 0
0.138694 350 350 1 1 0
0.1388 350 350 1 1 0
0.138906 350 350 1 1 0
0.139011 350 350 1 1 0
0.139117 350 350 1 1 0
0.139223 350 350 1 1 0
0.139328 350 350 1 1 0
0.139434 350 350 1 1 0
0.13954 350 350 1 1 0
0.139645 350 350 1 1 0
0.139751 350 350 1 1 0
0.139857 350 350 1 1 0
0.139963 350 350 1 1 0
0.140068 350 350 1 1 0
0.140174 350 350 1 1 0
0.14028 350 350 1 1 0
0.140385 350 350 1 1 0
0.140491 350 350 1 1 0
0.140597 350 350 1 1 0
0.140703 350 350 1 1 0
0.140808 350 350 1 1 0
0.140914 350 350 1 1 0
0.14102 350 350 1 1 0
0.141125 350 350 1 1 0
0.141231 350 350 1 1 0
0.141337 350 350 1 1 0
0.141443 350 350 1 1 0
0.141548 350 350 1 1 0
0.141654 350 350 1 1 0
0.14176 350 350 1 1 0
0.141866 350 350 1 1 0
0.141971 350 350 1 1 0
0.142077 350 350 1 1 0
0.142183 350 350 1 1 0
0.142288 350 350 1 1 0
0.142394 350 350 1 1 0
0.1425 350 350 1 1 0
0.142606 350 350 1 1 0
0.142711 350 350 1 1 0
0.142817 350 350 1 1 0
0.142923 350 350 1 1 0
0.143028 350 350 1 1 0
0.143134 350 350 1 1 0
0.14324 350 350 1 1 0
0.143346 350 350 1 1 0
0.143451 350 350 1 1 0
0.143557 350 350 1 1 0
0.143663 350 350 1 1 0
0.143769 350 350 1 1 0
0.143874 350 350 1 1 0
0.14398 350 350 1 1 0
0.144086 350 350 1 1 0
0.144192 350 350 1 1 0
0.144297 350 350 1 1 0
0.144403 350 350 1 1 0
0.144509 350 350 1 1 0
0.144614 350 350 1 1 0
0.14472 350 350 1 1 0
0.144826 350 350 1 1 0
0.144932 350 350 1 1 0
0.145037 350 350 1 1 0
0.145143 350 350 1 1 0
0.145249 350 350 1 1 0
0.145355 350 350 1 1 0
0.14546 350 350 1 1 0
0.145566 350 350 1 1 0
0.145672 350 350 1 1 0
0.145778 350 350 1 1 0
0.145883 350 350 1 1 0
0.145989 350 350 1 1 0
0.146095 350 350 1 1 0
0.146201 350 350 1 1 0
0.146306 350 350 1 1 0
0.146412 350 350 1 1 0
0.146518 350 350 1 1 0
0.146623 350 350 1 1 0
0.146729 350 350 1 1 0
0.146835 350 350 1 1 0
0.146941 350 350 1 1 0
0.147046 350 350 1 1 0
0.147152 350 350 1 1 0
0.147258 350 350 1 1 0
0.147364 350 350 1 1 0
0.147469 350 350 1 1 0
0.147575 350 350 1 1 0
0.147681 350 350 1 1 0
0.147787 350 350 1 1 0
0.147892 350 350 1 1 0
0.147998 350 350 1 1 0
0.148104 350 350 1 1 0
0.14821 350 350 1 1 0
0.148315 350 350 1 1 0
0.148421 350 350 1 1 0
0.148527 350 350 1 1 0
0.148633 350 350 1 1 0
0.148738 350 350 1 1 0
0.148844 350 350 1 1 0
0.14895 350 350 1 1 0
0.149056 350 350 1 1 0
0.149161 350 350 1 1 0
0.149267 350 350 1 1 0
0.149373 350 350 1 1 0
0.149479 350 350 1 1 0
0.149584 350 350 1 1 0
0.14969 350 350 1 1 0
0.149796 350 350 1 1 0
0.149902 350 350 1 1 0
0.150007 350 350 1 1 0
0.03 350 350 2 1 0
0.0299986 350 350 1 1 0
0.0299971 350 350 1 1 0
0.0299942 350 350 1 1 0
0.0299885 350 350 1 1 0
0.0299769 350 350 1 1 0
0.0299589 350 350 1 1 0
0.029941 350 350 1 1 0
0.029923 350 350 1 1 0
0.0299051 350 350 1 1 0
0.0298872 350 350 1 1 0
0.0298693 350 350 1 1 0
0.0298514 350 350 1 1 0
0.0298336 350 350 1 1 0
0.0298158 350 350 1 1 0
0.029798 350 350 1 1 0
0.0297802 350 350 1 1 0
0.0297625 350 350 1 1 0
0.0297447 350 350 1 1 0
0.029727 350 350 1 1 0
0.0297093 350 350 1 1 0
0.0296917 350 350 1 1 0
0.029674 350 350 1 1 0
0.0296564 350 350 1 1 0
0.0296388 350 350 1 1 0
0.0296212 350 350 1 1 0
0.0296037 350 350 1 1 0
0.0295861 350 350 1 1 0
0.0295686 350 350 1 1 0
0.0295511 350 350 1 1 0
0.0295336 350 350 1 1 0
0.0295162 350 350 1 1 0
0.0294987 350 350 1 1 0
0.0294813 350 350 1 1 0
0.0294639 350 350 1 1 0
0.0294466 350 350 1 1 0
0.0294292 350 350 1 1 0
0.0294119 350 350 1 1 0
0.0293946 350 350 1 1 0
0.0293773 350 350 1 1 0
0.02936 350 350 1 1 0
0.0293428 350 350 1 1 0
0.0293256 350 350 1 1 0
0.0293084 350 350 1 1 0
0.0292912 350 350 1 1 0
0.029274 350 350 1 1 0
0.0292569 350 350 1 1 0
0.0292398 350 350 1 1 0
0.0292227 350 350 1 1 0
0.0292056 350 350 1 1 0
0.0291885 350 350 1 1 0
0.0291715 350 350 1 1 0
0.0291545 350 350 1 1 0
0.0291375 350 350 1 1 0
0.0291205 350 350 1 1 0
0.0291036 350 350 1 1 0
0.0290866 350 350 1 1 0
0.0290697 350 350 1 1 0
0.0290528 350 350 1 1 0
0.0290359 350 350 1 1 0
0.0290191 350 350 1 1 0
0.0290023 350 350 1 1 0
0.0289854 350 350 1 1 0
0.0289687 350 350 1 1 0
0.0289519 350 350 1 1 0
0.0289351 350 350 1 1 0
0.0289184 350 350 1 1 0
0.0289017 350 350 1 1 0
0.028885 350 350 1 1 0
0.0288683 350 350 1 1 0
0.0288517 350 350 1 1 0
0.028835 350 350 1 1 0
0.0288184 350 350 1 1 0
0.0288018 350 350 1 1 0
0.0287853 350 350 1 1 0
0.0287687 350 350 1 1 0
0.0287522 350 350 1 1 0
0.0287357 350 350 1 1 0
0.0287192 350 350 1 1 0
0.0287027 350 350 1 1 0
0.0286863 350 350 1 1 0
0.0286698 350 350 1 1 0
0.0286534 350 350 1 1 0
0.028637 350 350 1 1 0
0.0286207 350 350 1 1 0
0.0286043 350 350 1 1 0
0.028588 350 350 1 1 0
0.0285717 350 350 1 1 0
0.0285554 350 350 1 1 0
0.0285391 350 350 1 1 0
0.0285228 350 350 1 1 0
0.0285066 350 350 1 1 0
0.0284904 350 350 1 1 0
0.0284742 350 350 1 1 0
0.028458 350 350 1 1 0
0.0284419 350 350 1 1 0
0.0284257 350 350 1 1 0
0.0284096 350 350 1 1 0
0.0283935 350 350 1 1 0
0.0283774 350 350 1 1 0
0.0283614 350 350 1 1 0
0.0283453 350 350 1 1 0
0.0283293 350 350 1 1 0
0.0283133 350 350 1 1 0
0.0282973 350 350 1 1 0
0.0282814 350 350 1 1 0
0.0282654 350 350 1 1 0
0.0282495 350 350 1 1 0
0.0282336 350 350 1 1 0
0.0282177 350 350 1 1 0
0.0282018 350 350 1 1 0
0.028186 350 350 1 1 0
0.0281702 350 350 1 1 0
0.0281544 350 350 1 1 0
0.0281386 350 350 1 1 0
0.0281228 350 350 1 1 0
0.028107 350 350 1 1 0
0.0280913 350 350 1 1 0
0.0280756 350 350 1 1 0
0.0280599 350 350 1 1 0
0.0280442 350 350 1 1 0
0.0280286 350 350 1 1 0
0.0280129 350 350 1 1 0
0.0279973 350 350 1 1 0
0.0279817 350 350 1 1 0
0.0279662 350 350 1 1 0
0.0279506 350 350 1 1 0
0.0279351 350 350 1 1 0
0.0279195 350 350 1 1 0
0.027904 350 350 1 1 0
0.0278885 350 350 1 1 0
0.0278731 350 350 1 1 0
0.0278576 350 350 1 1 0
0.0278422 350 350 1 1 0
0.0278268 350 350 1 1 0
0.0278114 350 350 1 1 0
0.027796 350 350 1 1 0
0.0277807 350 350 1 1 0
0.0277654 350 350 1 1 0
0.0277501 350 350 1 1 0
0.0277348 350 350 1 1 0
0.0277195 350 350 1 1 0
0.0277042 350 350 1 1 0
0.027689 350 350 1 1 0
0.0276738 350 350 1 1 0
0.0276586 350 350 1 1 0
0.0276434 350 350 1 1 0
0.0276282 350 350 1 1 0
0.0276131 350 350 1 1 0
0.027598 350 350 1 1 0
0.0275829 350 350 1 1 0
0.0275678 350 350 1 1 0
0.0275527 350 350 1 1 0
0.0275377 350 350 1 1 0
0.0275226 350 350 1 1 0
0.0275076 350 350 1 1 0
0.0274926 350 350 1 1 0
0.0274776 350 350 1 1 0
0.0274627 350 350 1 1 0
0.0274478 350 350 1 1 0
0.0274328 350 350 1 1 0
0.0274179 350 350 1 1 0
0.0274031 350 350 1 1 0
0.0273882 350 350 1 1 0
0.0273733 350 350 1 1 0
0.0273585 350 350 1 1 0
0.0273437 350 350 1 1 0
0.0273289 350 350 1 1 0
0.0273142 350 350 1 1 0
0.0272994 350 350 1 1 0
0.0272847 350 350 1 1 0
0.02727 350 350 1 1 0
0.0272553 350 350 1 1 0
0.0272406 350 350 1 1 0
0.0272259 350 350 1 1 0
0.0272113 350 350 1 1 0
0.0271967 350 350 1 1 0
0.0271821 350 350 1 1 0
0.0271675 350 350 1 1 0
0.0271529 350 350 1 1 0
0.0271384 350 350 1 1 0
0.0271239 350 350 1 1 0
0.0271094 350 350 1 1 0
0.0270949 350 350 1 1 0
0.0270804 350 350 1 1 0
0.0270659 350 350 1 1 0
0.0270515 350 350 1 1 0
0.0270371 350 350 1 1 0
0.0270227 350 350 1 1 0
0.0270083 350 350 1 1 0
0.026994 350 350 1 1 0
0.0269796 350 350 1 1 0
0.0269653 350 350 1 1 0
0.026951 350 350 1 1 0
0.0269367 350 350 1 1 0
0.0269225 350 350 1 1 0
0.0269082 350 350 1 1 0
0.026894 350 350 1 1 0
0.0268798 350 350 1 1 0
0.0268656 350 350 1 1 0
0.0268514 350 350 1 1 0
0.0268373 350 350 1 1 0
0.0268231 350 350 1 1 0
0.026809 350 350 1 1 0
0.0267949 350 350 1 1 0
0.0267808 350 350 1 1 0
0.0267668 350 350 1 1 0
0.0267527 350 350 1 1 0
0.0267387 350 350 1 1 0
0.0267247 350 350 1 1 0
0.0267107 350 350 1 1 0
0.0266967 350 350 1 1 0
0.0266828 350 350 1 1 0
0.0266688 350 350 1 1 0
0.0266549 350 350 1 1 0
0.026641 350 350 1 1 0
0.0266272 350 350 1 1 0
0.0266133 350 350 1 1 0
0.0265995 350 350 1 1 0
0.0265857 350 350 1 1 0
0.0265718 350 350 1 1 0
0.0265581 350 350 1 1 0
0.0265443 350 350 1 1 0
0.0265306 350 350 1 1 0
0.0265168 350 350 1 1 0
0.0265031 350 350 1 1 0
0.0264894 350 350 1 1 0
0.0264758 350 350 1 1 0
0.0264621 350 350 1 1 0
0.0264485 350 350 1 1 0
0.0264349 350 350 1 1 0
0.0264213 350 350 1 1 0
0.0264077 350 350 1 1 0
0.0263941 350 350 1 1 0
0.0263806 350 350 1 1 0
0.0263671 350 350 1 1 0
0.0263536 350 350 1 1 0
0.0263401 350 350 1 1 0
0.0263266 350 350 1 1 0
0.0263132 350 350 1 1 0
0.0262997 350 350 1 1 0
0.0262863 350 350 1 1 0
0.0262729 350 350 1 1 0
0.0262596 350 350 1 1 0
0.0262462 350 350 1 1 0
0.0262329 350 350 1 1 0
0.0262196 350 350 1 1 0
0.0262063 350 350 1 1 0
0.026193 350 350 1 1 0
0.0261797 350 350 1 1 0
0.0261665 350 350 1 1 0
0.0261533 350 350 1 1 0
0.0261401 350 350 1 1 0
0.0261269 350 350 1 1 0
0.0261137 350 350 1 1 0
0.0261006 350 350 1 1 0
0.0260874 350 350 1 1 0
0.0260743 350 350 1 1 0
0.0260612 350 350 1 1 0
0.0260482 350 350 1 1 0
0.0260351 350 350 1 1 0
0.0260221 350 350 1 1 0
0.026009 350 350 1 1 0
0.0259961 350 350 1 1 0
0.0259831 350 350 1 1 0
0.0259701 350 350 1 1 0
0.0259572 350 350 1 1 0
0.0259442 350 350 1 1 0
0.0259313 350 350 1 1 0
0.0259185 350 350 1 1 0
0.0259056 350 350 1 1 0
0.0258928 350 350 1 1 0
0.0258799 350 350 1 1 0
0.0258671 350 350 1 1 0
0.0258543 350 350 1 1 0
0.0258416 350 350 1 1 0
0.0258288 350 350 1 1 0
0.0258161 350 350 1 1 0
0.0258034 350 350 1 1 0
0.0257907 350 350 1 1 0
0.025778 350 350 1 1 0
0.0257653 350 350 1 1 0
0.0257527 350 350 1 1 0
0.0257401 350 350 1 1 0
0.0257275 350 350 1 1 0
0.0257149 350 350 1 1 0
0.0257023 350 350 1 1 0
0.0256898 350 350 1 1 0
0.0256773 350 350 1 1 0
0.0256648 350 350 1 1 0
0.0256523 350 350 1 1 0
0.0256398 350 350 1 1 0
0.0256274 350 350 1 1 0
0.0256149 350 350 1 1 0
0.0256025 350 350 1 1 0
0.0255901 350 350 1 1 0
0.0255778 350 350 1 1 0
0.0255654 350 350 1 1 0
0.0255531 350 350 1 1 0
0.0255408 350 350 1 1 0
0.0255285 350 350 1 1 0
0.0255162 350 350 1 1 0
0.0255039 350 350 1 1 0
0.0254917 350 350 1 1 0
0.0254795 350 350 1 1 0
0.0254673 350 350 1 1 0
0.0254551 350 350 1 1 0
0.0254429 350 350 1 1 0
0.0254308 350 350 1 1 0
0.0254187 350 350 1 1 0
0.0254066 350 350 1 1 0
0.0253945 350 350 1 1 0
0.0253824 350 350 1 1 0
0.0253704 350 350 1 1 0
0.0253584 350 350 1 1 0
0.0253464 350 350 1 1 0
0.0253344 350 350 1 1 0
0.0253224 350 350 1 1 0
0.0253105 350 350 1 1 0
0.0252985 350 350 1 1 0
0.0252866 350 350 1 1 0
0.0252747 350 350 1 1 0
0.0252629 350 350 1 1 0
0.025251 350 350 1 1 0
0.0252392 350 350 1 1 0
0.0252274 350 350 1 1 0
0.0252156 350 350 1 1 0
0.0252038 350 350 1 1 0
0.0251921 350 350 1 1 0
0.0251803 350 350 1 1 0
0.0251686 350 350 1 1 0
0.0251569 350 350 1 1 0
0.0251453 350 350 1 1 0
0.0251336 350 350 1 1 0
0.025122 350 350 1 1 0
0.0251104 350 350 1 1 0
0.0250988 350 350 1 1 0
0.0250872 350 350 1 1 0
0.0250756 350 350 1 1 0
0.0250641 350 350 1 1 0
0.0250526 350 350 1 1 0
0.0250411 350 350 1 1 0
0.0250296 350 350 1 1 0
0.0250182 350 350 1 1 0
0.0250067 350 350 1 1 0
0.0249953 350 350 1 1 0
0.0249839 350 350 1 1 0
0.0249725 350 350 1 1 0
0.0249612 350 350 1 1 0
0.0249498 350 350 1 1 0
0.0249385 350 350 1 1 0
0.0249272 350 350 1 1 0
0.024916 350 350 1 1 0
0.0249047 350 350 1 1 0
0.0248935 350 350 1 1 0
0.0248822 350 350 1 1 0
0.024871 350 350 1 1 0
0.0248599 350 350 1 1 0
0.0248487 350 350 1 1 0
0.0248376 350 350 1 1 0
0.0248265 350 350 1 1 0
0.0248154 350 350 1 1 0
0.0248043 350 350 1 1 0
0.0247932 350 350 1 1 0
0.0247822 350 350 1 1 0
0.0247712 350 350 1 1 0
0.0247602 350 350 1 1 0
0.0247492 350 350 1 1 0
0.0247383 350 350 1 1 0
0.0247273 350 350 1 1 0
0.0247164 350 350 1 1 0
0.0247055 350 350 1 1 0
0.0246946 350 350 1 1 0
0.0246838 350 350 1 1 0
0.024673 350 350 1 1 0
0.0246621 350 350 1 1 0
0.0246514 350 350 1 1 0
0.0246406 350 350 1 1 0
0.0246298 350 350 1 1 0
0.0246191 350 350 1 1 0
0.0246084 350 350 1 1 0
0.0245977 350 350 1 1 0
0.024587 350 350 1 1 0
0.0245764 350 350 1 1 0
0.0245658 350 350 1 1 0
0.0245552 350 350 1 1 0
0.0245446 350 350 1 1 0
0.024534 350 350 1 1 0
0.0245235 350 350 1 1 0
0.0245129 350 350 1 1 0
0.0245024 350 350 1 1 0
0.024492 350 350 1 1 0
0.0244815 350 350 1 1 0
0.0244711 350 350 1 1 0
0.0244606 350 350 1 1 0
0.0244502 350 350 1 1 0
0.0244399 350 350 1 1 0
0.0244295 350 350 1 1 0
0.0244192 350 350 1 1 0
0.0244089 350 350 1 1 0
0.0243986 350 350 1 1 0
0.0243883 350 350 1 1 0
0.024378 350 350 1 1 0
0.0243678 350 350 1 1 0
0.0243576 350 350 1 1 0
0.0243474 350 350 1 1 0
0.0243372 350 350 1 1 0
0.0243271 350 350 1 1 0
0.024317 350 350 1 1 0
0.0243069 350 350 1 1 0
0.0242968 350 350 1 1 0
0.0242867 350 350 1 1 0
0.0242767 350 350 1 1 0
0.0242667 350 350 1 1 0
0.0242567 350 350 1 1 0
0.0242467 350 350 1 1 0
0.0242367 350 350 1 1 0
0.0242268 350 350 1 1 0
0.0242169 350 350 1 1 0
0.024207 350 350 1 1 0
0.0241971 350 350 1 1 0
0.0241873 350 350 1 1 0
0.0241775 350 350 1 1 0
0.0241677 350 350 1 1 0
0.0241579 350 350 1 1 0
0.0241481 350 350 1 1 0
0.0241384 350 350 1 1 0
0.0241287 350 350 1 1 0
0.024119 350 350 1 1 0
0.0241093 350 350 1 1 0
0.0240996 350 350 1 1 0
0.02409 350 350 1 1 0
0.0240804 350 350 1 1 0
0.0240708 350 350 1 1 0
0.0240612 350 350 1 1 0
0.0240517 350 350 1 1 0
0.0240422 350 350 1 1 0
0.0240327 350 350 1 1 0
0.0240232 350 350 1 1 0
0.0240138 350 350 1 1 0
0.0240043 350 350 1 1 0
0.0239949 350 350 1 1 0
0.0239855 350 350 1 1 0
0.0239762 350 350 1 1 0
0.0239668 350 350 1 1 0
0.0239575 350 350 1 1 0
0.0239482 350 350 1 1 0
0.0239389 350 350 1 1 0
0.0239297 350 350 1 1 0
0.0239204 350 350 1 1 0
0.0239112 350 350 1 1 0
0.023902 350 350 1 1 0
0.0238929 350 350 1 1 0
0.0238837 350 350 1 1 0
0.0238746 350 350 1 1 0
0.0238655 350 350 1 1 0
0.0238565 350 350 1 1 0
0.0238474 350 350 1 1 0
0.0238384 350 350 1 1 0
0.0238294 350 350 1 1 0
0.0238204 350 350 1 1 0
0.0238114 350 350 1 1 0
0.0238025 350 350 1 1 0
0.0237936 350 350 1 1 0
0.0237847 350 350 1 1 0
0.0237758 350 350 1 1 0
0.023767 350 350 1 1 0
0.0237582 350 350 1 1 0
0.0237494 350 350 1 1 0
0.0237406 350 350 1 1 0
0.0237318 350 350 1 1 0
0.0237231 350 350 1 1 0
0.0237144 350 350 1 1 0
0.0237057 350 350 1 1 0
0.023697 350 350 1 1 0
0.0236884 350 350 1 1 0
0.0236798 350 350 1 1 0
0.0236712 350 350 1 1 0
0.0236626 350 350 1 1 0
0.0236541 350 350 1 1 0
0.0236456 350 350 1 1 0
0.0236371 350 350 1 1 0
0.0236286 350 350 1 1 0
0.0236202 350 350 1 1 0
0.0236117 350 350 1 1 0
0.0236033 350 350 1 1 0
0.023595 350 350 1 1 0
0.0235866 350 350 1 1 0
0.0235783 350 350 1 1 0
0.02357 350 350 1 1 0
0.0235617 350 350 1 1 0
0.0235535 350 350 1 1 0
0.0235452 350 350 1 1 0
0.023537 350 350 1 1 0
0.0235288 350 350 1 1 0
0.0235207 350 350 1 1 0
0.0235125 350 350 1 1 0
0.0235044 350 350 1 1 0
0.0234963 350 350 1 1 0
0.0234883 350 350 1 1 0
0.0234802 350 350 1 1 0
0.0234722 350 350 1 1 0
0.0234642 350 350 1 1 0
0.0234563 350 350 1 1 0
0.0234483 350 350 1 1 0
0.0234404 350 350 1 1 0
0.0234325 350 350 1 1 0
0.0234247 350 350 1 1 0
0.0234168 350 350 1 1 0
0.023409 350 350 1 1 0
0.0234012 350 350 1 1 0
0.0233934 350 350 1 1 0
0.0233857 350 350 1 1 0
0.023378 350 350 1 1 0
0.0233703 350 350 1 1 0
0.0233626 350 350 1 1 0
0.023355 350 350 1 1 0
0.0233474 350 350 1 1 0
0.0233398 350 350 1 1 0
0.0233322 350 350 1 1 0
0.0233247 350 350 1 1 0
0.0233172 350 350 1 1 0
0.0233097 350 350 1 1 0
0.0233022 350 350 1 1 0
0.0232948 350 350 1 1 0
0.0232874 350 350 1 1 0
0.02328 350 350 1 1 0
0.0232726 350 350 1 1 0
0.0232653 350 350 1 1 0
0.023258 350 350 1 1 0
0.0232507 350 350 1 1 0
0.0232435 350 350 1 1 0
0.0232362 350 350 1 1 0
0.023229 350 350 1 1 0
0.0232219 350 350 1 1 0
0.0232147 350 350 1 1 0
0.0232076 350 350 1 1 0
0.0232005 350 350 1 1 0
0.0231934 350 350 1 1 0
0.0231864 350 350 1 1 0
0.0231794 350 350 1 1 0
0.0231724 350 350 1 1 0
0.0231654 350 350 1 1 0
0.0231585 350 350 1 1 0
0.0231516 350 350 1 1 0
0.0231447 350 350 1 1 0
0.0231378 350 350 1 1 0
0.023131 350 350 1 1 0
0.0231242 350 350 1 1 0
0.0231174 350 350 1 1 0
0.0231107 350 350 1 1 0
0.023104 350 350 1 1 0
0.0230973 350 350 1 1 0
0.0230906 350 350 1 1 0
0.023084 350 350 1 1 0
0.0230774 350 350 1 1 0
0.0230708 350 350 1 1 0
0.0230642 350 350 1 1 0
0.0230577 350 350 1 1 0
0.0230512 350 350 1 1 0
0.0230447 350 350 1 1 0
0.0230383 350 350 1 1 0
0.0230319 350 350 1 1 0
0.0230255 350 350 1 1 0
0.0230191 350 350 1 1 0
0.0230128 350 350 1 1 0
0.0230065 350 350 1 1 0
0.0230002 350 350 1 1 0
0.022994 350 350 1 1 0
0.0229878 350 350 1 1 0
0.0229816 350 350 1 1 0
0.0229755 350 350 1 1 0
0.0229693 350 350 1 1 0
0.0229632 350 350 1 1 0
0.0229572 350 350 1 1 0
0.0229511 350 350 1 1 0
0.0229451 350 350 1 1 0
0.0229391 350 350 1 1 0
0.0229332 350 350 1 1 0
0.0229273 350 350 1 1 0
0.0229214 350 350 1 1 0
0.0229155 350 350 1 1 0
0.0229097 350 350 1 1 0
0.0229039 350 350 1 1 0
0.0228981 350 350 1 1 0
0.0228924 350 350 1 1 0
0.0228866 350 350 1 1 0
0.022881 350 350 1 1 0
0.0228753 350 350 1 1 0
0.0228697 350 350 1 1 0
0.0228641 350 350 1 1 0
0.0228585 350 350 1 1 0
0.022853 350 350 1 1 0
0.0228475 350 350 1 1 0
0.022842 350 350 1 1 0
0.0228366 350 350 1 1 0
0.0228312 350 350 1 1 0
0.0228258 350 350 1 1 0
0.0228205 350 350 1 1 0
0.0228152 350 350 1 1 0
0.0228099 350 350 1 1 0
0.0228046 350 350 1 1 0
0.0227994 350 350 1 1 0
0.0227942 350 350 1 1 0
0.0227891 350 350 1 1 0
0.022784 350 350 1 1 0
0.0227789 350 350 1 1 0
0.0227738 350 350 1 1 0
0.0227688 350 350 1 1 0
0.0227638 350 350 1 1 0
0.0227588 350 350 1 1 0
0.0227539 350 350 1 1 0
0.022749 350 350 1 1 0
0.0227442 350 350 1 1 0
0.0227393 350 350 1 1 0
0.0227345 350 350 1 1 0
0.0227298 350 350 1 1 0
0.0227251 350 350 1 1 0
0.0227204 350 350 1 1 0
0.0227157 350 350 1 1 0
0.0227111 350 350 1 1 0
0.0227065 350 350 1 1 0
0.0227019 350 350 1 1 0
0.0226974 350 350 1 1 0
0.0226929 350 350 1 1 0
0.0226884 350 350 1 1 0
0.022684 350 350 1 1 0
0.0226796 350 350 1 1 0
0.0226753 350 350 1 1 0
0.022671 350 350 1 1 0
0.0226667 350 350 1 1 0
0.0226624 350 350 1 1 0
0.0226582 350 350 1 1 0
0.022654 350 350 1 1 0
0.0226499 350 350 1 1 0
0.0226458 350 350 1 1 0
0.0226417 350 350 1 1 0
0.0226377 350 350 1 1 0
0.0226337 350 350 1 1 0
0.0226297 350 350 1 1 0
0.0226258 350 350 1 1 0
0.0226219 350 350 1 1 0
0.022618 350 350 1 1 0
0.0226142 350 350 1 1 0
0.0226104 350 350 1 1 0
0.0226067 350 350 1 1 0
0.022603 350 350 1 1 0
0.0225993 350 350 1 1 0
0.0225957 350 350 1 1 0
0.0225921 350 350 1 1 0
0.0225885 350 350 1 1 0
0.022585 350 350 1 1 0
0.0225815 350 350 1 1 0
0.0225781 350 350 1 1 0
0.0225747 350 350 1 1 0
0.0225713 350 350 1 1 0
0.022568 350 350 1 1 0
0.0225647 350 350 1 1 0
0.0225615 350 350 1 1 0
0.0225583 350 350 1 1 0
0.0225551 350 350 1 1 0
0.022552 350 350 1 1 0
0.0225489 350 350 1 1 0
0.0225458 350 350 1 1 0
0.0225428 350 350 1 1 0
0.0225398 350 350 1 1 0
0.0225369 350 350 1 1 0
0.022534 350 350 1 1 0
0.0225312 350 350 1 1 0
0.0225284 350 350 1 1 0
0.0225256 350 350 1 1 0
0.0225229 350 350 1 1 0
0.0225202 350 350 1 1 0
0.0225175 350 350 1 1 0
0.0225149 350 350 1 1 0
0.0225124 350 350 1 1 0
0.0225099 350 350 1 1 0
0.0225074 350 350 1 1 0
0.022505 350 350 1 1 0
0.0225026 350 350 1 1 0
0.0225002 350 350 1 1 0
0.0224979 350 350 1 1 0
0.0224957 350 350 1 1 0
0.0224934 350 350 1 1 0
0.0224913 350 350 1 1 0
0.0224891 350 350 1 1 0
0.022487 350 350 1 1 0
0.022485 350 350 1 1 0
0.022483 350 350 1 1 0
0.0224811 350 350 1 1 0
0.0224792 350 350 1 1 0
0.0224773 350 350 1 1 0
0.0224755 350 350 1 1 0
0.0224737 350 350 1 1 0
0.022472 350 350 1 1 0
0.0224703 350 350 1 1 0
0.0224687 350 350 1 1 0
0.0224671 350 350 1 1 0
0.0224655 350 350 1 1 0
0.0224641 350 350 1 1 0
0.0224626 350 350 1 1 0
0.0224612 350 350 1 1 0
0.0224599 350 350 1 1 0
0.0224586 350 350 1 1 0
0.0224573 350 350 1 1 0
0.0224561 350 350 1 1 0
0.022455 350 350 1 1 0
0.0224538 350 350 1 1 0
0.0224528 350 350 1 1 0
0.0224518 350 350 1 1 0
0.0224508 350 350 1 1 0
0.0224499 350 350 1 1 0
0.0224491 350 350 1 1 0
0.0224483 350 350 1 1 0
0.0224475 350 350 1 1 0
0.0224468 350 350 1 1 0
0.0224461 350 350 1 1 0
0.0224455 350 350 1 1 0
0.022445 350 350 1 1 0
0.0224445 350 350 1 1 0
0.022444 350 350 1 1 0
0.0224436 350 350 1 1 0
0.0224433 350 350 1 1 0
0.022443 350 350 1 1 0
0.0224428 350 350 1 1 0
0.0224426 350 350 1 1 0
0.0224425 350 350 1 1 0
0.0224424 350 350 1 1 0
0.0224424 350 350 1 1 0
0.0224424 350 350 2 1 0
0.0224425 350 350 2 1 0
0.0224426 350 350 2 1 0
0.0224428 350 350 2 1 0
0.0224431 350 350 2 1 0
0.0224434 350 350 2 1 0
0.0224438 350 350 2 1 0
0.0224442 350 350 2 1 0
0.0224447 350 350 2 1 0
0.0224452 350 350 2 1 0
0.0224458 350 350 2 1 0
0.0224464 350 350 2 1 0
0.0224472 350 350 2 1 0
0.0224479 350 350 2 1 0
0.0224488 350 350 2 1 0
0.0224496 350 350 2 1 0
0.0224506 350 350 2 1 0
0.0224516 350 350 2 1 0
0.0224527 350 350 2 1 0
0.0224538 350 350 2 1 0
0.022455 350 350 2 1 0
0.0224563 350 350 2 1 0
0.0224576 350 350 2 1 0
0.022459 350 350 2 1 0
0.0224604 350 350 2 1 0
0.0224619 350 350 2 1 0
0.0224635 350 350 2 1 0
0.0224652 350 350 2 1 0
0.0224669 350 350 2 1 0
0.0224686 350 350 2 1 0
0.0224705 350 350 2 1 0
0.0224724 350 350 2 1 0
0.0224743 350 350 2 1 0
0.0224764 350 350 2 1 0
0.0224785 350 350 2 1 0
0.0224806 350 350 2 1 0
0.0224829 350 350 2 1 0
0.0224852 350 350 2 1 0
0.0224876 350 350 2 1 0
0.02249 350 350 2 1 0
0.0224925 350 350 2 1 0
0.0224951 350 350 2 1 0
0.0224978 350 350 2 1 0
0.0225005 350 350 2 1 0
0.0225033 350 350 2 1 0
0.0225062 350 350 2 1 0
0.0225091 350 350 2 1 0
0.0225121 350 350 2 1 0
0.0225152 350 350 2 1 0
0.0225184 350 350 2 1 0
0.0225216 350 350 2 1 0
0.022525 350 350 2 1 0
0.0225284 350 350 2 1 0
0.0225318 350 350 2 1 0
0.0225354 350 350 2 1 0
0.022539 350 350 2 1 0
0.0225427 350 350 2 1 0
0.0225465 350 350 2 1 0
0.0225503 350 350 2 1 0
0.0225543 350 350 2 1 0
0.0225583 350 350 2 1 0
0.0225624 350 350 2 1 0
0.0225666 350 350 2 1 0
0.0225708 350 350 2 1 0
0.0225752 350 350 2 1 0
0.0225796 350 350 2 1 0
0.0225841 350 350 2 1 0
0.0225887 350 350 2 1 0
0.0225934 350 350 2 1 0
0.0225982 350 350 2 1 0
0.022603 350 350 2 1 0
0.022608 350 350 2 1 0
0.022613 350 350 2 1 0
0.0226181 350 350 2 1 0
0.0226233 350 350 2 1 0
0.0226286 350 350 2 1 0
0.022634 350 350 2 1 0
0.0226395 350 350 2 1 0
0.022645 350 350 2 1 0
0.0226507 350 350 2 1 0
0.0226564 350 350 2 1 0
0.0226623 350 350 2 1 0
0.0226682 350 350 2 1 0
0.0226742 350 350 2 1 0
0.0226804 350 350 2 1 0
0.0226866 350 350 2 1 0
0.0226929 350 350 2 1 0
0.0226993 350 350 2 1 0
0.0227058 350 350 2 1 0
0.0227124 350 350 2 1 0
0.0227192 350 350 2 1 0
0.022726 350 350 2 1 0
0.0227329 350 350 2 1 0
0.0227399 350 350 2 1 0
0.022747 350 350 2 1 0
0.0227543 350 350 2 1 0
0.0227616 350 350 2 1 0
0.022769 350 350 2 1 0
0.0227766 350 350 2 1 0
0.0227842 350 350 2 1 0
0.022792 350 350 2 1 0
0.0227999 350 350 2 1 0
0.0228078 350 350 2 1 0
0.0228159 350 350 2 1 0
0.0228241 350 350 2 1 0
0.0228325 350 350 2 1 0
0.0228409 350 350 2 1 0
0.0228494 350 350 2 1 0
0.0228581 350 350 2 1 0
0.0228669 350 350 2 1 0
0.0228758 350 350 2 1 0
0.0228848 350 350 2 1 0
0.0228939 350 350 2 1 0
0.0229032 350 350 2 1 0
0.0229125 350 350 2 1 0
0.022922 350 350 2 1 0
0.0229317 350 350 2 1 0
0.0229414 350 350 2 1 0
0.0229513 350 350 2 1 0
0.0229613 350 350 2 1 0
0.0229714 350 350 2 1 0
0.0229817 350 350 2 1 0
0.022992 350 350 2 1 0
0.0230026 350 350 2 1 0
0.0230132 350 350 2 1 0
0.023024 350 350 2 1 0
0.0230349 350 350 2 1 0
0.023046 350 350 2 1 0
0.0230572 350 350 2 1 0
0.0230685 350 350 2 1 0
0.02308 350 350 2 1 0
0.0230916 350 350 2 1 0
0.0231034 350 350 2 1 0
0.0231153 350 350 2 1 0
0.0231273 350 350 2 1 0
0.0231395 350 350 2 1 0
0.0231518 350 350 2 1 0
0.0231643 350 350 2 1 0
0.023177 350 350 2 1 0
0.0231898 350 350 2 1 0
0.0232027 350 350 2 1 0
0.0232158 350 350 2 1 0
0.0232291 350 350 2 1 0
0.0232425 350 350 2 1 0
0.0232561 350 350 2 1 0
0.0232698 350 350 2 1 0
0.0232837 350 350 2 1 0
0.0232978 350 350 2 1 0
0.023312 350 350 2 1 0
0.0233264 350 350 2 1 0
0.023341 350 350 2 1 0
0.0233557 350 350 2 1 0
0.0233707 350 350 2 1 0
0.0233857 350 350 2 1 0
0.023401 350 350 2 1 0
0.0234165 350 350 2 1 0
0.0234321 350 350 2 1 0
0.0234479 350 350 2 1 0
0.0234639 350 350 2 1 0
0.02348 350 350 2 1 0
0.0234964 350 350 2 1 0
0.0235129 350 350 2 1 0
0.0235297 350 350 2 1 0
0.0235466 350 350 2 1 0
0.0235637 350 350 2 1 0
0.0235811 350 350 2 1 0
0.0235986 350 350 2 1 0
0.0236163 350 350 2 1 0
0.0236342 350 350 2 1 0
0.0236524 350 350 2 1 0
0.0236707 350 350 2 1 0
0.0236892 350 350 2 1 0
0.023708 350 350 2 1 0
0.023727 350 350 2 1 0
0.0237462 350 350 2 1 0
0.0237656 350 350 2 1 0
0.0237852 350 350 2 1 0
0.0238051 350 350 2 1 0
0.0238251 350 350 2 1 0
0.0238455 350 350 2 1 0
0.023866 350 350 2 1 0
0.0238868 350 350 2 1 0
0.0239078 350 350 2 1 0
0.023929 350 350 2 1 0
0.0239505 350 350 2 1 0
0.0239723 350 350 2 1 0
0.0239943 350 350 2 1 0
0.0240165 350 350 2 1 0
0.024039 350 350 2 1 0
0.0240617 350 350 2 1 0
0.0240847 350 350 2 1 0
0.024108 350 350 2 1 0
0.0241315 350 350 2 1 0
0.0241553 350 350 2 1 0
0.0241794 350 350 2 1 0
0.0242037 350 350 2 1 0
0.0242284 350 350 2 1 0
0.0242533 350 350 2 1 0
0.0242785 350 350 2 1 0
0.0243039 350 350 2 1 0
0.0243297 350 350 2 1 0
0.0243558 350 350 2 1 0
0.0243821 350 350 2 1 0
0.0244088 350 350 2 1 0
0.0244358 350 350 2 1 0
0.024463 350 350 2 1 0
0.0244906 350 350 2 1 0
0.0245185 350 350 2 1 0
0.0245468 350 350 2 1 0
0.0245753 350 350 2 1 0
0.0246042 350 350 2 1 0
0.0246334 350 350 2 1 0
0.024663 350 350 2 1 0
0.0246929 350 350 2 1 0
0.0247232 350 350 2 1 0
0.0247538 350 350 2 1 0
0.0247847 350 350 2 1 0
0.024816 350 350 2 1 0
0.0248477 350 350 2 1 0
0.0248798 350 350 2 1 0
0.0249122 350 350 2 1 0
0.024945 350 350 2 1 0
0.0249782 350 350 2 1 0
0.0250118 350 350 2 1 0
0.0250458 350 350 2 1 0
0.0250802 350 350 2 1 0
0.025115 350 350 2 1 0
0.0251502 350 350 2 1 0
0.0251858 350 350 2 1 0
0.0252218 350 350 2 1 0
0.0252583 350 350 2 1 0
0.0252952 350 350 2 1 0
0.0253326 350 350 2 1 0
0.0253704 350 350 2 1 0
0.0254086 350 350 2 1 0
0.0254473 350 350 2 1 0
0.0254865 350 350 2 1 0
0.0255262 350 350 2 1 0
0.0255663 350 350 2 1 0
0.025607 350 350 2 1 0
0.0256481 350 350 2 1 0
0.0256897 350 350 2 1 0
0.0257318 350 350 2 1 0
0.0257745 350 350 2 1 0
0.0258177 350 350 2 1 0
0.0258614 350 350 2 1 0
0.0259057 350 350 2 1 0
0.0259505 350 350 2 1 0
0.0259958 350 350 2 1 0
0.0260418 350 350 2 1 0
0.0260883 350 350 2 1 0
0.0261354 350 350 2 1 0
0.0261831 350 350 2 1 0
0.0262314 350 350 2 1 0
0.0262803 350 350 2 1 0
0.0263298 350 350 2 1 0
0.02638 350 350 2 1 0
0.0264308 350 350 2 1 0
0.0264823 350 350 2 1 0
0.0265344 350 350 2 1 0
0.0265872 350 350 2 1 0
0.0266407 350 350 2 1 0
0.0266948 350 350 2 1 0
0.0267497 350 350 2 1 0
0.0268054 350 350 2 1 0
0.0268617 350 350 2 1 0
0.0269188 350 350 2 1 0
0.0269767 350 350 2 1 0
0.0270353 350 350 2 1 0
0.0270947 350 350 2 1 0
0.0271549 350 350 2 1 0
0.0272159 350 350 2 1 0
0.0272778 350 350 2 1 0
0.0273405 350 350 2 1 0
0.027404 350 350 2 1 0
0.0274684 350 350 2 1 0
0.0275337 350 350 2 1 0
0.0276 350 350 2 1 0
0.0276671 350 350 2 1 0
0.0277352 350 350 2 1 0
0.0278042 350 350 2 1 0
0.0278742 350 350 2 1 0
0.0279452 350 350 2 1 0
0.0280172 350 350 2 1 0
0.0280902 350 350 2 1 0
0.0281643 350 350 2 1 0
0.0282394 350 350 2 1 0
0.0283156 350 350 2 1 0
0.028393 350 350 2 1 0
0.0284715 350 350 2 1 0
0.0285511 350 350 2 1 0
0.0286319 350 350 2 1 0
0.0287139 350 350 2 1 0
0.0287971 350 350 2 1 0
0.0288816 350 350 2 1 0
0.0289674 350 350 2 1 0
0.0290545 350 350 2 1 0
0.0291429 350 350 2 1 0
0.0292326 350 350 2 1 0
0.0293238 350 350 2 1 0
0.0294163 350 350 2 1 0
0.0295103 350 350 2 1 0
0.0296058 350 350 2 1 0
0.0297028 350 350 2 1 0
0.0298013 350 350 2 1 0
0.0299014 350 350 2 1 0
0.0300031 350 350 2 1 0
0.0301065 350 350 2 1 0
0.0302116 350 350 2 1 0
0.0303183 350 350 2 1 0
0.0304269 350 350 2 1 0
0.0305372 350 350 2 1 0
0.0306494 350 350 2 1 0
0.0307635 350 350 2 1 0
0.0308795 350 350 2 1 0
0.0309975 350 350 2 1 0
0.0311175 350 350 2 1 0
0.0312396 350 350 2 1 0
0.0313638 350 350 2 1 0
0.0314902 350 350 2 1 0
0.0316188 350 350 2 1 0
0.0317497 350 350 2 1 0
0.031883 350 350 2 1 0
0.0320187 350 350 2 1 0
0.0321568 350 350 2 1 0
0.0322975 350 350 2 1 0
0.0324408 350 350 2 1 0
0.0325867 350 350 2 1 0
0.0327354 350 350 2 1 0
0.0328869 350 350 2 1 0
0.0330413 350 350 2 1 0
0.0331986 350 350 2 1 0
0.033359 350 350 2 1 0
0.0335225 350 350 2 1 0
0.0336893 350 350 2 1 0
0.0338594 350 350 2 1 0
0.0340329 350 350 2 1 0
0.0342099 350 350 2 1 0
0.0343905 350 350 2 1 0
0.0345748 350 350 2 1 0
0.0347629 350 350 2 1 0
0.034955 350 350 2 1 0
0.0351512 350 350 2 1 0
0.0353516 350 350 2 1 0
0.0355562 350 350 2 1 0
0.0357654 350 350 2 1 0
0.0359791 350 350 2 1 0
0.0361976 350 350 2 1 0
0.036421 350 350 2 1 0
0.0366494 350 350 2 1 0
0.0368831 350 350 2 1 0
0.0371221 350 350 2 1 0
0.0373668 350 350 2 1 0
0.0376172 350 350 2 1 0
0.0378736 350 350 2 1 0
0.0381362 350 350 2 1 0
0.0384052 350 350 2 1 0
0.0386809 350 350 2 1 0
0.0389634 350 350 2 1 0
0.0392531 350 350 2 1 0
0.0395501 350 350 2 1 0
0.0398549 350 350 2 1 0
0.0401676 350 350 2 1 0
0.0404885 350 350 2 1 0
0.0408181 350 350 2 1 0
0.0411566 350 350 2 1 0
0.0415045 350 350 2 1 0
0.0418619 350 350 2 1 0
0.0422295 350 350 2 1 0
0.0426076 350 350 2 1 0
0.0429966 350 350 2 1 0
0.043397 350 350 2 1 0
0.0438093 350 350 2 1 0
0.044234 350 350 2 1 0
0.0446717 350 350 2 1 0
0.045123 350 350 2 1 0
0.0455885 350 350 2 1 0
0.0460689 350 350 2 1 0
0.0465648 350 350 2 1 0
0.047077 350 350 2 1 0
0.0476063 350 350 2 1 0
0.0481535 350 350 2 1 0
0.0487196 350 350 2 1 0
0.0493056 350 350 2 1 0
0.0499123 350 350 2 1 0
0.050541 350 350 2 1 0
0.0511928 350 350 2 1 0
0.051869 350 350 2 1 0
0.0525709 350 350 2 1 0
0.0532999 350 350 2 1 0
0.0540577 350 350 2 1 0
0.0548459 350 350 2 1 0
0.0556662 350 350 2 1 0
0.0565207 350 350 2 1 0
0.0574113 350 350 2 1 0
0.0583405 350 350 2 1 0
0.0593105 350 350 2 1 0
0.0603241 350 350 2 1 0
0.0613842 350 350 2 1 0
0.0624937 350 350 2 1 0
0.0636562 350 350 2 1 0
0.0648753 350 350 2 1 0
0.066155 350 350 2 1 0
0.0674997 350 350 2 1 0
0.0689142 350 350 2 1 0
0.0704038 350 350 2 1 0
0.0719742 350 350 2 1 0
0.0736316 350 350 2 1 0
0.0753832 350 350 2 1 0
0.0772365 350 350 2 1 0
0.0791997 350 350 2 1 0
0.0812825 350 350 2 1 0
0.0834951 350 350 2 1 0
0.085849 350 350 2 1 0
0.088357 350 350 2 1 0
0.0910332 350 350 2 1 0
0.0938936 350 350 2 1 0
0.0969557 350 350 2 1 0
0.100239 350 350 2 1 0
0.103767 350 350 2 1 0
0.107563 350 350 2 1 0
0.111657 350 350 2 1 0
0.116079 350 350 2 1 0
0.120867 350 350 2 1 0
0.12606 350 350 2 1 0
0.131706 350 350 2 1 0
0.137859 350 350 2 1 0
0.144578 350 350 2 1 0
0.151935 350 350 2 1 0
0.151935 350 350 2 1 0
0.152553 350 350 2 1 0
0.153176 350 350 2 1 0
0.154437 350 350 2 1 0
0.157015 350 350 2 1 0
0.162412 350 350 2 1 0
0.171164 350 350 2 1 0
0.181212 350 350 2 1 0
0.192344 350 350 2 1 0
0.204715 350 350 2 1 0
0.21851 350 350 2 1 0
0.233946 350 350 2 1 0
0.251287 350 350 2 1 0
0.270848 350 350 2 1 0
0.293011 350 350 2 1 0
0.318243 350 350 2 1 0
0.347119 350 350 2 1 0
0.380352 350 350 2 1 0
0.418837 350 350 2 1 0
0.463701 350 350 2 1 0
0.516383 350 350 2 1 0
0.578727 350 350 2 1 0
0.653119 350 350 2 1 0
0.74265 350 350 2 1 0
0.851311 350 350 2 1 0
0.984173 350 350 2 1 0
1.14743 350 350 2 1 0
