0.03 1.08694e-322 1.08694e-322 2 1 0
0.0300014 0 0 1 1 0
0.0300029 0 0 1 1 0
0.0300058 0 0 1 1 0
0.0300115 0 0 1 1 0
0.0300231 0 0 1 1 0
0.0300412 0 0 1 1 0
0.0300593 0 0 1 1 0
0.0300774 0 0 1 1 0
0.0300955 0 0 1 1 0
0.0301137 0 0 1 1 0
0.0301319 0 0 1 1 0
0.0301501 0 0 1 1 0
0.0301683 0 0 1 1 0
0.0301866 0 0 1 1 0
0.0302048 0 0 1 1 0
0.0302231 0 0 1 1 0
0.0302414 0 0 1 1 0
0.0302598 0 0 1 1 0
0.0302781 0 0 1 1 0
0.0302965 0 0 1 1 0
0.0303149 0 0 1 1 0
0.0303334 0 0 1 1 0
0.0303518 0 0 1 1 0
0.0303703 0 0 1 1 0
0.0303888 0 0 1 1 0
0.0304073 0 0 1 1 0
0.0304259 0 0 1 1 0
0.0304445 0 0 1 1 0
0.030463 0 0 1 1 0
0.0304817 0 0 1 1 0
0.0305003 0 0 1 1 0
0.030519 0 0 1 1 0
0.0305377 0 0 1 1 0
0.0305564 0 0 1 1 0
0.0305751 0 0 1 1 0
0.0305939 0 0 1 1 0
0.0306126 0 0 1 1 0
0.0306314 0 0 1 1 0
0.0306503 0 0 1 1 0
0.0306691 0 0 1 1 0
0.030688 0 0 1 1 0
0.0307069 0 0 1 1 0
0.0307258 0 0 1 1 0
0.0307448 0 0 1 1 0
0.0307637 0 0 1 1 0
0.0307827 0 0 1 1 0
0.0308017 0 0 1 1 0
0.0308208 0 0 1 1 0
0.0308399 0 0 1 1 0
0.0308589 0 0 1 1 0
0.0308781 0 0 1 1 0
0.0308972 0 0 1 1 0
0.0309164 0 0 1 1 0
0.0309356 0 0 1 1 0
0.0309548 0 0 1 1 0
0.030974 0 0 1 1 0
0.0309933 0 0 1 1 0
0.0310126 0 0 1 1 0
0.0310319 0 0 1 1 0
0.0310512 0 0 1 1 0
0.0310706 0 0 1 1 0
0.0310899 0 0 1 1 0
0.0311094 0 0 1 1 0
0.0311288 0 0 1 1 0
0.0311483 0 0 1 1 0
0.0311677 0 0 1 1 0
0.0311872 0 0 1 1 0
0.0312068 0 0 1 1 0
0.0312263 0 0 1 1 0
0.0312459 0 0 1 1 0
0.0312655 0 0 1 1 0
0.0312852 0 0 1 1 0
0.0313048 0 0 1 1 0
0.0313245 0 0 1 1 0
0.0313442 0 0 1 1 0
0.031364 0 0 1 1 0
0.0313838 0 0 1 1 0
0.0314035 0 0 1 1 0
0.0314234 0 0 1 1 0
0.0314432 0 0 1 1 0
0.0314631 0 0 1 1 0
0.031483 0 0 1 1 0
0.0315029 0 0 1 1 0
0.0315228 0 0 1 1 0
0.0315428 0 0 1 1 0
0.0315628 0 0 1 1 0
0.0315828 0 0 1 1 0
0.0316029 0 0 1 1 0
0.031623 0 0 1 1 0
0.0316431 0 0 1 1 0
0.0316632 0 0 1 1 0
0.0316834 0 0 1 1 0
0.0317035 0 0 1 1 0
0.0317238 0 0 1 1 0
0.031744 0 0 1 1 0
0.0317643 0 0 1 1 0
0.0317845 0 0 1 1 0
0.0318049 0 0 1 1 0
0.0318252 0 0 1 1 0
0.0318456 0 0 1 1 0
0.031866 0 0 1 1 0
0.0318864 0 0 1 1 0
0.0319069 0 0 1 1 0
0.0319274 0 0 1 1 0
0.0319479 0 0 1 1 0
0.0319684 0 0 1 1 0
0.031989 0 0 1 1 0
0.0320096 0 0 1 1 0
0.0320302 0 0 1 1 0
0.0320508 0 0 1 1 0
0.0320715 0 0 1 1 0
0.0320922 0 0 1 1 0
0.032113 0 0 1 1 0
0.0321337 0 0 1 1 0
0.0321545 0 0 1 1 0
0.0321753 0 0 1 1 0
0.0321962 0 0 1 1 0
0.032217 0 0 1 1 0
0.032238 0 0 1 1 0
0.0322589 0 0 1 1 0
0.0322798 0 0 1 1 0
0.0323008 0 0 1 1 0
0.0323219 0 0 1 1 0
0.0323429 0 0 1 1 0
0.032364 0 0 1 1 0
0.0323851 0 0 1 1 0
0.0324062 0 0 1 1 0
0.0324274 0 0 1 1 0
0.0324486 0 0 1 1 0
0.0324698 0 0 1 1 0
0.0324911 0 0 1 1 0
0.0325123 0 0 1 1 0
0.0325337 0 0 1 1 0
0.032555 0 0 1 1 0
0.0325764 0 0 1 1 0
0.0325978 0 0 1 1 0
0.0326192 0 0 1 1 0
0.0326407 0 0 1 1 0
0.0326621 0 0 1 1 0
0.0326837 0 0 1 1 0
0.0327052 0 0 1 1 0
0.0327268 0 0 1 1 0
0.0327484 0 0 1 1 0
0.0327701 0 0 1 1 0
0.0327917 0 0 1 1 0
0.0328134 0 0 1 1 0
0.0328352 0 0 1 1 0
0.0328569 0 0 1 1 0
0.0328787 0 0 1 1 0
0.0329006 0 0 1 1 0
0.0329224 0 0 1 1 0
0.0329443 0 0 1 1 0
0.0329662 0 0 1 1 0
0.0329882 0 0 1 1 0
0.0330102 0 0 1 1 0
0.0330322 0 0 1 1 0
0.0330542 0 0 1 1 0
0.0330763 0 0 1 1 0
0.0330984 0 0 1 1 0
0.0331206 0 0 1 1 0
0.0331428 0 0 1 1 0
0.033165 0 0 1 1 0
0.0331872 0 0 1 1 0
0.0332095 0 0 1 1 0
0.0332318 0 0 1 1 0
0.0332541 0 0 1 1 0
0.0332765 0 0 1 1 0
0.0332989 0 0 1 1 0
0.0333213 0 0 1 1 0
0.0333438 0 0 1 1 0
0.0333663 0 0 1 1 0
0.0333888 0 0 1 1 0
0.0334114 0 0 1 1 0
0.033434 0 0 1 1 0
0.0334566 0 0 1 1 0
0.0334793 0 0 1 1 0
0.033502 0 0 1 1 0
0.0335248 0 0 1 1 0
0.0335475 0 0 1 1 0
0.0335703 0 0 1 1 0
0.0335932 0 0 1 1 0
0.033616 0 0 1 1 0
0.0336389 0 0 1 1 0
0.0336619 0 0 1 1 0
0.0336849 0 0 1 1 0
0.0337079 0 0 1 1 0
0.0337309 0 0 1 1 0
0.033754 0 0 1 1 0
0.0337771 0 0 1 1 0
0.0338002 0 0 1 1 0
0.0338234 0 0 1 1 0
0.0338466 0 0 1 1 0
0.0338699 0 0 1 1 0
0.0338932 0 0 1 1 0
0.0339165 0 0 1 1 0
0.0339399 0 0 1 1 0
0.0339633 0 0 1 1 0
0.0339867 0 0 1 1 0
0.0340102 0 0 1 1 0
0.0340337 0 0 1 1 0
0.0340572 0 0 1 1 0
0.0340808 0 0 1 1 0
0.0341044 0 0 1 1 0
0.034128 0 0 1 1 0
0.0341517 0 0 1 1 0
0.0341755 0 0 1 1 0
0.0341992 0 0 1 1 0
0.034223 0 0 1 1 0
0.0342468 0 0 1 1 0
0.0342707 0 0 1 1 0
0.0342946 0 0 1 1 0
0.0343186 0 0 1 1 0
0.0343425 0 0 1 1 0
0.0343666 0 0 1 1 0
0.0343906 0 0 1 1 0
0.0344147 0 0 1 1 0
0.0344389 0 0 1 1 0
0.034463 0 0 1 1 0
0.0344872 0 0 1 1 0
0.0345115 0 0 1 1 0
0.0345358 0 0 1 1 0
0.0345601 0 0 1 1 0
0.0345845 0 0 1 1 0
0.0346089 0 0 1 1 0
0.0346333 0 0 1 1 0
0.0346578 0 0 1 1 0
0.0346823 0 0 1 1 0
0.0347069 0 0 1 1 0
0.0347315 0 0 1 1 0
0.0347561 0 0 1 1 0
0.0347808 0 0 1 1 0
0.0348055 0 0 1 1 0
0.0348302 0 0 1 1 0
0.034855 0 0 1 1 0
0.0348799 0 0 1 1 0
0.0349048 0 0 1 1 0
0.0349297 0 0 1 1 0
0.0349546 0 0 1 1 0
0.0349796 0 0 1 1 0
0.0350047 0 0 1 1 0
0.0350298 0 0 1 1 0
0.0350549 0 0 1 1 0
0.0350801 0 0 1 1 0
0.0351053 0 0 1 1 0
0.0351305 0 0 1 1 0
0.0351558 0 0 1 1 0
0.0351811 0 0 1 1 0
0.0352065 0 0 1 1 0
0.0352319 0 0 1 1 0
0.0352574 0 0 1 1 0
0.0352829 0 0 1 1 0
0.0353084 0 0 1 1 0
0.035334 0 0 1 1 0
0.0353596 0 0 1 1 0
0.0353853 0 0 1 1 0
0.035411 0 0 1 1 0
0.0354368 0 0 1 1 0
0.0354626 0 0 1 1 0
0.0354884 0 0 1 1 0
0.0355143 0 0 1 1 0
0.0355402 0 0 1 1 0
0.0355662 0 0 1 1 0
0.0355922 0 0 1 1 0
0.0356183 0 0 1 1 0
0.0356444 0 0 1 1 0
0.0356706 0 0 1 1 0
0.0356968 0 0 1 1 0
0.035723 0 0 1 1 0
0.0357493 0 0 1 1 0
0.0357756 0 0 1 1 0
0.035802 0 0 1 1 0
0.0358284 0 0 1 1 0
0.0358549 0 0 1 1 0
0.0358814 0 0 1 1 0
0.035908 0 0 1 1 0
0.0359346 0 0 1 1 0
0.0359612 0 0 1 1 0
0.0359879 0 0 1 1 0
0.0360147 0 0 1 1 0
0.0360415 0 0 1 1 0
0.0360683 0 0 1 1 0
0.0360952 0 0 1 1 0
0.0361221 0 0 1 1 0
0.0361491 0 0 1 1 0
0.0361762 0 0 1 1 0
0.0362032 0 0 1 1 0
0.0362304 0 0 1 1 0
0.0362575 0 0 1 1 0
0.0362848 0 0 1 1 0
0.036312 0 0 1 1 0
0.0363393 0 0 1 1 0
0.0363667 0 0 1 1 0
0.0363941 0 0 1 1 0
0.0364216 0 0 1 1 0
0.0364491 0 0 1 1 0
0.0364767 0 0 1 1 0
0.0365043 0 0 1 1 0
0.036532 0 0 1 1 0
0.0365597 0 0 1 1 0
0.0365874 0 0 1 1 0
0.0366152 0 0 1 1 0
0.0366431 0 0 1 1 0
0.036671 0 0 1 1 0
0.036699 0 0 1 1 0
0.036727 0 0 1 1 0
0.0367551 0 0 1 1 0
0.0367832 0 0 1 1 0
0.0368114 0 0 1 1 0
0.0368396 0 0 1 1 0
0.0368679 0 0 1 1 0
0.0368962 0 0 1 1 0
0.0369246 0 0 1 1 0
0.036953 0 0 1 1 0
0.0369815 0 0 1 1 0
0.03701 0 0 1 1 0
0.0370386 0 0 1 1 0
0.0370673 0 0 1 1 0
0.037096 0 0 1 1 0
0.0371247 0 0 1 1 0
0.0371535 0 0 1 1 0
0.0371824 0 0 1 1 0
0.0372113 0 0 1 1 0
0.0372403 0 0 1 1 0
0.0372693 0 0 1 1 0
0.0372984 0 0 1 1 0
0.0373275 0 0 1 1 0
0.0373567 0 0 1 1 0
0.0373859 0 0 1 1 0
0.0374152 0 0 1 1 0
0.0374446 0 0 1 1 0
0.037474 0 0 1 1 0
0.0375035 0 0 1 1 0
0.037533 0 0 1 1 0
0.0375626 0 0 1 1 0
0.0375922 0 0 1 1 0
0.0376219 0 0 1 1 0
0.0376517 0 0 1 1 0
0.0376815 0 0 1 1 0
0.0377113 0 0 1 1 0
0.0377413 0 0 1 1 0
0.0377713 0 0 1 1 0
0.0378013 0 0 1 1 0
0.0378314 0 0 1 1 0
0.0378616 0 0 1 1 0
0.0378918 0 0 1 1 0
0.037922 0 0 1 1 0
0.0379524 0 0 1 1 0
0.0379828 0 0 1 1 0
0.0380132 0 0 1 1 0
0.0380437 0 0 1 1 0
0.0380743 0 0 1 1 0
0.038105 0 0 1 1 0
0.0381357 0 0 1 1 0
0.0381664 0 0 1 1 0
0.0381972 0 0 1 1 0
0.0382281 0 0 1 1 0
0.0382591 0 0 1 1 0
0.0382901 0 0 1 1 0
0.0383211 0 0 1 1 0
0.0383523 0 0 1 1 0
0.0383835 0 0 1 1 0
0.0384147 0 0 1 1 0
0.038446 0 0 1 1 0
0.0384774 0 0 1 1 0
0.0385089 0 0 1 1 0
0.0385404 0 0 1 1 0
0.0385719 0 0 1 1 0
0.0386036 0 0 1 1 0
0.0386353 0 0 1 1 0
0.038667 0 0 1 1 0
0.0386989 0 0 1 1 0
0.0387308 0 0 1 1 0
0.0387627 0 0 1 1 0
0.0387947 0 0 1 1 0
0.0388268 0 0 1 1 0
0.038859 0 0 1 1 0
0.0388912 0 0 1 1 0
0.0389235 0 0 1 1 0
0.0389559 0 0 1 1 0
0.0389883 0 0 1 1 0
0.0390208 0 0 1 1 0
0.0390534 0 0 1 1 0
0.039086 0 0 1 1 0
0.0391187 0 0 1 1 0
0.0391515 0 0 1 1 0
0.0391843 0 0 1 1 0
0.0392172 0 0 1 1 0
0.0392502 0 0 1 1 0
0.0392832 0 0 1 1 0
0.0393163 0 0 1 1 0
0.0393495 0 0 1 1 0
0.0393828 0 0 1 1 0
0.0394161 0 0 1 1 0
0.0394495 0 0 1 1 0
0.039483 0 0 1 1 0
0.0395165 0 0 1 1 0
0.0395501 0 0 1 1 0
0.0395838 0 0 1 1 0
0.0396175 0 0 1 1 0
0.0396514 0 0 1 1 0
0.0396853 0 0 1 1 0
0.0397192 0 0 1 1 0
0.0397533 0 0 1 1 0
0.0397874 0 0 1 1 0
0.0398216 0 0 1 1 0
0.0398559 0 0 1 1 0
0.0398902 0 0 1 1 0
0.0399246 0 0 1 1 0
0.0399591 0 0 1 1 0
0.0399937 0 0 1 1 0
0.0400283 0 0 1 1 0
0.040063 0 0 1 1 0
0.0400978 0 0 1 1 0
0.0401327 0 0 1 1 0
0.0401677 0 0 1 1 0
0.0402027 0 0 1 1 0
0.0402378 0 0 1 1 0
0.040273 0 0 1 1 0
0.0403082 0 0 1 1 0
0.0403436 0 0 1 1 0
0.040379 0 0 1 1 0
0.0404145 0 0 1 1 0
0.0404501 0 0 1 1 0
0.0404857 0 0 1 1 0
0.0405214 0 0 1 1 0
0.0405573 0 0 1 1 0
0.0405932 0 0 1 1 0
0.0406291 0 0 1 1 0
0.0406652 0 0 1 1 0
0.0407013 0 0 1 1 0
0.0407375 0 0 1 1 0
0.0407738 0 0 1 1 0
0.0408102 0 0 1 1 0
0.0408467 0 0 1 1 0
0.0408832 0 0 1 1 0
0.0409199 0 0 1 1 0
0.0409566 0 0 1 1 0
0.0409934 0 0 1 1 0
0.0410303 0 0 1 1 0
0.0410673 0 0 1 1 0
0.0411043 0 0 1 1 0
0.0411415 0 0 1 1 0
0.0411787 0 0 1 1 0
0.041216 0 0 1 1 0
0.0412534 0 0 1 1 0
0.0412909 0 0 1 1 0
0.0413285 0 0 1 1 0
0.0413661 0 0 1 1 0
0.0414039 0 0 1 1 0
0.0414417 0 0 1 1 0
0.0414796 0 0 1 1 0
0.0415176 0 0 1 1 0
0.0415557 0 0 1 1 0
0.0415939 0 0 1 1 0
0.0416322 0 0 1 1 0
0.0416706 0 0 1 1 0
0.0417091 0 0 1 1 0
0.0417476 0 0 1 1 0
0.0417863 0 0 1 1 0
0.041825 0 0 1 1 0
0.0418638 0 0 1 1 0
0.0419027 0 0 1 1 0
0.0419418 0 0 1 1 0
0.0419809 0 0 1 1 0
0.0420201 0 0 1 1 0
0.0420594 0 0 1 1 0
0.0420987 0 0 1 1 0
0.0421382 0 0 1 1 0
0.0421778 0 0 1 1 0
0.0422175 0 0 1 1 0
0.0422572 0 0 1 1 0
0.0422971 0 0 1 1 0
0.0423371 0 0 1 1 0
0.0423771 0 0 1 1 0
0.0424173 0 0 1 1 0
0.0424575 0 0 1 1 0
0.0424979 0 0 1 1 0
0.0425383 0 0 1 1 0
0.0425789 0 0 1 1 0
0.0426195 0 0 1 1 0
0.0426603 0 0 1 1 0
0.0427011 0 0 1 1 0
0.0427421 0 0 1 1 0
0.0427831 0 0 1 1 0
0.0428243 0 0 1 1 0
0.0428655 0 0 1 1 0
0.0429068 0 0 1 1 0
0.0429483 0 0 1 1 0
0.0429899 0 0 1 1 0
0.0430315 0 0 1 1 0
0.0430733 0 0 1 1 0
0.0431151 0 0 1 1 0
0.0431571 0 0 1 1 0
0.0431992 0 0 1 1 0
0.0432414 0 0 1 1 0
0.0432836 0 0 1 1 0
0.043326 0 0 1 1 0
0.0433685 0 0 1 1 0
0.0434111 0 0 1 1 0
0.0434538 0 0 1 1 0
0.0434966 0 0 1 1 0
0.0435396 0 0 1 1 0
0.0435826 0 0 1 1 0
0.0436257 0 0 1 1 0
0.043669 0 0 1 1 0
0.0437124 0 0 1 1 0
0.0437558 0 0 1 1 0
0.0437994 0 0 1 1 0
0.0438431 0 0 1 1 0
0.0438869 0 0 1 1 0
0.0439308 0 0 1 1 0
0.0439748 0 0 1 1 0
0.044019 0 0 1 1 0
0.0440632 0 0 1 1 0
0.0441076 0 0 1 1 0
0.0441521 0 0 1 1 0
0.0441966 0 0 1 1 0
0.0442414 0 0 1 1 0
0.0442862 0 0 1 1 0
0.0443311 0 0 1 1 0
0.0443762 0 0 1 1 0
0.0444213 0 0 1 1 0
0.0444666 0 0 1 1 0
0.044512 0 0 1 1 0
0.0445575 0 0 1 1 0
0.0446032 0 0 1 1 0
0.0446489 0 0 1 1 0
0.0446948 0 0 1 1 0
0.0447408 0 0 1 1 0
0.0447869 0 0 1 1 0
0.0448331 0 0 1 1 0
0.0448795 0 0 1 1 0
0.044926 0 0 1 1 0
0.0449726 0 0 1 1 0
0.0450193 0 0 1 1 0
0.0450661 0 0 1 1 0
0.0451131 0 0 1 1 0
0.0451602 0 0 1 1 0
0.0452074 0 0 1 1 0
0.0452547 0 0 1 1 0
0.0453022 0 0 1 1 0
0.0453498 0 0 1 1 0
0.0453975 0 0 1 1 0
0.0454453 0 0 1 1 0
0.0454933 0 0 1 1 0
0.0455414 0 0 1 1 0
0.0455896 0 0 1 1 0
0.045638 0 0 1 1 0
0.0456864 0 0 1 1 0
0.045735 0 0 1 1 0
0.0457838 0 0 1 1 0
0.0458326 0 0 1 1 0
0.0458816 0 0 1 1 0
0.0459308 0 0 1 1 0
0.04598 0 0 1 1 0
0.0460294 0 0 1 1 0
0.0460789 0 0 1 1 0
0.0461286 0 0 1 1 0
0.0461783 0 0 1 1 0
0.0462283 0 0 1 1 0
0.0462783 0 0 1 1 0
0.0463285 0 0 1 1 0
0.0463788 0 0 1 1 0
0.0464293 0 0 1 1 0
0.0464799 0 0 1 1 0
0.0465306 0 0 1 1 0
0.0465815 0 0 1 1 0
0.0466325 0 0 1 1 0
0.0466836 0 0 1 1 0
0.0467349 0 0 1 1 0
0.0467863 0 0 1 1 0
0.0468378 0 0 1 1 0
0.0468895 0 0 1 1 0
0.0469414 0 0 1 1 0
0.0469933 0 0 1 1 0
0.0470455 0 0 1 1 0
0.0470977 0 0 1 1 0
0.0471501 0 0 1 1 0
0.0472026 0 0 1 1 0
0.0472553 0 0 1 1 0
0.0473082 0 0 1 1 0
0.0473611 0 0 1 1 0
0.0474142 0 0 1 1 0
0.0474675 0 0 1 1 0
0.0475209 0 0 1 1 0
0.0475744 0 0 1 1 0
0.0476281 0 0 1 1 0
0.047682 0 0 1 1 0
0.0477359 0 0 1 1 0
0.0477901 0 0 1 1 0
0.0478444 0 0 1 1 0
0.0478988 0 0 1 1 0
0.0479534 0 0 1 1 0
0.0480081 0 0 1 1 0
0.048063 0 0 1 1 0
0.048118 0 0 1 1 0
0.0481731 0 0 1 1 0
0.0482285 0 0 1 1 0
0.0482839 0 0 1 1 0
0.0483396 0 0 1 1 0
0.0483953 0 0 1 1 0
0.0484513 0 0 1 1 0
0.0485074 0 0 1 1 0
0.0485636 0 0 1 1 0
0.04862 0 0 1 1 0
0.0486765 0 0 1 1 0
0.0487332 0 0 1 1 0
0.0487901 0 0 1 1 0
0.0488471 0 0 1 1 0
0.0489043 0 0 1 1 0
0.0489616 0 0 1 1 0
0.049019 0 0 1 1 0
0.0490767 0 0 1 1 0
0.0491345 0 0 1 1 0
0.0491924 0 0 1 1 0
0.0492505 0 0 1 1 0
0.0493088 0 0 1 1 0
0.0493672 0 0 1 1 0
0.0494258 0 0 1 1 0
0.0494845 0 0 1 1 0
0.0495434 0 0 1 1 0
0.0496025 0 0 1 1 0
0.0496617 0 0 1 1 0
0.0497211 0 0 1 1 0
0.0497807 0 0 1 1 0
0.0498404 0 0 1 1 0
0.0499002 0 0 1 1 0
0.0499603 0 0 1 1 0
0.0500205 0 0 1 1 0
0.0500808 0 0 1 1 0
0.0501414 0 0 1 1 0
0.050202 0 0 1 1 0
0.0502629 0 0 1 1 0
0.0503239 0 0 1 1 0
0.0503851 0 0 1 1 0
0.0504464 0 0 1 1 0
0.050508 0 0 1 1 0
0.0505696 0 0 1 1 0
0.0506315 0 0 1 1 0
0.0506935 0 0 1 1 0
0.0507557 0 0 1 1 0
0.050818 0 0 1 1 0
0.0508805 0 0 1 1 0
0.0509432 0 0 1 1 0
0.0510061 0 0 1 1 0
0.0510691 0 0 1 1 0
0.0511323 0 0 1 1 0
0.0511957 0 0 1 1 0
0.0512592 0 0 1 1 0
0.0513229 0 0 1 1 0
0.0513867 0 0 1 1 0
0.0514508 0 0 1 1 0
0.051515 0 0 1 1 0
0.0515794 0 0 1 1 0
0.0516439 0 0 1 1 0
0.0517087 0 0 1 1 0
0.0517735 0 0 1 1 0
0.0518386 0 0 1 1 0
0.0519039 0 0 1 1 0
0.0519693 0 0 1 1 0
0.0520348 0 0 1 1 0
0.0521006 0 0 1 1 0
0.0521665 0 0 1 1 0
0.0522326 0 0 1 1 0
0.0522989 0 0 1 1 0
0.0523654 0 0 1 1 0
0.052432 0 0 1 1 0
0.0524988 0 0 1 1 0
0.0525657 0 0 1 1 0
0.0526329 0 0 1 1 0
0.0527002 0 0 1 1 0
0.0527677 0 0 1 1 0
0.0528354 0 0 1 1 0
0.0529032 0 0 1 1 0
0.0529712 0 0 1 1 0
0.0530394 0 0 1 1 0
0.0531078 0 0 1 1 0
0.0531763 0 0 1 1 0
0.0532451 0 0 1 1 0
0.0533139 0 0 1 1 0
0.053383 0 0 1 1 0
0.0534523 0 0 1 1 0
0.0535217 0 0 1 1 0
0.0535913 0 0 1 1 0
0.0536611 0 0 1 1 0
0.053731 0 0 1 1 0
0.0538011 0 0 1 1 0
0.0538714 0 0 1 1 0
0.0539419 0 0 1 1 0
0.0540126 0 0 1 1 0
0.0540834 0 0 1 1 0
0.0541544 0 0 1 1 0
0.0542256 0 0 1 1 0
0.0542969 0 0 1 1 0
0.0543685 0 0 1 1 0
0.0544402 0 0 1 1 0
0.0545121 0 0 1 1 0
0.0545841 0 0 1 1 0
0.0546564 0 0 1 1 0
0.0547288 0 0 1 1 0
0.0548014 0 0 1 1 0
0.0548741 0 0 1 1 0
0.0549471 0 0 1 1 0
0.0550202 0 0 1 1 0
0.0550935 0 0 1 1 0
0.0551669 0 0 1 1 0
0.0552406 0 0 1 1 0
0.0553144 0 0 1 1 0
0.0553884 0 0 1 1 0
0.0554626 0 0 1 1 0
0.0555369 0 0 1 1 0
0.0556114 0 0 1 1 0
0.0556861 0 0 1 1 0
0.055761 0 0 1 1 0
0.055836 0 0 1 1 0
0.0559113 0 0 1 1 0
0.0559866 0 0 1 1 0
0.0560622 0 0 1 1 0
0.0561379 0 0 1 1 0
0.0562139 0 0 1 1 0
0.0562899 0 0 1 1 0
0.0563662 0 0 1 1 0
0.0564426 0 0 1 1 0
0.0565192 0 0 1 1 0
0.056596 0 0 1 1 0
0.056673 0 0 1 1 0
0.0567501 0 0 1 1 0
0.0568274 0 0 1 1 0
0.0569048 0 0 1 1 0
0.0569825 0 0 1 1 0
0.0570603 0 0 1 1 0
0.0571382 0 0 1 1 0
0.0572164 0 0 1 1 0
0.0572947 0 0 1 1 0
0.0573732 0 0 1 1 0
0.0574518 0 0 1 1 0
0.0575306 0 0 1 1 0
0.0576096 0 0 1 1 0
0.0576888 0 0 1 1 0
0.0577681 0 0 1 1 0
0.0578476 0 0 1 1 0
0.0579272 0 0 1 1 0
0.0580071 0 0 1 1 0
0.058087 0 0 1 1 0
0.0581672 0 0 1 1 0
0.0582475 0 0 1 1 0
0.058328 0 0 1 1 0
0.0584086 0 0 1 1 0
0.0584895 0 0 1 1 0
0.0585704 0 0 1 1 0
0.0586516 0 0 1 1 0
0.0587329 0 0 1 1 0
0.0588143 0 0 1 1 0
0.058896 0 0 1 1 0
0.0589777 0 0 1 1 0
0.0590597 0 0 1 1 0
0.0591418 0 0 1 1 0
0.0592241 0 0 1 1 0
0.0593065 0 0 1 1 0
0.0593891 0 0 1 1 0
0.0594718 0 0 1 1 0
0.0595547 0 0 1 1 0
0.0596378 0 0 1 1 0
0.059721 0 0 1 1 0
0.0598044 0 0 1 1 0
0.0598879 0 0 1 1 0
0.0599716 0 0 1 1 0
0.0600554 0 0 1 1 0
0.0601394 0 0 1 1 0
0.0602235 0 0 1 1 0
0.0603078 0 0 1 1 0
0.0603923 0 0 1 1 0
0.0604769 0 0 1 1 0
0.0605616 0 0 1 1 0
0.0606465 0 0 1 1 0
0.0607316 0 0 1 1 0
0.0608167 0 0 1 1 0
0.0609021 0 0 1 1 0
0.0609876 0 0 1 1 0
0.0610732 0 0 1 1 0
0.061159 0 0 1 1 0
0.0612449 0 0 1 1 0
0.061331 0 0 1 1 0
0.0614173 0 0 1 1 0
0.0615036 0 0 1 1 0
0.0615901 0 0 1 1 0
0.0616768 0 0 1 1 0
0.0617636 0 0 1 1 0
0.0618505 0 0 1 1 0
0.0619376 0 0 1 1 0
0.0620248 0 0 1 1 0
0.0621122 0 0 1 1 0
0.0621997 0 0 1 1 0
0.0622873 0 0 1 1 0
0.0623751 0 0 1 1 0
0.062463 0 0 1 1 0
0.062551 0 0 1 1 0
0.0626392 0 0 1 1 0
0.0627275 0 0 1 1 0
0.062816 0 0 1 1 0
0.0629045 0 0 1 1 0
0.0629933 0 0 1 1 0
0.0630821 0 0 1 1 0
0.0631711 0 0 1 1 0
0.0632602 0 0 1 1 0
0.0633494 0 0 1 1 0
0.0634388 0 0 1 1 0
0.0635283 0 0 1 1 0
0.0636179 0 0 1 1 0
0.0637077 0 0 1 1 0
0.0637975 0 0 1 1 0
0.0638875 0 0 1 1 0
0.0639777 0 0 1 1 0
0.0640679 0 0 1 1 0
0.0641583 0 0 1 1 0
0.0642488 0 0 1 1 0
0.0643394 0 0 1 1 0
0.0644301 0 0 1 1 0
0.064521 0 0 1 1 0
0.064612 0 0 1 1 0
0.0647031 0 0 1 1 0
0.0647943 0 0 1 1 0
0.0648856 0 0 1 1 0
0.0649771 0 0 1 1 0
0.0650686 0 0 1 1 0
0.0651603 0 0 1 1 0
0.0652521 0 0 1 1 0
0.065344 0 0 1 1 0
0.0654361 0 0 1 1 0
0.0655282 0 0 1 1 0
0.0656204 0 0 1 1 0
0.0657128 0 0 1 1 0
0.0658053 0 0 1 1 0
0.0658978 0 0 1 1 0
0.0659905 0 0 1 1 0
0.0660833 0 0 1 1 0
0.0661762 0 0 1 1 0
0.0662692 0 0 1 1 0
0.0663623 0 0 1 1 0
0.0664556 0 0 1 1 0
0.0665489 0 0 1 1 0
0.0666423 0 0 1 1 0
0.0667358 0 0 1 1 0
0.0668295 0 0 1 1 0
0.0669232 0 0 1 1 0
0.0670171 0 0 1 1 0
0.067111 0 0 1 1 0
0.067205 0 0 1 1 0
0.0672992 0 0 1 1 0
0.0673934 0 0 1 1 0
0.0674877 0 0 1 1 0
0.0675821 0 0 1 1 0
0.0676767 0 0 1 1 0
0.0677713 0 0 1 1 0
0.067866 0 0 1 1 0
0.0679608 0 0 1 1 0
0.0680557 0 0 1 1 0
0.0681507 0 0 1 1 0
0.0682458 0 0 1 1 0
0.0683409 0 0 1 1 0
0.0684362 0 0 1 1 0
0.0685315 0 0 1 1 0
0.068627 0 0 1 1 0
0.0687225 0 0 1 1 0
0.0688181 0 0 1 1 0
0.0689138 0 0 1 1 0
0.0690096 0 0 1 1 0
0.0691055 0 0 1 1 0
0.0692015 0 0 1 1 0
0.0692975 0 0 1 1 0
0.0693936 0 0 1 1 0
0.0694899 0 0 1 1 0
0.0695861 0 0 1 1 0
0.0696825 0 0 1 1 0
0.069779 0 0 1 1 0
0.0698755 0 0 1 1 0
0.0699721 0 0 1 1 0
0.0700688 0 0 1 1 0
0.0701656 0 0 1 1 0
0.0702625 0 0 1 1 0
0.0703594 0 0 1 1 0
0.0704564 0 0 1 1 0
0.0705535 0 0 1 1 0
0.0706506 0 0 1 1 0
0.0707479 0 0 1 1 0
0.0708452 0 0 1 1 0
0.0709426 0 0 1 1 0
0.07104 0 0 1 1 0
0.0711375 0 0 1 1 0
0.0712351 0 0 1 1 0
0.0713328 0 0 1 1 0
0.0714305 0 0 1 1 0
0.0715283 0 0 1 1 0
0.0716262 0 0 1 1 0
0.0717242 0 0 1 1 0
0.0718222 0 0 1 1 0
0.0719203 0 0 1 1 0
0.0720184 0 0 1 1 0
0.0721166 0 0 1 1 0
0.0722149 0 0 1 1 0
0.0723133 0 0 1 1 0
0.0724117 0 0 1 1 0
0.0725102 0 0 1 1 0
0.0726087 0 0 1 1 0
0.0727073 0 0 1 1 0
0.072806 0 0 1 1 0
0.0729047 0 0 1 1 0
0.0730035 0 0 1 1 0
0.0731023 0 0 1 1 0
0.0732013 0 0 1 1 0
0.0733002 0 0 1 1 0
0.0733993 0 0 1 1 0
0.0734984 0 0 1 1 0
0.0735975 0 0 1 1 0
0.0736967 0 0 1 1 0
0.073796 0 0 1 1 0
0.0738953 0 0 1 1 0
0.0739947 0 0 1 1 0
0.0740941 0 0 1 1 0
0.0741936 0 0 1 1 0
0.0742931 0 0 1 1 0
0.0743927 0 0 1 1 0
0.0744924 0 0 1 1 0
0.0745921 0 0 1 1 0
0.0746919 0 0 1 1 0
0.0747917 0 0 1 1 0
0.0748915 0 0 1 1 0
0.0749914 0 0 1 1 0
0.0750914 0 0 1 1 0
0.0751914 0 0 1 1 0
0.0752915 0 0 1 1 0
0.0753916 0 0 1 1 0
0.0754918 0 0 1 1 0
0.075592 0 0 1 1 0
0.0756923 0 0 1 1 0
0.0757926 0 0 1 1 0
0.0758929 0 0 1 1 0
0.0759933 0 0 1 1 0
0.0760938 0 0 1 1 0
0.0761943 0 0 1 1 0
0.0762949 0 0 1 1 0
0.0763954 0 0 1 1 0
0.0764961 0 0 1 1 0
0.0765968 0 0 1 1 0
0.0766975 0 0 1 1 0
0.0767983 0 0 1 1 0
0.0768991 0 0 1 1 0
0.0769999 0 0 1 1 0
0.0771008 0 0 1 1 0
0.0772018 0 0 1 1 0
0.0773028 0 0 1 1 0
0.0774038 0 0 1 1 0
0.0775049 0 0 1 1 0
0.077606 0 0 1 1 0
0.0777071 0 0 1 1 0
0.0778083 0 0 1 1 0
0.0779095 0 0 1 1 0
0.0780108 0 0 1 1 0
0.0781121 0 0 1 1 0
0.0782134 0 0 1 1 0
0.0783148 0 0 1 1 0
0.0784162 0 0 1 1 0
0.0785177 0 0 1 1 0
0.0786192 0 0 1 1 0
0.0787207 0 0 1 1 0
0.0788223 0 0 1 1 0
0.0789239 0 0 1 1 0
0.0790256 0 0 1 1 0
0.0791272 0 0 1 1 0
0.0792289 0 0 1 1 0
0.0793307 0 0 1 1 0
0.0794325 0 0 1 1 0
0.0795343 0 0 1 1 0
0.0796361 0 0 1 1 0
0.079738 0 0 1 1 0
0.0798399 0 0 1 1 0
0.0799419 0 0 1 1 0
0.0800439 0 0 1 1 0
0.0801459 0 0 1 1 0
0.0802479 0 0 1 1 0
0.08035 0 0 1 1 0
0.0804521 0 0 1 1 0
0.0805543 0 0 1 1 0
0.0806565 0 0 1 1 0
0.0807587 0 0 1 1 0
0.0808609 0 0 1 1 0
0.0809632 0 0 1 1 0
0.0810655 0 0 1 1 0
0.0811678 0 0 1 1 0
0.0812701 0 0 1 1 0
0.0813725 0 0 1 1 0
0.0814749 0 0 1 1 0
0.0815774 0 0 1 1 0
0.0816798 0 0 1 1 0
0.0817823 0 0 1 1 0
0.0818849 0 0 1 1 0
0.0819874 0 0 1 1 0
0.08209 0 0 1 1 0
0.0821926 0 0 1 1 0
0.0822952 0 0 1 1 0
0.0823979 0 0 1 1 0
0.0825006 0 0 1 1 0
0.0826033 0 0 1 1 0
0.082706 0 0 1 1 0
0.0828088 0 0 1 1 0
0.0829116 0 0 1 1 0
0.0830144 0 0 1 1 0
0.0831172 0 0 1 1 0
0.0832201 0 0 1 1 0
0.083323 0 0 1 1 0
0.0834259 0 0 1 1 0
0.0835288 0 0 1 1 0
0.0836318 0 0 1 1 0
0.0837347 0 0 1 1 0
0.0838378 0 0 1 1 0
0.0839408 0 0 1 1 0
0.0840438 0 0 1 1 0
0.0841469 0 0 1 1 0
0.08425 0 0 1 1 0
0.0843531 0 0 1 1 0
0.0844563 0 0 1 1 0
0.0845594 0 0 1 1 0
0.0846626 0 0 1 1 0
0.0847658 0 0 1 1 0
0.084869 0 0 1 1 0
0.0849723 0 0 1 1 0
0.0850756 0 0 1 1 0
0.0851788 0 0 1 1 0
0.0852822 0 0 1 1 0
0.0853855 0 0 1 1 0
0.0854888 0 0 1 1 0
0.0855922 0 0 1 1 0
0.0856956 0 0 1 1 0
0.085799 0 0 1 1 0
0.0859024 0 0 1 1 0
0.0860059 0 0 1 1 0
0.0861093 0 0 1 1 0
0.0862128 0 0 1 1 0
0.0863163 0 0 1 1 0
0.0864198 0 0 1 1 0
0.0865234 0 0 1 1 0
0.0866269 0 0 1 1 0
0.0867305 0 0 1 1 0
0.0868341 0 0 1 1 0
0.0869377 0 0 1 1 0
0.0870414 0 0 1 1 0
0.087145 0 0 1 1 0
0.0872487 0 0 1 1 0
0.0873523 0 0 1 1 0
0.087456 0 0 1 1 0
0.0875598 0 0 1 1 0
0.0876635 0 0 1 1 0
0.0877672 0 0 1 1 0
0.087871 0 0 1 1 0
0.0879748 0 0 1 1 0
0.0880786 0 0 1 1 0
0.0881824 0 0 1 1 0
0.0882862 0 0 1 1 0
0.0883901 0 0 1 1 0
0.0884939 0 0 1 1 0
0.0885978 0 0 1 1 0
0.0887017 0 0 1 1 0
0.0888056 0 0 1 1 0
0.0889095 0 0 1 1 0
0.0890134 0 0 1 1 0
0.0891174 0 0 1 1 0
0.0892214 0 0 1 1 0
0.0893253 0 0 1 1 0
0.0894293 0 0 1 1 0
0.0895333 0 0 1 1 0
0.0896373 0 0 1 1 0
0.0897414 0 0 1 1 0
0.0898454 0 0 1 1 0
0.0899495 0 0 1 1 0
0.0900536 0 0 1 1 0
0.0901576 0 0 1 1 0
0.0902617 0 0 1 1 0
0.0903659 0 0 1 1 0
0.09047 0 0 1 1 0
0.0905741 0 0 1 1 0
0.0906783 0 0 1 1 0
0.0907824 0 0 1 1 0
0.0908866 0 0 1 1 0
0.0909908 0 0 1 1 0
0.091095 0 0 1 1 0
0.0911992 0 0 1 1 0
0.0913035 0 0 1 1 0
0.0914077 0 0 1 1 0
0.0915119 0 0 1 1 0
0.0916162 0 0 1 1 0
0.0917205 0 0 1 1 0
0.0918248 0 0 1 1 0
0.0919291 0 0 1 1 0
0.0920334 0 0 1 1 0
0.0921377 0 0 1 1 0
0.092242 0 0 1 1 0
0.0923464 0 0 1 1 0
0.0924507 0 0 1 1 0
0.0925551 0 0 1 1 0
0.0926595 0 0 1 1 0
0.0927638 0 0 1 1 0
0.0928682 0 0 1 1 0
0.0929726 0 0 1 1 0
0.0930771 0 0 1 1 0
0.0931815 0 0 1 1 0
0.0932859 0 0 1 1 0
0.0933904 0 0 1 1 0
0.0934948 0 0 1 1 0
0.0935993 0 0 1 1 0
0.0937038 0 0 1 1 0
0.0938083 0 0 1 1 0
0.0939128 0 0 1 1 0
0.0940173 0 0 1 1 0
0.0941218 0 0 1 1 0
0.0942263 0 0 1 1 0
0.0943308 0 0 1 1 0
0.0944354 0 0 1 1 0
0.0945399 0 0 1 1 0
0.0946445 0 0 1 1 0
0.0947491 0 0 1 1 0
0.0948537 0 0 1 1 0
0.0949582 0 0 1 1 0
0.0950628 0 0 1 1 0
0.0951674 0 0 1 1 0
0.0952721 0 0 1 1 0
0.0953767 0 0 1 1 0
0.0954813 0 0 1 1 0
0.095586 0 0 1 1 0
0.0956906 0 0 1 1 0
0.0957953 0 0 1 1 0
0.0958999 0 0 1 1 0
0.0960046 0 0 1 1 0
0.0961093 0 0 1 1 0
0.096214 0 0 1 1 0
0.0963187 0 0 1 1 0
0.0964234 0 0 1 1 0
0.0965281 0 0 1 1 0
0.0966328 0 0 1 1 0
0.0967376 0 0 1 1 0
0.0968423 0 0 1 1 0
0.096947 0 0 1 1 0
0.0970518 0 0 1 1 0
0.0971566 0 0 1 1 0
0.0972613 0 0 1 1 0
0.0973661 0 0 1 1 0
0.0974709 0 0 1 1 0
0.0975757 0 0 1 1 0
0.0976805 0 0 1 1 0
0.0977853 0 0 1 1 0
0.0978901 0 0 1 1 0
0.0979949 0 0 1 1 0
0.0980997 0 0 1 1 0
0.0982046 0 0 1 1 0
0.0983094 0 0 1 1 0
0.0984143 0 0 1 1 0
0.0985191 0 0 1 1 0
0.098624 0 0 1 1 0
0.0987288 0 0 1 1 0
0.0988337 0 0 1 1 0
0.0989386 0 0 1 1 0
0.0990435 0 0 1 1 0
0.0991484 0 0 1 1 0
0.0992533 0 0 1 1 0
0.0993582 0 0 1 1 0
0.0994631 0 0 1 1 0
0.099568 0 0 1 1 0
0.0996729 0 0 1 1 0
0.0997778 0 0 1 1 0
0.0998828 0 0 1 1 0
0.0999877 0 0 1 1 0
0.100093 0 0 1 1 0
0.100198 0 0 1 1 0
0.100303 0 0 1 1 0
0.100408 0 0 1 1 0
0.100513 0 0 1 1 0
0.100617 0 0 1 1 0
0.100722 0 0 1 1 0
0.100827 0 0 1 1 0
0.100932 0 0 1 1 0
0.101037 0 0 1 1 0
0.101142 0 0 1 1 0
0.101247 0 0 1 1 0
0.101352 0 0 1 1 0
0.101457 0 0 1 1 0
0.101563 0 0 1 1 0
0.101668 0 0 1 1 0
0.101773 0 0 1 1 0
0.101878 0 0 1 1 0
0.101983 0 0 1 1 0
0.102088 0 0 1 1 0
0.102193 0 0 1 1 0
0.102298 0 0 1 1 0
0.102403 0 0 1 1 0
0.102508 0 0 1 1 0
0.102613 0 0 1 1 0
0.102718 0 0 1 1 0
0.102823 0 0 1 1 0
0.102928 0 0 1 1 0
0.103033 0 0 1 1 0
0.103138 0 0 1 1 0
0.103244 0 0 1 1 0
0.103349 0 0 1 1 0
0.103454 0 0 1 1 0
0.103559 0 0 1 1 0
0.103664 0 0 1 1 0
0.103769 0 0 1 1 0
0.103874 0 0 1 1 0
0.103979 0 0 1 1 0
0.104085 0 0 1 1 0
0.10419 0 0 1 1 0
0.104295 0 0 1 1 0
0.1044 0 0 1 1 0
0.104505 0 0 1 1 0
0.10461 0 0 1 1 0
0.104716 0 0 1 1 0
0.104821 0 0 1 1 0
0.104926 0 0 1 1 0
0.105031 0 0 1 1 0
0.105136 0 0 1 1 0
0.105241 0 0 1 1 0
0.105347 0 0 1 1 0
0.105452 0 0 1 1 0
0.105557 0 0 1 1 0
0.105662 0 0 1 1 0
0.105767 0 0 1 1 0
0.105873 0 0 1 1 0
0.105978 0 0 1 1 0
0.106083 0 0 1 1 0
0.106188 0 0 1 1 0
0.106294 0 0 1 1 0
0.106399 0 0 1 1 0
0.106504 0 0 1 1 0
0.106609 0 0 1 1 0
0.106714 0 0 1 1 0
0.10682 0 0 1 1 0
0.106925 0 0 1 1 0
0.10703 0 0 1 1 0
0.107135 0 0 1 1 0
0.107241 0 0 1 1 0
0.107346 0 0 1 1 0
0.107451 0 0 1 1 0
0.107556 0 0 1 1 0
0.107662 0 0 1 1 0
0.107767 0 0 1 1 0
0.107872 0 0 1 1 0
0.107978 0 0 1 1 0
0.108083 0 0 1 1 0
0.108188 0 0 1 1 0
0.108293 0 0 1 1 0
0.108399 0 0 1 1 0
0.108504 0 0 1 1 0
0.108609 0 0 1 1 0
0.108715 0 0 1 1 0
0.10882 0 0 1 1 0
0.108925 0 0 1 1 0
0.109031 0 0 1 1 0
0.109136 0 0 1 1 0
0.109241 0 0 1 1 0
0.109347 0 0 1 1 0
0.109452 0 0 1 1 0
0.109557 0 0 1 1 0
0.109663 0 0 1 1 0
0.109768 0 0 1 1 0
0.109873 0 0 1 1 0
0.109979 0 0 1 1 0
0.110084 0 0 1 1 0
0.110189 0 0 1 1 0
0.110295 0 0 1 1 0
0.1104 0 0 1 1 0
0.110505 0 0 1 1 0
0.110611 0 0 1 1 0
0.110716 0 0 1 1 0
0.110821 0 0 1 1 0
0.110927 0 0 1 1 0
0.111032 0 0 1 1 0
0.111137 0 0 1 1 0
0.111243 0 0 1 1 0
0.111348 0 0 1 1 0
0.111454 0 0 1 1 0
0.111559 0 0 1 1 0
0.111664 0 0 1 1 0
0.11177 0 0 1 1 0
0.111875 0 0 1 1 0
0.11198 0 0 1 1 0
0.112086 0 0 1 1 0
0.112191 0 0 1 1 0
0.112297 0 0 1 1 0
0.112402 0 0 1 1 0
0.112507 0 0 1 1 0
0.112613 0 0 1 1 0
0.112718 0 0 1 1 0
0.112824 0 0 1 1 0
0.112929 0 0 1 1 0
0.113035 0 0 1 1 0
0.11314 0 0 1 1 0
0.113245 0 0 1 1 0
0.113351 0 0 1 1 0
0.113456 0 0 1 1 0
0.113562 0 0 1 1 0
0.113667 0 0 1 1 0
0.113773 0 0 1 1 0
0.113878 0 0 1 1 0
0.113983 0 0 1 1 0
0.114089 0 0 1 1 0
0.114194 0 0 1 1 0
0.1143 0 0 1 1 0
0.114405 0 0 1 1 0
0.114511 0 0 1 1 0
0.114616 0 0 1 1 0
0.114721 0 0 1 1 0
0.114827 0 0 1 1 0
0.114932 0 0 1 1 0
0.115038 0 0 1 1 0
0.115143 0 0 1 1 0
0.115249 0 0 1 1 0
0.115354 0 0 1 1 0
0.11546 0 0 1 1 0
0.115565 0 0 1 1 0
0.115671 0 0 1 1 0
0.115776 0 0 1 1 0
0.115882 0 0 1 1 0
0.115987 0 0 1 1 0
0.116093 0 0 1 1 0
0.116198 0 0 1 1 0
0.116303 0 0 1 1 0
0.116409 0 0 1 1 0
0.116514 0 0 1 1 0
0.11662 0 0 1 1 0
0.116725 0 0 1 1 0
0.116831 0 0 1 1 0
0.116936 0 0 1 1 0
0.117042 0 0 1 1 0
0.117147 0 0 1 1 0
0.117253 0 0 1 1 0
0.117358 0 0 1 1 0
0.117464 0 0 1 1 0
0.117569 0 0 1 1 0
0.117675 0 0 1 1 0
0.11778 0 0 1 1 0
0.117886 0 0 1 1 0
0.117991 0 0 1 1 0
0.118097 0 0 1 1 0
0.118202 0 0 1 1 0
0.118308 0 0 1 1 0
0.118413 0 0 1 1 0
0.118519 0 0 1 1 0
0.118625 0 0 1 1 0
0.11873 0 0 1 1 0
0.118836 0 0 1 1 0
0.118941 0 0 1 1 0
0.119047 0 0 1 1 0
0.119152 0 0 1 1 0
0.119258 0 0 1 1 0
0.119363 0 0 1 1 0
0.119469 0 0 1 1 0
0.119574 0 0 1 1 0
0.11968 0 0 1 1 0
0.119785 0 0 1 1 0
0.119891 0 0 1 1 0
0.119996 0 0 1 1 0
0.120102 0 0 1 1 0
0.120207 0 0 1 1 0
0.120313 0 0 1 1 0
0.120419 0 0 1 1 0
0.120524 0 0 1 1 0
0.12063 0 0 1 1 0
0.120735 0 0 1 1 0
0.120841 0 0 1 1 0
0.120946 0 0 1 1 0
0.121052 0 0 1 1 0
0.121157 0 0 1 1 0
0.121263 0 0 1 1 0
0.121369 0 0 1 1 0
0.121474 0 0 1 1 0
0.12158 0 0 1 1 0
0.121685 0 0 1 1 0
0.121791 0 0 1 1 0
0.121896 0 0 1 1 0
0.122002 0 0 1 1 0
0.122107 0 0 1 1 0
0.122213 0 0 1 1 0
0.122319 0 0 1 1 0
0.122424 0 0 1 1 0
0.12253 0 0 1 1 0
0.122635 0 0 1 1 0
0.122741 0 0 1 1 0
0.122847 0 0 1 1 0
0.122952 0 0 1 1 0
0.123058 0 0 1 1 0
0.123163 0 0 1 1 0
0.123269 0 0 1 1 0
0.123374 0 0 1 1 0
0.12348 0 0 1 1 0
0.123586 0 0 1 1 0
0.123691 0 0 1 1 0
0.123797 0 0 1 1 0
0.123902 0 0 1 1 0
0.124008 0 0 1 1 0
0.124114 0 0 1 1 0
0.124219 0 0 1 1 0
0.124325 0 0 1 1 0
0.12443 0 0 1 1 0
0.124536 0 0 1 1 0
0.124641 0 0 1 1 0
0.124747 0 0 1 1 0
0.124853 0 0 1 1 0
0.124958 0 0 1 1 0
0.125064 0 0 1 1 0
0.12517 0 0 1 1 0
0.125275 0 0 1 1 0
0.125381 0 0 1 1 0
0.125486 0 0 1 1 0
0.125592 0 0 1 1 0
0.125698 0 0 1 1 0
0.125803 0 0 1 1 0
0.125909 0 0 1 1 0
0.126014 0 0 1 1 0
0.12612 0 0 1 1 0
0.126226 0 0 1 1 0
0.126331 0 0 1 1 0
0.126437 0 0 1 1 0
0.126542 0 0 1 1 0
0.126648 0 0 1 1 0
0.126754 0 0 1 1 0
0.126859 0 0 1 1 0
0.126965 0 0 1 1 0
0.127071 0 0 1 1 0
0.127176 0 0 1 1 0
0.127282 0 0 1 1 0
0.127387 0 0 1 1 0
0.127493 0 0 1 1 0
0.127599 0 0 1 1 0
0.127704 0 0 1 1 0
0.12781 0 0 1 1 0
0.127916 0 0 1 1 0
0.128021 0 0 1 1 0
0.128127 0 0 1 1 0
0.128232 0 0 1 1 0
0.128338 0 0 1 1 0
0.128444 0 0 1 1 0
0.128549 0 0 1 1 0
0.128655 0 0 1 1 0
0.128761 0 0 1 1 0
0.128866 0 0 1 1 0
0.128972 0 0 1 1 0
0.129078 0 0 1 1 0
0.129183 0 0 1 1 0
0.129289 0 0 1 1 0
0.129394 0 0 1 1 0
0.1295 0 0 1 1 0
0.129606 0 0 1 1 0
0.129711 0 0 1 1 0
0.129817 0 0 1 1 0
0.129923 0 0 1 1 0
0.130028 0 0 1 1 0
0.130134 0 0 1 1 0
0.13024 0 0 1 1 0
0.130345 0 0 1 1 0
0.130451 0 0 1 1 0
0.130557 0 0 1 1 0
0.130662 0 0 1 1 0
0.130768 0 0 1 1 0
0.130874 0 0 1 1 0
0.130979 0 0 1 1 0
0.131085 0 0 1 1 0
0.131191 0 0 1 1 0
0.131296 0 0 1 1 0
0.131402 0 0 1 1 0
0.131508 0 0 1 1 0
0.131613 0 0 1 1 0
0.131719 0 0 1 1 0
0.131825 0 0 1 1 0
0.13193 0 0 1 1 0
0.132036 0 0 1 1 0
0.132142 0 0 1 1 0
0.132247 0 0 1 1 0
0.132353 0 0 1 1 0
0.132459 0 0 1 1 0
0.132564 0 0 1 1 0
0.13267 0 0 1 1 0
0.132776 0 0 1 1 0
0.132881 0 0 1 1 0
0.132987 0 0 1 1 0
0.133093 0 0 1 1 0
0.133198 0 0 1 1 0
0.133304 0 0 1 1 0
0.13341 0 0 1 1 0
0.133515 0 0 1 1 0
0.133621 0 0 1 1 0
0.133727 0 0 1 1 0
0.133832 0 0 1 1 0
0.133938 0 0 1 1 0
0.134044 0 0 1 1 0
0.134149 0 0 1 1 0
0.134255 0 0 1 1 0
0.134361 0 0 1 1 0
0.134466 0 0 1 1 0
0.134572 0 0 1 1 0
0.134678 0 0 1 1 0
0.134783 0 0 1 1 0
0.134889 0 0 1 1 0
0.134995 0 0 1 1 0
0.1351 0 0 1 1 0
0.135206 0 0 1 1 0
0.135312 0 0 1 1 0
0.135417 0 0 1 1 0
0.135523 0 0 1 1 0
0.135629 0 0 1 1 0
0.135735 0 0 1 1 0
0.13584 0 0 1 1 0
0.135946 0 0 1 1 0
0.136052 0 0 1 1 0
0.136157 0 0 1 1 0
0.136263 0 0 1 1 0
0.136369 0 0 1 1 0
0.136474 0 0 1 1 0
0.13658 0 0 1 1 0
0.136686 0 0 1 1 0
0.136791 0 0 1 1 0
0.136897 0 0 1 1 0
0.137003 0 0 1 1 0
0.137109 0 0 1 1 0
0.137214 0 0 1 1 0
0.13732 0 0 1 1 0
0.137426 0 0 1 1 0
0.137531 0 0 1 1 0
0.137637 0 0 1 1 0
0.137743 0 0 1 1 0
0.137848 0 0 1 1 0
0.137954 0 0 1 1 0
0.13806 0 0 1 1 0
0.138166 0 0 1 1 0
0.138271 0 0 1 1 0
0.138377 0 0 1 1 0
0.138483 0 0 1 1 0
0.138588 0 0 1 1 0
0.138694 0 0 1 1 0
0.1388 0 0 1 1 0
0.138906 0 0 1 1 0
0.139011 0 0 1 1 0
0.139117 0 0 1 1 0
0.139223 0 0 1 1 0
0.139328 0 0 1 1 0
0.139434 0 0 1 1 0
0.13954 0 0 1 1 0
0.139645 0 0 1 1 0
0.139751 0 0 1 1 0
0.139857 0 0 1 1 0
0.139963 0 0 1 1 0
0.140068 0 0 1 1 0
0.140174 0 0 1 1 0
0.14028 0 0 1 1 0
0.140385 0 0 1 1 0
0.140491 0 0 1 1 0
0.140597 0 0 1 1 0
0.140703 0 0 1 1 0
0.140808 0 0 1 1 0
0.140914 0 0 1 1 0
0.14102 0 0 1 1 0
0.141125 0 0 1 1 0
0.141231 0 0 1 1 0
0.141337 0 0 1 1 0
0.141443 0 0 1 1 0
0.141548 0 0 1 1 0
0.141654 0 0 1 1 0
0.14176 0 0 1 1 0
0.141866 0 0 1 1 0
0.141971 0 0 1 1 0
0.142077 0 0 1 1 0
0.142183 0 0 1 1 0
0.142288 0 0 1 1 0
0.142394 0 0 1 1 0
0.1425 0 0 1 1 0
0.142606 0 0 1 1 0
0.142711 0 0 1 1 0
0.142817 0 0 1 1 0
0.142923 0 0 1 1 0
0.143028 0 0 1 1 0
0.143134 0 0 1 1 0
0.14324 0 0 1 1 0
0.143346 0 0 1 1 0
0.143451 0 0 1 1 0
0.143557 0 0 1 1 0
0.143663 0 0 1 1 0
0.143769 0 0 1 1 0
0.143874 0 0 1 1 0
0.14398 0 0 1 1 0
0.144086 0 0 1 1 0
0.144192 0 0 1 1 0
0.144297 0 0 1 1 0
0.144403 0 0 1 1 0
0.144509 0 0 1 1 0
0.144614 0 0 1 1 0
0.14472 0 0 1 1 0
0.144826 0 0 1 1 0
0.144932 0 0 1 1 0
0.145037 0 0 1 1 0
0.145143 0 0 1 1 0
0.145249 0 0 1 1 0
0.145355 0 0 1 1 0
0.14546 0 0 1 1 0
0.145566 0 0 1 1 0
0.145672 0 0 1 1 0
0.145778 0 0 1 1 0
0.145883 0 0 1 1 0
0.145989 0 0 1 1 0
0.146095 0 0 1 1 0
0.146201 0 0 1 1 0
0.146306 0 0 1 1 0
0.146412 0 0 1 1 0
0.146518 0 0 1 1 0
0.146623 0 0 1 1 0
0.146729 0 0 1 1 0
0.146835 0 0 1 1 0
0.146941 0 0 1 1 0
0.147046 0 0 1 1 0
0.147152 0 0 1 1 0
0.147258 0 0 1 1 0
0.147364 0 0 1 1 0
0.147469 0 0 1 1 0
0.147575 0 0 1 1 0
0.147681 0 0 1 1 0
0.147787 0 0 1 1 0
0.147892 0 0 1 1 0
0.147998 0 0 1 1 0
0.148104 0 0 1 1 0
0.14821 0 0 1 1 0
0.148315 0 0 1 1 0
0.148421 0 0 1 1 0
0.148527 0 0 1 1 0
0.148633 0 0 1 1 0
0.148738 0 0 1 1 0
0.148844 0 0 1 1 0
0.14895 0 0 1 1 0
0.149056 0 0 1 1 0
0.149161 0 0 1 1 0
0.149267 0 0 1 1 0
0.149373 0 0 1 1 0
0.149479 0 0 1 1 0
0.149584 0 0 1 1 0
0.14969 0 0 1 1 0
0.149796 0 0 1 1 0
0.149902 0 0 1 1 0
0.150007 0 0 1 1 0
0.03 1.08694e-322 1.08694e-322 2 1 0
0.0299986 0 0 1 1 0
0.0299971 0 0 1 1 0
0.0299942 0 0 1 1 0
0.0299885 0 0 1 1 0
0.0299769 0 0 1 1 0
0.0299589 0 0 1 1 0
0.029941 0 0 1 1 0
0.029923 0 0 1 1 0
0.0299051 0 0 1 1 0
0.0298872 0 0 1 1 0
0.0298693 0 0 1 1 0
0.0298514 0 0 1 1 0
0.0298336 0 0 1 1 0
0.0298158 0 0 1 1 0
0.029798 0 0 1 1 0
0.0297802 0 0 1 1 0
0.0297625 0 0 1 1 0
0.0297447 0 0 1 1 0
0.029727 0 0 1 1 0
0.0297093 0 0 1 1 0
0.0296917 0 0 1 1 0
0.029674 0 0 1 1 0
0.0296564 0 0 1 1 0
0.0296388 0 0 1 1 0
0.0296212 0 0 1 1 0
0.0296037 0 0 1 1 0
0.0295861 0 0 1 1 0
0.0295686 0 0 1 1 0
0.0295511 0 0 1 1 0
0.0295336 0 0 1 1 0
0.0295162 0 0 1 1 0
0.0294987 0 0 1 1 0
0.0294813 0 0 1 1 0
0.0294639 0 0 1 1 0
0.0294466 0 0 1 1 0
0.0294292 0 0 1 1 0
0.0294119 0 0 1 1 0
0.0293946 0 0 1 1 0
0.0293773 0 0 1 1 0
0.02936 0 0 1 1 0
0.0293428 0 0 1 1 0
0.0293256 0 0 1 1 0
0.0293084 0 0 1 1 0
0.0292912 0 0 1 1 0
0.029274 0 0 1 1 0
0.0292569 0 0 1 1 0
0.0292398 0 0 1 1 0
0.0292227 0 0 1 1 0
0.0292056 0 0 1 1 0
0.0291885 0 0 1 1 0
0.0291715 0 0 1 1 0
0.0291545 0 0 1 1 0
0.0291375 0 0 1 1 0
0.0291205 0 0 1 1 0
0.0291036 0 0 1 1 0
0.0290866 0 0 1 1 0
0.0290697 0 0 1 1 0
0.0290528 0 0 1 1 0
0.0290359 0 0 1 1 0
0.0290191 0 0 1 1 0
0.0290023 0 0 1 1 0
0.0289854 0 0 1 1 0
0.0289687 0 0 1 1 0
0.0289519 0 0 1 1 0
0.0289351 0 0 1 1 0
0.0289184 0 0 1 1 0
0.0289017 0 0 1 1 0
0.028885 0 0 1 1 0
0.0288683 0 0 1 1 0
0.0288517 0 0 1 1 0
0.028835 0 0 1 1 0
0.0288184 0 0 1 1 0
0.0288018 0 0 1 1 0
0.0287853 0 0 1 1 0
0.0287687 0 0 1 1 0
0.0287522 0 0 1 1 0
0.0287357 0 0 1 1 0
0.0287192 0 0 1 1 0
0.0287027 0 0 1 1 0
0.0286863 0 0 1 1 0
0.0286698 0 0 1 1 0
0.0286534 0 0 1 1 0
0.028637 0 0 1 1 0
0.0286207 0 0 1 1 0
0.0286043 0 0 1 1 0
0.028588 0 0 1 1 0
0.0285717 0 0 1 1 0
0.0285554 0 0 1 1 0
0.0285391 0 0 1 1 0
0.0285228 0 0 1 1 0
0.0285066 0 0 1 1 0
0.0284904 0 0 1 1 0
0.0284742 0 0 1 1 0
0.028458 0 0 1 1 0
0.0284419 0 0 1 1 0
0.0284257 0 0 1 1 0
0.0284096 0 0 1 1 0
0.0283935 0 0 1 1 0
0.0283774 0 0 1 1 0
0.0283614 0 0 1 1 0
0.0283453 0 0 1 1 0
0.0283293 0 0 1 1 0
0.0283133 0 0 1 1 0
0.0282973 0 0 1 1 0
0.0282814 0 0 1 1 0
0.0282654 0 0 1 1 0
0.0282495 0 0 1 1 0
0.0282336 0 0 1 1 0
0.0282177 0 0 1 1 0
0.0282018 0 0 1 1 0
0.028186 0 0 1 1 0
0.0281702 0 0 1 1 0
0.0281544 0 0 1 1 0
0.0281386 0 0 1 1 0
0.0281228 0 0 1 1 0
0.028107 0 0 1 1 0
0.0280913 0 0 1 1 0
0.0280756 0 0 1 1 0
0.0280599 0 0 1 1 0
0.0280442 0 0 1 1 0
0.0280286 0 0 1 1 0
0.0280129 0 0 1 1 0
0.0279973 0 0 1 1 0
0.0279817 -4.94066e-324 -4.94066e-324 1 1 0
0.0279662 0 0 1 1 0
0.0279506 0 0 1 1 0
0.0279351 0 0 1 1 0
0.0279195 0 0 1 1 0
0.027904 0 0 1 1 0
0.0278885 0 0 1 1 0
0.0278731 0 0 1 1 0
0.0278576 0 0 1 1 0
0.0278422 0 0 1 1 0
0.0278268 0 0 1 1 0
0.0278114 0 0 1 1 0
0.027796 0 0 1 1 0
0.0277807 0 0 1 1 0
0.0277654 0 0 1 1 0
0.0277501 0 0 1 1 0
0.0277348 0 0 1 1 0
0.0277195 0 0 1 1 0
0.0277042 0 0 1 1 0
0.027689 0 0 1 1 0
0.0276738 0 0 1 1 0
0.0276586 0 0 1 1 0
0.0276434 0 0 1 1 0
0.0276282 0 0 1 1 0
0.0276131 0 0 1 1 0
0.027598 0 0 1 1 0
0.0275829 0 0 1 1 0
0.0275678 0 0 1 1 0
0.0275527 0 0 1 1 0
0.0275377 0 0 1 1 0
0.0275226 0 0 1 1 0
0.0275076 0 0 1 1 0
0.0274926 0 0 1 1 0
0.0274776 0 0 1 1 0
0.0274627 0 0 1 1 0
0.0274478 0 0 1 1 0
0.0274328 0 0 1 1 0
0.0274179 0 0 1 1 0
0.0274031 0 0 1 1 0
0.0273882 0 0 1 1 0
0.0273733 0 0 1 1 0
0.0273585 0 0 1 1 0
0.0273437 0 0 1 1 0
0.0273289 0 0 1 1 0
0.0273142 0 0 1 1 0
0.0272994 0 0 1 1 0
0.0272847 0 0 1 1 0
0.02727 0 0 1 1 0
0.0272553 0 0 1 1 0
0.0272406 0 0 1 1 0
0.0272259 0 0 1 1 0
0.0272113 0 0 1 1 0
0.0271967 0 0 1 1 0
0.0271821 0 0 1 1 0
0.0271675 0 0 1 1 0
0.0271529 0 0 1 1 0
0.0271384 0 0 1 1 0
0.0271239 0 0 1 1 0
0.0271094 0 0 1 1 0
0.0270949 0 0 1 1 0
0.0270804 0 0 1 1 0
0.0270659 0 0 1 1 0
0.0270515 0 0 1 1 0
0.0270371 0 0 1 1 0
0.0270227 0 0 1 1 0
0.0270083 0 0 1 1 0
0.026994 0 0 1 1 0
0.0269796 0 0 1 1 0
0.0269653 0 0 1 1 0
0.026951 0 0 1 1 0
0.0269367 0 0 1 1 0
0.0269225 0 0 1 1 0
0.0269082 0 0 1 1 0
0.026894 0 0 1 1 0
0.0268798 0 0 1 1 0
0.0268656 0 0 1 1 0
0.0268514 0 0 1 1 0
0.0268373 0 0 1 1 0
0.0268231 0 0 1 1 0
0.026809 0 0 1 1 0
0.0267949 0 0 1 1 0
0.0267808 0 0 1 1 0
0.0267668 0 0 1 1 0
0.0267527 0 0 1 1 0
0.0267387 0 0 1 1 0
0.0267247 0 0 1 1 0
0.0267107 0 0 1 1 0
0.0266967 0 0 1 1 0
0.0266828 -4.94066e-324 -4.94066e-324 1 1 0
0.0266688 -4.94066e-324 -4.94066e-324 1 1 0
0.0266549 4.94066e-324 4.94066e-324 1 1 0
0.026641 4.94066e-324 4.94066e-324 1 1 0
0.0266272 -4.94066e-324 -4.94066e-324 1 1 0
0.0266133 -4.94066e-324 -4.94066e-324 1 1 0
0.0265995 4.94066e-324 4.94066e-324 1 1 0
0.0265857 4.94066e-324 4.94066e-324 1 1 0
0.0265718 -4.94066e-324 -4.94066e-324 1 1 0
0.0265581 -4.94066e-324 -4.94066e-324 1 1 0
0.0265443 4.94066e-324 4.94066e-324 1 1 0
0.0265306 4.94066e-324 4.94066e-324 1 1 0
0.0265168 -4.94066e-324 -4.94066e-324 1 1 0
0.0265031 -4.94066e-324 -4.94066e-324 1 1 0
0.0264894 4.94066e-324 4.94066e-324 1 1 0
0.0264758 4.94066e-324 4.94066e-324 1 1 0
0.0264621 -4.94066e-324 -4.94066e-324 1 1 0
0.0264485 -4.94066e-324 -4.94066e-324 1 1 0
0.0264349 4.94066e-324 4.94066e-324 1 1 0
0.0264213 4.94066e-324 4.94066e-324 1 1 0
0.0264077 -4.94066e-324 -4.94066e-324 1 1 0
0.0263941 -4.94066e-324 -4.94066e-324 1 1 0
0.0263806 4.94066e-324 4.94066e-324 1 1 0
0.0263671 0 0 1 1 0
0.0263536 0 0 1 1 0
0.0263401 0 0 1 1 0
0.0263266 0 0 1 1 0
0.0263132 0 0 1 1 0
0.0262997 0 0 1 1 0
0.0262863 0 0 1 1 0
0.0262729 0 0 1 1 0
0.0262596 0 0 1 1 0
0.0262462 0 0 1 1 0
0.0262329 0 0 1 1 0
0.0262196 0 0 1 1 0
0.0262063 0 0 1 1 0
0.026193 0 0 1 1 0
0.0261797 0 0 1 1 0
0.0261665 0 0 1 1 0
0.0261533 0 0 1 1 0
0.0261401 0 0 1 1 0
0.0261269 0 0 1 1 0
0.0261137 0 0 1 1 0
0.0261006 0 0 1 1 0
0.0260874 0 0 1 1 0
0.0260743 0 0 1 1 0
0.0260612 0 0 1 1 0
0.0260482 0 0 1 1 0
0.0260351 0 0 1 1 0
0.0260221 0 0 1 1 0
0.026009 0 0 1 1 0
0.0259961 0 0 1 1 0
0.0259831 0 0 1 1 0
0.0259701 0 0 1 1 0
0.0259572 0 0 1 1 0
0.0259442 0 0 1 1 0
0.0259313 0 0 1 1 0
0.0259185 0 0 1 1 0
0.0259056 0 0 1 1 0
0.0258928 -4.94066e-324 -4.94066e-324 1 1 0
0.0258799 -4.94066e-324 -4.94066e-324 1 1 0
0.0258671 4.94066e-324 4.94066e-324 1 1 0
0.0258543 -4.94066e-324 -4.94066e-324 1 1 0
0.0258416 -4.94066e-324 -4.94066e-324 1 1 0
0.0258288 4.94066e-324 4.94066e-324 1 1 0
0.0258161 -4.94066e-324 -4.94066e-324 1 1 0
0.0258034 4.94066e-324 4.94066e-324 1 1 0
0.0257907 -4.94066e-324 -4.94066e-324 1 1 0
0.025778 4.94066e-324 4.94066e-324 1 1 0
0.0257653 -4.94066e-324 -4.94066e-324 1 1 0
0.0257527 4.94066e-324 4.94066e-324 1 1 0
0.0257401 4.94066e-324 4.94066e-324 1 1 0
0.0257275 -4.94066e-324 -4.94066e-324 1 1 0
0.0257149 -4.94066e-324 -4.94066e-324 1 1 0
0.0257023 -4.94066e-324 -4.94066e-324 1 1 0
0.0256898 -4.94066e-324 -4.94066e-324 1 1 0
0.0256773 -4.94066e-324 -4.94066e-324 1 1 0
0.0256648 -4.94066e-324 -4.94066e-324 1 1 0
0.0256523 -4.94066e-324 -4.94066e-324 1 1 0
0.0256398 -4.94066e-324 -4.94066e-324 1 1 0
0.0256274 -4.94066e-324 -4.94066e-324 1 1 0
0.0256149 -4.94066e-324 -4.94066e-324 1 1 0
0.0256025 -4.94066e-324 -4.94066e-324 1 1 0
0.0255901 -4.94066e-324 -4.94066e-324 1 1 0
0.0255778 -4.94066e-324 -4.94066e-324 1 1 0
0.0255654 -4.94066e-324 -4.94066e-324 1 1 0
0.0255531 -4.94066e-324 -4.94066e-324 1 1 0
0.0255408 -4.94066e-324 -4.94066e-324 1 1 0
0.0255285 -4.94066e-324 -4.94066e-324 1 1 0
0.0255162 -4.94066e-324 -4.94066e-324 1 1 0
0.0255039 -4.94066e-324 -4.94066e-324 1 1 0
0.0254917 -4.94066e-324 -4.94066e-324 1 1 0
0.0254795 -9.88131e-324 -9.88131e-324 1 1 0
0.0254673 -9.88131e-324 -9.88131e-324 1 1 0
0.0254551 0 0 1 1 0
0.0254429 0 0 1 1 0
0.0254308 0 0 1 1 0
0.0254187 0 0 1 1 0
0.0254066 0 0 1 1 0
0.0253945 0 0 1 1 0
0.0253824 0 0 1 1 0
0.0253704 0 0 1 1 0
0.0253584 0 0 1 1 0
0.0253464 0 0 1 1 0
0.0253344 0 0 1 1 0
0.0253224 0 0 1 1 0
0.0253105 0 0 1 1 0
0.0252985 0 0 1 1 0
0.0252866 0 0 1 1 0
0.0252747 0 0 1 1 0
0.0252629 0 0 1 1 0
0.025251 0 0 1 1 0
0.0252392 0 0 1 1 0
0.0252274 0 0 1 1 0
0.0252156 -4.94066e-324 -4.94066e-324 1 1 0
0.0252038 -4.94066e-324 -4.94066e-324 1 1 0
0.0251921 -4.94066e-324 -4.94066e-324 1 1 0
0.0251803 -4.94066e-324 -4.94066e-324 1 1 0
0.0251686 -4.94066e-324 -4.94066e-324 1 1 0
0.0251569 -4.94066e-324 -4.94066e-324 1 1 0
0.0251453 -4.94066e-324 -4.94066e-324 1 1 0
0.0251336 -4.94066e-324 -4.94066e-324 1 1 0
0.025122 -4.94066e-324 -4.94066e-324 1 1 0
0.0251104 -4.94066e-324 -4.94066e-324 1 1 0
0.0250988 -4.94066e-324 -4.94066e-324 1 1 0
0.0250872 -4.94066e-324 -4.94066e-324 1 1 0
0.0250756 -4.94066e-324 -4.94066e-324 1 1 0
0.0250641 -4.94066e-324 -4.94066e-324 1 1 0
0.0250526 -4.94066e-324 -4.94066e-324 1 1 0
0.0250411 -4.94066e-324 -4.94066e-324 1 1 0
0.0250296 -4.94066e-324 -4.94066e-324 1 1 0
0.0250182 -4.94066e-324 -4.94066e-324 1 1 0
0.0250067 -4.94066e-324 -4.94066e-324 1 1 0
0.0249953 -4.94066e-324 -4.94066e-324 1 1 0
0.0249839 -4.94066e-324 -4.94066e-324 1 1 0
0.0249725 -4.94066e-324 -4.94066e-324 1 1 0
0.0249612 -4.94066e-324 -4.94066e-324 1 1 0
0.0249498 -4.94066e-324 -4.94066e-324 1 1 0
0.0249385 -4.94066e-324 -4.94066e-324 1 1 0
0.0249272 -4.94066e-324 -4.94066e-324 1 1 0
0.024916 -4.94066e-324 -4.94066e-324 1 1 0
0.0249047 -4.94066e-324 -4.94066e-324 1 1 0
0.0248935 -4.94066e-324 -4.94066e-324 1 1 0
0.0248822 -9.88131e-324 -9.88131e-324 1 1 0
0.024871 -9.88131e-324 -9.88131e-324 1 1 0
0.0248599 0 0 1 1 0
0.0248487 0 0 1 1 0
0.0248376 0 0 1 1 0
0.0248265 0 0 1 1 0
0.0248154 0 0 1 1 0
0.0248043 0 0 1 1 0
0.0247932 0 0 1 1 0
0.0247822 0 0 1 1 0
0.0247712 0 0 1 1 0
0.0247602 0 0 1 1 0
0.0247492 0 0 1 1 0
0.0247383 0 0 1 1 0
0.0247273 0 0 1 1 0
0.0247164 0 0 1 1 0
0.0247055 0 0 1 1 0
0.0246946 0 0 1 1 0
0.0246838 0 0 1 1 0
0.024673 0 0 1 1 0
0.0246621 0 0 1 1 0
0.0246514 0 0 1 1 0
0.0246406 0 0 1 1 0
0.0246298 0 0 1 1 0
0.0246191 0 0 1 1 0
0.0246084 0 0 1 1 0
0.0245977 0 0 1 1 0
0.024587 -4.94066e-324 -4.94066e-324 1 1 0
0.0245764 -4.94066e-324 -4.94066e-324 1 1 0
0.0245658 -4.94066e-324 -4.94066e-324 1 1 0
0.0245552 -4.94066e-324 -4.94066e-324 1 1 0
0.0245446 -4.94066e-324 -4.94066e-324 1 1 0
0.024534 -4.94066e-324 -4.94066e-324 1 1 0
0.0245235 -4.94066e-324 -4.94066e-324 1 1 0
0.0245129 -4.94066e-324 -4.94066e-324 1 1 0
0.0245024 -4.94066e-324 -4.94066e-324 1 1 0
0.024492 -4.94066e-324 -4.94066e-324 1 1 0
0.0244815 -4.94066e-324 -4.94066e-324 1 1 0
0.0244711 -4.94066e-324 -4.94066e-324 1 1 0
0.0244606 -4.94066e-324 -4.94066e-324 1 1 0
0.0244502 -4.94066e-324 -4.94066e-324 1 1 0
0.0244399 -4.94066e-324 -4.94066e-324 1 1 0
0.0244295 -4.94066e-324 -4.94066e-324 1 1 0
0.0244192 -4.94066e-324 -4.94066e-324 1 1 0
0.0244089 -4.94066e-324 -4.94066e-324 1 1 0
0.0243986 -4.94066e-324 -4.94066e-324 1 1 0
0.0243883 -4.94066e-324 -4.94066e-324 1 1 0
0.024378 -4.94066e-324 -4.94066e-324 1 1 0
0.0243678 -4.94066e-324 -4.94066e-324 1 1 0
0.0243576 -4.94066e-324 -4.94066e-324 1 1 0
0.0243474 -4.94066e-324 -4.94066e-324 1 1 0
0.0243372 -4.94066e-324 -4.94066e-324 1 1 0
0.0243271 -9.88131e-324 -9.88131e-324 1 1 0
0.024317 -9.88131e-324 -9.88131e-324 1 1 0
0.0243069 4.94066e-324 4.94066e-324 1 1 0
0.0242968 -9.88131e-324 -9.88131e-324 1 1 0
0.0242867 4.94066e-324 4.94066e-324 1 1 0
0.0242767 -9.88131e-324 -9.88131e-324 1 1 0
0.0242667 4.94066e-324 4.94066e-324 1 1 0
0.0242567 -9.88131e-324 -9.88131e-324 1 1 0
0.0242467 4.94066e-324 4.94066e-324 1 1 0
0.0242367 -9.88131e-324 -9.88131e-324 1 1 0
0.0242268 4.94066e-324 4.94066e-324 1 1 0
0.0242169 -9.88131e-324 -9.88131e-324 1 1 0
0.024207 0 0 1 1 0
0.0241971 0 0 1 1 0
0.0241873 0 0 1 1 0
0.0241775 0 0 1 1 0
0.0241677 0 0 1 1 0
0.0241579 0 0 1 1 0
0.0241481 0 0 1 1 0
0.0241384 0 0 1 1 0
0.0241287 0 0 1 1 0
0.024119 0 0 1 1 0
0.0241093 0 0 1 1 0
0.0240996 0 0 1 1 0
0.02409 0 0 1 1 0
0.0240804 0 0 1 1 0
0.0240708 0 0 1 1 0
0.0240612 0 0 1 1 0
0.0240517 0 0 1 1 0
0.0240422 0 0 1 1 0
0.0240327 0 0 1 1 0
0.0240232 0 0 1 1 0
0.0240138 0 0 1 1 0
0.0240043 0 0 1 1 0
0.0239949 0 0 1 1 0
0.0239855 0 0 1 1 0
0.0239762 0 0 1 1 0
0.0239668 0 0 1 1 0
0.0239575 -4.94066e-324 -4.94066e-324 1 1 0
0.0239482 -1.4822e-323 -1.4822e-323 1 1 0
0.0239389 -4.94066e-324 -4.94066e-324 1 1 0
0.0239297 9.88131e-324 9.88131e-324 1 1 0
0.0239204 -4.94066e-324 -4.94066e-324 1 1 0
0.0239112 9.88131e-324 9.88131e-324 1 1 0
0.023902 -4.94066e-324 -4.94066e-324 1 1 0
0.0238929 9.88131e-324 9.88131e-324 1 1 0
0.0238837 -4.94066e-324 -4.94066e-324 1 1 0
0.0238746 9.88131e-324 9.88131e-324 1 1 0
0.0238655 -4.94066e-324 -4.94066e-324 1 1 0
0.0238565 9.88131e-324 9.88131e-324 1 1 0
0.0238474 -4.94066e-324 -4.94066e-324 1 1 0
0.0238384 9.88131e-324 9.88131e-324 1 1 0
0.0238294 -4.94066e-324 -4.94066e-324 1 1 0
0.0238204 9.88131e-324 9.88131e-324 1 1 0
0.0238114 -4.94066e-324 -4.94066e-324 1 1 0
0.0238025 9.88131e-324 9.88131e-324 1 1 0
0.0237936 -4.94066e-324 -4.94066e-324 1 1 0
0.0237847 4.94066e-324 4.94066e-324 1 1 0
0.0237758 4.94066e-324 4.94066e-324 1 1 0
0.023767 4.94066e-324 4.94066e-324 1 1 0
0.0237582 4.94066e-324 4.94066e-324 1 1 0
0.0237494 4.94066e-324 4.94066e-324 1 1 0
0.0237406 4.94066e-324 4.94066e-324 1 1 0
0.0237318 4.94066e-324 4.94066e-324 1 1 0
0.0237231 4.94066e-324 4.94066e-324 1 1 0
0.0237144 4.94066e-324 4.94066e-324 1 1 0
0.0237057 4.94066e-324 4.94066e-324 1 1 0
0.023697 4.94066e-324 4.94066e-324 1 1 0
0.0236884 4.94066e-324 4.94066e-324 1 1 0
0.0236798 4.94066e-324 4.94066e-324 1 1 0
0.0236712 4.94066e-324 4.94066e-324 1 1 0
0.0236626 4.94066e-324 4.94066e-324 1 1 0
0.0236541 4.94066e-324 4.94066e-324 1 1 0
0.0236456 4.94066e-324 4.94066e-324 1 1 0
0.0236371 4.94066e-324 4.94066e-324 1 1 0
0.0236286 4.94066e-324 4.94066e-324 1 1 0
0.0236202 4.94066e-324 4.94066e-324 1 1 0
0.0236117 4.94066e-324 4.94066e-324 1 1 0
0.0236033 4.94066e-324 4.94066e-324 1 1 0
0.023595 0 0 1 1 0
0.0235866 0 0 1 1 0
0.0235783 0 0 1 1 0
0.02357 0 0 1 1 0
0.0235617 0 0 1 1 0
0.0235535 0 0 1 1 0
0.0235452 0 0 1 1 0
0.023537 0 0 1 1 0
0.0235288 0 0 1 1 0
0.0235207 0 0 1 1 0
0.0235125 0 0 1 1 0
0.0235044 0 0 1 1 0
0.0234963 0 0 1 1 0
0.0234883 0 0 1 1 0
0.0234802 0 0 1 1 0
0.0234722 0 0 1 1 0
0.0234642 0 0 1 1 0
0.0234563 0 0 1 1 0
0.0234483 0 0 1 1 0
0.0234404 0 0 1 1 0
0.0234325 0 0 1 1 0
0.0234247 0 0 1 1 0
0.0234168 0 0 1 1 0
0.023409 -4.94066e-324 -4.94066e-324 1 1 0
0.0234012 -4.94066e-324 -4.94066e-324 1 1 0
0.0233934 -4.94066e-324 -4.94066e-324 1 1 0
0.0233857 -4.94066e-324 -4.94066e-324 1 1 0
0.023378 -4.94066e-324 -4.94066e-324 1 1 0
0.0233703 -4.94066e-324 -4.94066e-324 1 1 0
0.0233626 -4.94066e-324 -4.94066e-324 1 1 0
0.023355 -4.94066e-324 -4.94066e-324 1 1 0
0.0233474 -4.94066e-324 -4.94066e-324 1 1 0
0.0233398 -4.94066e-324 -4.94066e-324 1 1 0
0.0233322 -4.94066e-324 -4.94066e-324 1 1 0
0.0233247 -4.94066e-324 -4.94066e-324 1 1 0
0.0233172 -4.94066e-324 -4.94066e-324 1 1 0
0.0233097 -4.94066e-324 -4.94066e-324 1 1 0
0.0233022 -4.94066e-324 -4.94066e-324 1 1 0
0.0232948 -4.94066e-324 -4.94066e-324 1 1 0
0.0232874 -4.94066e-324 -4.94066e-324 1 1 0
0.02328 -4.94066e-324 -4.94066e-324 1 1 0
0.0232726 -4.94066e-324 -4.94066e-324 1 1 0
0.0232653 -4.94066e-324 -4.94066e-324 1 1 0
0.023258 -4.94066e-324 -4.94066e-324 1 1 0
0.0232507 -4.94066e-324 -4.94066e-324 1 1 0
0.0232435 -9.88131e-324 -9.88131e-324 1 1 0
0.0232362 -9.88131e-324 -9.88131e-324 1 1 0
0.023229 -9.88131e-324 -9.88131e-324 1 1 0
0.0232219 -9.88131e-324 -9.88131e-324 1 1 0
0.0232147 -9.88131e-324 -9.88131e-324 1 1 0
0.0232076 -9.88131e-324 -9.88131e-324 1 1 0
0.0232005 -9.88131e-324 -9.88131e-324 1 1 0
0.0231934 -9.88131e-324 -9.88131e-324 1 1 0
0.0231864 -9.88131e-324 -9.88131e-324 1 1 0
0.0231794 -9.88131e-324 -9.88131e-324 1 1 0
0.0231724 -9.88131e-324 -9.88131e-324 1 1 0
0.0231654 -9.88131e-324 -9.88131e-324 1 1 0
0.0231585 -9.88131e-324 -9.88131e-324 1 1 0
0.0231516 -9.88131e-324 -9.88131e-324 1 1 0
0.0231447 -9.88131e-324 -9.88131e-324 1 1 0
0.0231378 -9.88131e-324 -9.88131e-324 1 1 0
0.023131 -9.88131e-324 -9.88131e-324 1 1 0
0.0231242 -9.88131e-324 -9.88131e-324 1 1 0
0.0231174 -9.88131e-324 -9.88131e-324 1 1 0
0.0231107 -9.88131e-324 -9.88131e-324 1 1 0
0.023104 -9.88131e-324 -9.88131e-324 1 1 0
0.0230973 -9.88131e-324 -9.88131e-324 1 1 0
0.0230906 -9.88131e-324 -9.88131e-324 1 1 0
0.023084 -9.88131e-324 -9.88131e-324 1 1 0
0.0230774 -1.4822e-323 -1.4822e-323 1 1 0
0.0230708 4.94066e-324 4.94066e-324 1 1 0
0.0230642 -1.4822e-323 -1.4822e-323 1 1 0
0.0230577 4.94066e-324 4.94066e-324 1 1 0
0.0230512 -1.4822e-323 -1.4822e-323 1 1 0
0.0230447 4.94066e-324 4.94066e-324 1 1 0
0.0230383 -1.4822e-323 -1.4822e-323 1 1 0
0.0230319 4.94066e-324 4.94066e-324 1 1 0
0.0230255 -1.4822e-323 -1.4822e-323 1 1 0
0.0230191 4.94066e-324 4.94066e-324 1 1 0
0.0230128 -1.4822e-323 -1.4822e-323 1 1 0
0.0230065 4.94066e-324 4.94066e-324 1 1 0
0.0230002 -1.4822e-323 -1.4822e-323 1 1 0
0.022994 4.94066e-324 4.94066e-324 1 1 0
0.0229878 -1.4822e-323 -1.4822e-323 1 1 0
0.0229816 4.94066e-324 4.94066e-324 1 1 0
0.0229755 -1.4822e-323 -1.4822e-323 1 1 0
0.0229693 4.94066e-324 4.94066e-324 1 1 0
0.0229632 -1.97626e-323 -1.97626e-323 1 1 0
0.0229572 4.94066e-324 4.94066e-324 1 1 0
0.0229511 -1.97626e-323 -1.97626e-323 1 1 0
0.0229451 0 0 1 1 0
0.0229391 0 0 1 1 0
0.0229332 0 0 1 1 0
0.0229273 0 0 1 1 0
0.0229214 0 0 1 1 0
0.0229155 0 0 1 1 0
0.0229097 0 0 1 1 0
0.0229039 0 0 1 1 0
0.0228981 0 0 1 1 0
0.0228924 0 0 1 1 0
0.0228866 0 0 1 1 0
0.022881 0 0 1 1 0
0.0228753 0 0 1 1 0
0.0228697 0 0 1 1 0
0.0228641 0 0 1 1 0
0.0228585 0 0 1 1 0
0.022853 -4.94066e-324 -4.94066e-324 1 1 0
0.0228475 -4.94066e-324 -4.94066e-324 1 1 0
0.022842 -4.94066e-324 -4.94066e-324 1 1 0
0.0228366 -4.94066e-324 -4.94066e-324 1 1 0
0.0228312 -4.94066e-324 -4.94066e-324 1 1 0
0.0228258 -4.94066e-324 -4.94066e-324 1 1 0
0.0228205 -4.94066e-324 -4.94066e-324 1 1 0
0.0228152 -4.94066e-324 -4.94066e-324 1 1 0
0.0228099 -4.94066e-324 -4.94066e-324 1 1 0
0.0228046 -4.94066e-324 -4.94066e-324 1 1 0
0.0227994 -4.94066e-324 -4.94066e-324 1 1 0
0.0227942 -4.94066e-324 -4.94066e-324 1 1 0
0.0227891 -4.94066e-324 -4.94066e-324 1 1 0
0.022784 -4.94066e-324 -4.94066e-324 1 1 0
0.0227789 -4.94066e-324 -4.94066e-324 1 1 0
0.0227738 -4.94066e-324 -4.94066e-324 1 1 0
0.0227688 -9.88131e-324 -9.88131e-324 1 1 0
0.0227638 -9.88131e-324 -9.88131e-324 1 1 0
0.0227588 -9.88131e-324 -9.88131e-324 1 1 0
0.0227539 -9.88131e-324 -9.88131e-324 1 1 0
0.022749 -9.88131e-324 -9.88131e-324 1 1 0
0.0227442 -9.88131e-324 -9.88131e-324 1 1 0
0.0227393 -9.88131e-324 -9.88131e-324 1 1 0
0.0227345 -9.88131e-324 -9.88131e-324 1 1 0
0.0227298 -9.88131e-324 -9.88131e-324 1 1 0
0.0227251 -9.88131e-324 -9.88131e-324 1 1 0
0.0227204 -9.88131e-324 -9.88131e-324 1 1 0
0.0227157 -9.88131e-324 -9.88131e-324 1 1 0
0.0227111 -9.88131e-324 -9.88131e-324 1 1 0
0.0227065 -9.88131e-324 -9.88131e-324 1 1 0
0.0227019 -9.88131e-324 -9.88131e-324 1 1 0
0.0226974 -9.88131e-324 -9.88131e-324 1 1 0
0.0226929 -9.88131e-324 -9.88131e-324 1 1 0
0.0226884 -1.4822e-323 -1.4822e-323 1 1 0
0.022684 9.88131e-324 9.88131e-324 1 1 0
0.0226796 -1.4822e-323 -1.4822e-323 1 1 0
0.0226753 9.88131e-324 9.88131e-324 1 1 0
0.022671 -1.4822e-323 -1.4822e-323 1 1 0
0.0226667 9.88131e-324 9.88131e-324 1 1 0
0.0226624 -1.4822e-323 -1.4822e-323 1 1 0
0.0226582 9.88131e-324 9.88131e-324 1 1 0
0.022654 -1.4822e-323 -1.4822e-323 1 1 0
0.0226499 9.88131e-324 9.88131e-324 1 1 0
0.0226458 -1.4822e-323 -1.4822e-323 1 1 0
0.0226417 9.88131e-324 9.88131e-324 1 1 0
0.0226377 -1.4822e-323 -1.4822e-323 1 1 0
0.0226337 4.94066e-324 4.94066e-324 1 1 0
0.0226297 4.94066e-324 4.94066e-324 1 1 0
0.0226258 4.94066e-324 4.94066e-324 1 1 0
0.0226219 4.94066e-324 4.94066e-324 1 1 0
0.022618 4.94066e-324 4.94066e-324 1 1 0
0.0226142 4.94066e-324 4.94066e-324 1 1 0
0.0226104 4.94066e-324 4.94066e-324 1 1 0
0.0226067 4.94066e-324 4.94066e-324 1 1 0
0.022603 4.94066e-324 4.94066e-324 1 1 0
0.0225993 4.94066e-324 4.94066e-324 1 1 0
0.0225957 4.94066e-324 4.94066e-324 1 1 0
0.0225921 4.94066e-324 4.94066e-324 1 1 0
0.0225885 4.94066e-324 4.94066e-324 1 1 0
0.022585 0 0 1 1 0
0.0225815 0 0 1 1 0
0.0225781 0 0 1 1 0
0.0225747 0 0 1 1 0
0.0225713 0 0 1 1 0
0.022568 0 0 1 1 0
0.0225647 0 0 1 1 0
0.0225615 0 0 1 1 0
0.0225583 0 0 1 1 0
0.0225551 0 0 1 1 0
0.022552 0 0 1 1 0
0.0225489 0 0 1 1 0
0.0225458 0 0 1 1 0
0.0225428 0 0 1 1 0
0.0225398 0 0 1 1 0
0.0225369 -4.94066e-324 -4.94066e-324 1 1 0
0.022534 -4.94066e-324 -4.94066e-324 1 1 0
0.0225312 -4.94066e-324 -4.94066e-324 1 1 0
0.0225284 -4.94066e-324 -4.94066e-324 1 1 0
0.0225256 -4.94066e-324 -4.94066e-324 1 1 0
0.0225229 -4.94066e-324 -4.94066e-324 1 1 0
0.0225202 -4.94066e-324 -4.94066e-324 1 1 0
0.0225175 -4.94066e-324 -4.94066e-324 1 1 0
0.0225149 -4.94066e-324 -4.94066e-324 1 1 0
0.0225124 -4.94066e-324 -4.94066e-324 1 1 0
0.0225099 -4.94066e-324 -4.94066e-324 1 1 0
0.0225074 -4.94066e-324 -4.94066e-324 1 1 0
0.022505 -4.94066e-324 -4.94066e-324 1 1 0
0.0225026 -9.88131e-324 -9.88131e-324 1 1 0
0.0225002 -9.88131e-324 -9.88131e-324 1 1 0
0.0224979 -9.88131e-324 -9.88131e-324 1 1 0
0.0224957 -9.88131e-324 -9.88131e-324 1 1 0
0.0224934 -9.88131e-324 -9.88131e-324 1 1 0
0.0224913 -9.88131e-324 -9.88131e-324 1 1 0
0.0224891 -9.88131e-324 -9.88131e-324 1 1 0
0.022487 -9.88131e-324 -9.88131e-324 1 1 0
0.022485 -9.88131e-324 -9.88131e-324 1 1 0
0.022483 -9.88131e-324 -9.88131e-324 1 1 0
0.0224811 -9.88131e-324 -9.88131e-324 1 1 0
0.0224792 -9.88131e-324 -9.88131e-324 1 1 0
0.0224773 -9.88131e-324 -9.88131e-324 1 1 0
0.0224755 -9.88131e-324 -9.88131e-324 1 1 0
0.0224737 -1.4822e-323 -1.4822e-323 1 1 0
0.022472 1.4822e-323 1.4822e-323 1 1 0
0.0224703 1.4822e-323 1.4822e-323 1 1 0
0.0224687 1.4822e-323 1.4822e-323 1 1 0
0.0224671 1.4822e-323 1.4822e-323 1 1 0
0.0224655 1.4822e-323 1.4822e-323 1 1 0
0.0224641 1.4822e-323 1.4822e-323 1 1 0
0.0224626 9.88131e-324 9.88131e-324 1 1 0
0.0224612 9.88131e-324 9.88131e-324 1 1 0
0.0224599 9.88131e-324 9.88131e-324 1 1 0
0.0224586 9.88131e-324 9.88131e-324 1 1 0
0.0224573 9.88131e-324 9.88131e-324 1 1 0
0.0224561 9.88131e-324 9.88131e-324 1 1 0
0.022455 9.88131e-324 9.88131e-324 1 1 0
0.0224538 9.88131e-324 9.88131e-324 1 1 0
0.0224528 9.88131e-324 9.88131e-324 1 1 0
0.0224518 9.88131e-324 9.88131e-324 1 1 0
0.0224508 9.88131e-324 9.88131e-324 1 1 0
0.0224499 9.88131e-324 9.88131e-324 1 1 0
0.0224491 4.94066e-324 4.94066e-324 1 1 0
0.0224483 4.94066e-324 4.94066e-324 1 1 0
0.0224475 4.94066e-324 4.94066e-324 1 1 0
0.0224468 4.94066e-324 4.94066e-324 1 1 0
0.0224461 4.94066e-324 4.94066e-324 1 1 0
0.0224455 4.94066e-324 4.94066e-324 1 1 0
0.022445 4.94066e-324 4.94066e-324 1 1 0
0.0224445 4.94066e-324 4.94066e-324 1 1 0
0.022444 4.94066e-324 4.94066e-324 1 1 0
0.0224436 4.94066e-324 4.94066e-324 1 1 0
0.0224433 4.94066e-324 4.94066e-324 1 1 0
0.022443 0 0 1 1 0
0.0224428 0 0 1 1 0
0.0224426 0 0 1 1 0
0.0224425 0 0 1 1 0
0.0224424 0 0 1 1 0
0.0224424 0 0 1 1 0
0.0224424 0 0 2 1 0
0.0224425 0 0 2 1 0
0.0224426 0 0 2 1 0
0.0224428 0 0 2 1 0
0.0224431 0 0 2 1 0
0.0224434 0 0 2 1 0
0.0224438 0 0 2 1 0
0.0224442 0 0 2 1 0
0.0224447 0 0 2 1 0
0.0224452 0 0 2 1 0
0.0224458 0 0 2 1 0
0.0224464 0 0 2 1 0
0.0224472 0 0 2 1 0
0.0224479 0 0 2 1 0
0.0224488 0 0 2 1 0
0.0224496 0 0 2 1 0
0.0224506 0 0 2 1 0
0.0224516 0 0 2 1 0
0.0224527 0 0 2 1 0
0.0224538 0 0 2 1 0
0.022455 0 0 2 1 0
0.0224563 0 0 2 1 0
0.0224576 0 0 2 1 0
0.022459 0 0 2 1 0
0.0224604 0 0 2 1 0
0.0224619 0 0 2 1 0
0.0224635 0 0 2 1 0
0.0224652 0 0 2 1 0
0.0224669 0 0 2 1 0
0.0224686 0 0 2 1 0
0.0224705 0 0 2 1 0
0.0224724 0 0 2 1 0
0.0224743 0 0 2 1 0
0.0224764 0 0 2 1 0
0.0224785 0 0 2 1 0
0.0224806 0 0 2 1 0
0.0224829 0 0 2 1 0
0.0224852 0 0 2 1 0
0.0224876 0 0 2 1 0
0.02249 0 0 2 1 0
0.0224925 0 0 2 1 0
0.0224951 0 0 2 1 0
0.0224978 0 0 2 1 0
0.0225005 0 0 2 1 0
0.0225033 0 0 2 1 0
0.0225062 0 0 2 1 0
0.0225091 0 0 2 1 0
0.0225121 0 0 2 1 0
0.0225152 0 0 2 1 0
0.0225184 0 0 2 1 0
0.0225216 0 0 2 1 0
0.022525 0 0 2 1 0
0.0225284 0 0 2 1 0
0.0225318 0 0 2 1 0
0.0225354 0 0 2 1 0
0.022539 0 0 2 1 0
0.0225427 0 0 2 1 0
0.0225465 0 0 2 1 0
0.0225503 0 0 2 1 0
0.0225543 0 0 2 1 0
0.0225583 0 0 2 1 0
0.0225624 0 0 2 1 0
0.0225666 0 0 2 1 0
0.0225708 0 0 2 1 0
0.0225752 0 0 2 1 0
0.0225796 0 0 2 1 0
0.0225841 0 0 2 1 0
0.0225887 0 0 2 1 0
0.0225934 0 0 2 1 0
0.0225982 0 0 2 1 0
0.022603 0 0 2 1 0
0.022608 0 0 2 1 0
0.022613 0 0 2 1 0
0.0226181 0 0 2 1 0
0.0226233 0 0 2 1 0
0.0226286 0 0 2 1 0
0.022634 0 0 2 1 0
0.0226395 0 0 2 1 0
0.022645 0 0 2 1 0
0.0226507 0 0 2 1 0
0.0226564 0 0 2 1 0
0.0226623 0 0 2 1 0
0.0226682 0 0 2 1 0
0.0226742 0 0 2 1 0
0.0226804 0 0 2 1 0
0.0226866 0 0 2 1 0
0.0226929 0 0 2 1 0
0.0226993 0 0 2 1 0
0.0227058 0 0 2 1 0
0.0227124 0 0 2 1 0
0.0227192 0 0 2 1 0
0.022726 0 0 2 1 0
0.0227329 0 0 2 1 0
0.0227399 0 0 2 1 0
0.022747 0 0 2 1 0
0.0227543 0 0 2 1 0
0.0227616 0 0 2 1 0
0.022769 0 0 2 1 0
0.0227766 0 0 2 1 0
0.0227842 0 0 2 1 0
0.022792 0 0 2 1 0
0.0227999 0 0 2 1 0
0.0228078 0 0 2 1 0
0.0228159 0 0 2 1 0
0.0228241 0 0 2 1 0
0.0228325 0 0 2 1 0
0.0228409 0 0 2 1 0
0.0228494 0 0 2 1 0
0.0228581 0 0 2 1 0
0.0228669 0 0 2 1 0
0.0228758 0 0 2 1 0
0.0228848 0 0 2 1 0
0.0228939 0 0 2 1 0
0.0229032 0 0 2 1 0
0.0229125 0 0 2 1 0
0.022922 0 0 2 1 0
0.0229317 0 0 2 1 0
0.0229414 0 0 2 1 0
0.0229513 0 0 2 1 0
0.0229613 0 0 2 1 0
0.0229714 0 0 2 1 0
0.0229817 0 0 2 1 0
0.022992 0 0 2 1 0
0.0230026 0 0 2 1 0
0.0230132 0 0 2 1 0
0.023024 0 0 2 1 0
0.0230349 0 0 2 1 0
0.023046 0 0 2 1 0
0.0230572 0 0 2 1 0
0.0230685 0 0 2 1 0
0.02308 0 0 2 1 0
0.0230916 0 0 2 1 0
0.0231034 0 0 2 1 0
0.0231153 0 0 2 1 0
0.0231273 0 0 2 1 0
0.0231395 0 0 2 1 0
0.0231518 0 0 2 1 0
0.0231643 0 0 2 1 0
0.023177 0 0 2 1 0
0.0231898 0 0 2 1 0
0.0232027 0 0 2 1 0
0.0232158 0 0 2 1 0
0.0232291 0 0 2 1 0
0.0232425 0 0 2 1 0
0.0232561 0 0 2 1 0
0.0232698 0 0 2 1 0
0.0232837 0 0 2 1 0
0.0232978 0 0 2 1 0
0.023312 0 0 2 1 0
0.0233264 0 0 2 1 0
0.023341 0 0 2 1 0
0.0233557 0 0 2 1 0
0.0233707 0 0 2 1 0
0.0233857 0 0 2 1 0
0.023401 0 0 2 1 0
0.0234165 0 0 2 1 0
0.0234321 0 0 2 1 0
0.0234479 0 0 2 1 0
0.0234639 0 0 2 1 0
0.02348 0 0 2 1 0
0.0234964 0 0 2 1 0
0.0235129 0 0 2 1 0
0.0235297 0 0 2 1 0
0.0235466 0 0 2 1 0
0.0235637 0 0 2 1 0
0.0235811 0 0 2 1 0
0.0235986 0 0 2 1 0
0.0236163 0 0 2 1 0
0.0236342 0 0 2 1 0
0.0236524 0 0 2 1 0
0.0236707 0 0 2 1 0
0.0236892 0 0 2 1 0
0.023708 0 0 2 1 0
0.023727 0 0 2 1 0
0.0237462 0 0 2 1 0
0.0237656 0 0 2 1 0
0.0237852 0 0 2 1 0
0.0238051 0 0 2 1 0
0.0238251 0 0 2 1 0
0.0238455 0 0 2 1 0
0.023866 0 0 2 1 0
0.0238868 0 0 2 1 0
0.0239078 0 0 2 1 0
0.023929 0 0 2 1 0
0.0239505 0 0 2 1 0
0.0239723 0 0 2 1 0
0.0239943 0 0 2 1 0
0.0240165 0 0 2 1 0
0.024039 0 0 2 1 0
0.0240617 0 0 2 1 0
0.0240847 0 0 2 1 0
0.024108 0 0 2 1 0
0.0241315 0 0 2 1 0
0.0241553 0 0 2 1 0
0.0241794 0 0 2 1 0
0.0242037 0 0 2 1 0
0.0242284 0 0 2 1 0
0.0242533 0 0 2 1 0
0.0242785 0 0 2 1 0
0.0243039 0 0 2 1 0
0.0243297 0 0 2 1 0
0.0243558 0 0 2 1 0
0.0243821 0 0 2 1 0
0.0244088 0 0 2 1 0
0.0244358 0 0 2 1 0
0.024463 0 0 2 1 0
0.0244906 0 0 2 1 0
0.0245185 0 0 2 1 0
0.0245468 0 0 2 1 0
0.0245753 0 0 2 1 0
0.0246042 0 0 2 1 0
0.0246334 0 0 2 1 0
0.024663 0 0 2 1 0
0.0246929 0 0 2 1 0
0.0247232 0 0 2 1 0
0.0247538 0 0 2 1 0
0.0247847 0 0 2 1 0
0.024816 0 0 2 1 0
0.0248477 0 0 2 1 0
0.0248798 0 0 2 1 0
0.0249122 0 0 2 1 0
0.024945 0 0 2 1 0
0.0249782 0 0 2 1 0
0.0250118 0 0 2 1 0
0.0250458 0 0 2 1 0
0.0250802 0 0 2 1 0
0.025115 0 0 2 1 0
0.0251502 0 0 2 1 0
0.0251858 0 0 2 1 0
0.0252218 0 0 2 1 0
0.0252583 0 0 2 1 0
0.0252952 0 0 2 1 0
0.0253326 0 0 2 1 0
0.0253704 0 0 2 1 0
0.0254086 0 0 2 1 0
0.0254473 0 0 2 1 0
0.0254865 0 0 2 1 0
0.0255262 0 0 2 1 0
0.0255663 0 0 2 1 0
0.025607 0 0 2 1 0
0.0256481 0 0 2 1 0
0.0256897 0 0 2 1 0
0.0257318 0 0 2 1 0
0.0257745 0 0 2 1 0
0.0258177 0 0 2 1 0
0.0258614 0 0 2 1 0
0.0259057 0 0 2 1 0
0.0259505 0 0 2 1 0
0.0259958 0 0 2 1 0
0.0260418 0 0 2 1 0
0.0260883 0 0 2 1 0
0.0261354 0 0 2 1 0
0.0261831 0 0 2 1 0
0.0262314 0 0 2 1 0
0.0262803 0 0 2 1 0
0.0263298 0 0 2 1 0
0.02638 0 0 2 1 0
0.0264308 0 0 2 1 0
0.0264823 0 0 2 1 0
0.0265344 0 0 2 1 0
0.0265872 0 0 2 1 0
0.0266407 0 0 2 1 0
0.0266948 0 0 2 1 0
0.0267497 0 0 2 1 0
0.0268054 0 0 2 1 0
0.0268617 0 0 2 1 0
0.0269188 0 0 2 1 0
0.0269767 0 0 2 1 0
0.0270353 0 0 2 1 0
0.0270947 0 0 2 1 0
0.0271549 0 0 2 1 0
0.0272159 0 0 2 1 0
0.0272778 0 0 2 1 0
0.0273405 0 0 2 1 0
0.027404 0 0 2 1 0
0.0274684 0 0 2 1 0
0.0275337 0 0 2 1 0
0.0276 0 0 2 1 0
0.0276671 0 0 2 1 0
0.0277352 0 0 2 1 0
0.0278042 0 0 2 1 0
0.0278742 0 0 2 1 0
0.0279452 0 0 2 1 0
0.0280172 0 0 2 1 0
0.0280902 0 0 2 1 0
0.0281643 0 0 2 1 0
0.0282394 0 0 2 1 0
0.0283156 0 0 2 1 0
0.028393 0 0 2 1 0
0.0284715 0 0 2 1 0
0.0285511 0 0 2 1 0
0.0286319 0 0 2 1 0
0.0287139 0 0 2 1 0
0.0287971 0 0 2 1 0
0.0288816 0 0 2 1 0
0.0289674 0 0 2 1 0
0.0290545 0 0 2 1 0
0.0291429 0 0 2 1 0
0.0292326 0 0 2 1 0
0.0293238 0 0 2 1 0
0.0294163 0 0 2 1 0
0.0295103 0 0 2 1 0
0.0296058 0 0 2 1 0
0.0297028 0 0 2 1 0
0.0298013 0 0 2 1 0
0.0299014 0 0 2 1 0
0.0300031 0 0 2 1 0
0.0301065 0 0 2 1 0
0.0302116 0 0 2 1 0
0.0303183 0 0 2 1 0
0.0304269 0 0 2 1 0
0.0305372 0 0 2 1 0
0.0306494 0 0 2 1 0
0.0307635 0 0 2 1 0
0.0308795 0 0 2 1 0
0.0309975 0 0 2 1 0
0.0311175 0 0 2 1 0
0.0312396 0 0 2 1 0
0.0313638 0 0 2 1 0
0.0314902 0 0 2 1 0
0.0316188 0 0 2 1 0
0.0317497 0 0 2 1 0
0.031883 0 0 2 1 0
0.0320187 0 0 2 1 0
0.0321568 0 0 2 1 0
0.0322975 0 0 2 1 0
0.0324408 0 0 2 1 0
0.0325867 0 0 2 1 0
0.0327354 0 0 2 1 0
0.0328869 0 0 2 1 0
0.0330413 0 0 2 1 0
0.0331986 0 0 2 1 0
0.033359 0 0 2 1 0
0.0335225 0 0 2 1 0
0.0336893 0 0 2 1 0
0.0338594 0 0 2 1 0
0.0340329 0 0 2 1 0
0.0342099 0 0 2 1 0
0.0343905 0 0 2 1 0
0.0345748 0 0 2 1 0
0.0347629 0 0 2 1 0
0.034955 0 0 2 1 0
0.0351512 0 0 2 1 0
0.0353516 0 0 2 1 0
0.0355562 0 0 2 1 0
0.0357654 0 0 2 1 0
0.0359791 0 0 2 1 0
0.0361976 0 0 2 1 0
0.036421 0 0 2 1 0
0.0366494 0 0 2 1 0
0.0368831 0 0 2 1 0
0.0371221 0 0 2 1 0
0.0373668 0 0 2 1 0
0.0376172 0 0 2 1 0
0.0378736 0 0 2 1 0
0.0381362 0 0 2 1 0
0.0384052 0 0 2 1 0
0.0386809 0 0 2 1 0
0.0389634 0 0 2 1 0
0.0392531 0 0 2 1 0
0.0395501 0 0 2 1 0
0.0398549 0 0 2 1 0
0.0401676 0 0 2 1 0
0.0404885 0 0 2 1 0
0.0408181 0 0 2 1 0
0.0411566 0 0 2 1 0
0.0415045 0 0 2 1 0
0.0418619 0 0 2 1 0
0.0422295 0 0 2 1 0
0.0426076 0 0 2 1 0
0.0429966 0 0 2 1 0
0.043397 0 0 2 1 0
0.0438093 0 0 2 1 0
0.044234 0 0 2 1 0
0.0446717 0 0 2 1 0
0.045123 0 0 2 1 0
0.0455885 0 0 2 1 0
0.0460689 0 0 2 1 0
0.0465648 0 0 2 1 0
0.047077 0 0 2 1 0
0.0476063 0 0 2 1 0
0.0481535 0 0 2 1 0
0.0487196 0 0 2 1 0
0.0493056 0 0 2 1 0
0.0499123 0 0 2 1 0
0.050541 0 0 2 1 0
0.0511928 0 0 2 1 0
0.051869 0 0 2 1 0
0.0525709 0 0 2 1 0
0.0532999 0 0 2 1 0
0.0540577 0 0 2 1 0
0.0548459 0 0 2 1 0
0.0556662 0 0 2 1 0
0.0565207 0 0 2 1 0
0.0574113 0 0 2 1 0
0.0583405 0 0 2 1 0
0.0593105 0 0 2 1 0
0.0603241 0 0 2 1 0
0.0613842 0 0 2 1 0
0.0624937 0 0 2 1 0
0.0636562 0 0 2 1 0
0.0648753 0 0 2 1 0
0.066155 0 0 2 1 0
0.0674997 0 0 2 1 0
0.0689142 0 0 2 1 0
0.0704038 0 0 2 1 0
0.0719742 0 0 2 1 0
0.0736316 0 0 2 1 0
0.0753832 0 0 2 1 0
0.0772365 0 0 2 1 0
0.0791997 0 0 2 1 0
0.0812825 0 0 2 1 0
0.0834951 0 0 2 1 0
0.085849 0 0 2 1 0
0.088357 0 0 2 1 0
0.0910332 0 0 2 1 0
0.0938936 0 0 2 1 0
0.0969557 0 0 2 1 0
0.100239 0 0 2 1 0
0.103767 0 0 2 1 0
0.107563 0 0 2 1 0
0.111657 0 0 2 1 0
0.116079 0 0 2 1 0
0.120867 0 0 2 1 0
0.12606 0 0 2 1 0
0.131706 0 0 2 1 0
0.137859 0 0 2 1 0
0.144578 0 0 2 1 0
0.151935 0 0 2 1 0
0.151935 0 0 2 1 0
0.152553 0 0 2 1 0
0.153176 0 0 2 1 0
0.154437 0 0 2 1 0
0.157015 0 0 2 1 0
0.162412 0 0 2 1 0
0.171164 0 0 2 1 0
0.181212 0 0 2 1 0
0.192344 0 0 2 1 0
0.204715 0 0 2 1 0
0.21851 0 0 2 1 0
0.233946 0 0 2 1 0
0.251287 0 0 2 1 0
0.270848 0 0 2 1 0
0.293011 0 0 2 1 0
0.318243 0 0 2 1 0
0.347119 0 0 2 1 0
0.380352 0 0 2 1 0
0.418837 0 0 2 1 0
0.463701 0 0 2 1 0
0.516383 0 0 2 1 0
0.578727 0 0 2 1 0
0.653119 0 0 2 1 0
0.74265 0 0 2 1 0
0.851311 0 0 2 1 0
0.984173 0 0 2 1 0
1.14743 0 0 2 1 0
