0.03 419.935 419.935 2 1 0
0.0300014 419.96 419.96 1 1 0
0.0300029 419.985 419.985 1 1 0
0.0300058 420.036 420.036 1 1 0
0.0300115 420.136 420.136 1 1 0
0.0300231 420.336 420.336 1 1 0
0.0300412 420.649 420.649 1 1 0
0.0300593 420.962 420.962 1 1 0
0.0300774 421.274 421.274 1 1 0
0.0300955 421.587 421.587 1 1 0
0.0301137 421.899 421.899 1 1 0
0.0301319 422.21 422.21 1 1 0
0.0301501 422.522 422.522 1 1 0
0.0301683 422.833 422.833 1 1 0
0.0301866 423.144 423.144 1 1 0
0.0302048 423.455 423.455 1 1 0
0.0302231 423.765 423.765 1 1 0
0.0302414 424.075 424.075 1 1 0
0.0302598 424.385 424.385 1 1 0
0.0302781 424.695 424.695 1 1 0
0.0302965 425.005 425.005 1 1 0
0.0303149 425.314 425.314 1 1 0
0.0303334 425.623 425.623 1 1 0
0.0303518 425.932 425.932 1 1 0
0.0303703 426.24 426.24 1 1 0
0.0303888 426.548 426.548 1 1 0
0.0304073 426.856 426.856 1 1 0
0.0304259 427.164 427.164 1 1 0
0.0304445 427.472 427.472 1 1 0
0.030463 427.779 427.779 1 1 0
0.0304817 428.086 428.086 1 1 0
0.0305003 428.393 428.393 1 1 0
0.030519 428.699 428.699 1 1 0
0.0305377 429.006 429.006 1 1 0
0.0305564 429.312 429.312 1 1 0
0.0305751 429.618 429.618 1 1 0
0.0305939 429.923 429.923 1 1 0
0.0306126 430.228 430.228 1 1 0
0.0306314 430.533 430.533 1 1 0
0.0306503 430.838 430.838 1 1 0
0.0306691 431.143 431.143 1 1 0
0.030688 431.447 431.447 1 1 0
0.0307069 431.751 431.751 1 1 0
0.0307258 432.055 432.055 1 1 0
0.0307448 432.359 432.359 1 1 0
0.0307637 432.662 432.662 1 1 0
0.0307827 432.965 432.965 1 1 0
0.0308017 433.268 433.268 1 1 0
0.0308208 433.571 433.571 1 1 0
0.0308399 433.873 433.873 1 1 0
0.0308589 434.175 434.175 1 1 0
0.0308781 434.477 434.477 1 1 0
0.0308972 434.779 434.779 1 1 0
0.0309164 435.08 435.08 1 1 0
0.0309356 435.381 435.381 1 1 0
0.0309548 435.682 435.682 1 1 0
0.030974 435.983 435.983 1 1 0
0.0309933 436.283 436.283 1 1 0
0.0310126 436.583 436.583 1 1 0
0.0310319 436.883 436.883 1 1 0
0.0310512 437.183 437.183 1 1 0
0.0310706 437.482 437.482 1 1 0
0.0310899 437.781 437.781 1 1 0
0.0311094 438.08 438.08 1 1 0
0.0311288 438.379 438.379 1 1 0
0.0311483 438.678 438.678 1 1 0
0.0311677 438.976 438.976 1 1 0
0.0311872 439.274 439.274 1 1 0
0.0312068 439.571 439.571 1 1 0
0.0312263 439.869 439.869 1 1 0
0.0312459 440.166 440.166 1 1 0
0.0312655 440.463 440.463 1 1 0
0.0312852 440.76 440.76 1 1 0
0.0313048 441.056 441.056 1 1 0
0.0313245 441.353 441.353 1 1 0
0.0313442 441.649 441.649 1 1 0
0.031364 441.944 441.944 1 1 0
0.0313838 442.24 442.24 1 1 0
0.0314035 442.535 442.535 1 1 0
0.0314234 442.83 442.83 1 1 0
0.0314432 443.125 443.125 1 1 0
0.0314631 443.42 443.42 1 1 0
0.031483 443.714 443.714 1 1 0
0.0315029 444.008 444.008 1 1 0
0.0315228 444.302 444.302 1 1 0
0.0315428 444.596 444.596 1 1 0
0.0315628 444.889 444.889 1 1 0
0.0315828 445.182 445.182 1 1 0
0.0316029 445.475 445.475 1 1 0
0.031623 445.768 445.768 1 1 0
0.0316431 446.06 446.06 1 1 0
0.0316632 446.352 446.352 1 1 0
0.0316834 446.644 446.644 1 1 0
0.0317035 446.936 446.936 1 1 0
0.0317238 447.227 447.227 1 1 0
0.031744 447.518 447.518 1 1 0
0.0317643 447.809 447.809 1 1 0
0.0317845 448.1 448.1 1 1 0
0.0318049 448.391 448.391 1 1 0
0.0318252 448.681 448.681 1 1 0
0.0318456 448.971 448.971 1 1 0
0.031866 449.261 449.261 1 1 0
0.0318864 449.55 449.55 1 1 0
0.0319069 449.839 449.839 1 1 0
0.0319274 450.129 450.129 1 1 0
0.0319479 450.417 450.417 1 1 0
0.0319684 450.706 450.706 1 1 0
0.031989 450.994 450.994 1 1 0
0.0320096 451.282 451.282 1 1 0
0.0320302 451.57 451.57 1 1 0
0.0320508 451.858 451.858 1 1 0
0.0320715 452.145 452.145 1 1 0
0.0320922 452.432 452.432 1 1 0
0.032113 452.719 452.719 1 1 0
0.0321337 453.006 453.006 1 1 0
0.0321545 453.292 453.292 1 1 0
0.0321753 453.579 453.579 1 1 0
0.0321962 453.865 453.865 1 1 0
0.032217 454.15 454.15 1 1 0
0.032238 454.436 454.436 1 1 0
0.0322589 454.721 454.721 1 1 0
0.0322798 455.006 455.006 1 1 0
0.0323008 455.291 455.291 1 1 0
0.0323219 455.575 455.575 1 1 0
0.0323429 455.86 455.86 1 1 0
0.032364 456.144 456.144 1 1 0
0.0323851 456.428 456.428 1 1 0
0.0324062 456.711 456.711 1 1 0
0.0324274 456.994 456.994 1 1 0
0.0324486 457.278 457.278 1 1 0
0.0324698 457.56 457.56 1 1 0
0.0324911 457.843 457.843 1 1 0
0.0325123 458.126 458.126 1 1 0
0.0325337 458.408 458.408 1 1 0
0.032555 458.69 458.69 1 1 0
0.0325764 458.971 458.971 1 1 0
0.0325978 459.253 459.253 1 1 0
0.0326192 459.534 459.534 1 1 0
0.0326407 459.815 459.815 1 1 0
0.0326621 460.096 460.096 1 1 0
0.0326837 460.377 460.377 1 1 0
0.0327052 460.657 460.657 1 1 0
0.0327268 460.937 460.937 1 1 0
0.0327484 461.217 461.217 1 1 0
0.0327701 461.496 461.496 1 1 0
0.0327917 461.776 461.776 1 1 0
0.0328134 462.055 462.055 1 1 0
0.0328352 462.334 462.334 1 1 0
0.0328569 462.613 462.613 1 1 0
0.0328787 462.891 462.891 1 1 0
0.0329006 463.169 463.169 1 1 0
0.0329224 463.447 463.447 1 1 0
0.0329443 463.725 463.725 1 1 0
0.0329662 464.003 464.003 1 1 0
0.0329882 464.28 464.28 1 1 0
0.0330102 464.557 464.557 1 1 0
0.0330322 464.834 464.834 1 1 0
0.0330542 465.11 465.11 1 1 0
0.0330763 465.387 465.387 1 1 0
0.0330984 465.663 465.663 1 1 0
0.0331206 465.939 465.939 1 1 0
0.0331428 466.214 466.214 1 1 0
0.033165 466.49 466.49 1 1 0
0.0331872 466.765 466.765 1 1 0
0.0332095 467.04 467.04 1 1 0
0.0332318 467.315 467.315 1 1 0
0.0332541 467.589 467.589 1 1 0
0.0332765 467.864 467.864 1 1 0
0.0332989 468.138 468.138 1 1 0
0.0333213 468.412 468.412 1 1 0
0.0333438 468.685 468.685 1 1 0
0.0333663 468.959 468.959 1 1 0
0.0333888 469.232 469.232 1 1 0
0.0334114 469.505 469.505 1 1 0
0.033434 469.778 469.778 1 1 0
0.0334566 470.05 470.05 1 1 0
0.0334793 470.322 470.322 1 1 0
0.033502 470.594 470.594 1 1 0
0.0335248 470.866 470.866 1 1 0
0.0335475 471.138 471.138 1 1 0
0.0335703 471.409 471.409 1 1 0
0.0335932 471.68 471.68 1 1 0
0.033616 471.951 471.951 1 1 0
0.0336389 472.222 472.222 1 1 0
0.0336619 472.492 472.492 1 1 0
0.0336849 472.762 472.762 1 1 0
0.0337079 473.032 473.032 1 1 0
0.0337309 473.302 473.302 1 1 0
0.033754 473.572 473.572 1 1 0
0.0337771 473.841 473.841 1 1 0
0.0338002 474.11 474.11 1 1 0
0.0338234 474.379 474.379 1 1 0
0.0338466 474.648 474.648 1 1 0
0.0338699 474.916 474.916 1 1 0
0.0338932 475.184 475.184 1 1 0
0.0339165 475.452 475.452 1 1 0
0.0339399 475.72 475.72 1 1 0
0.0339633 475.987 475.987 1 1 0
0.0339867 476.255 476.255 1 1 0
0.0340102 476.522 476.522 1 1 0
0.0340337 476.789 476.789 1 1 0
0.0340572 477.055 477.055 1 1 0
0.0340808 477.322 477.322 1 1 0
0.0341044 477.588 477.588 1 1 0
0.034128 477.854 477.854 1 1 0
0.0341517 478.12 478.12 1 1 0
0.0341755 478.385 478.385 1 1 0
0.0341992 478.65 478.65 1 1 0
0.034223 478.915 478.915 1 1 0
0.0342468 479.18 479.18 1 1 0
0.0342707 479.445 479.445 1 1 0
0.0342946 479.709 479.709 1 1 0
0.0343186 479.973 479.973 1 1 0
0.0343425 480.237 480.237 1 1 0
0.0343666 480.501 480.501 1 1 0
0.0343906 480.765 480.765 1 1 0
0.0344147 481.028 481.028 1 1 0
0.0344389 481.291 481.291 1 1 0
0.034463 481.554 481.554 1 1 0
0.0344872 481.816 481.816 1 1 0
0.0345115 482.079 482.079 1 1 0
0.0345358 482.341 482.341 1 1 0
0.0345601 482.603 482.603 1 1 0
0.0345845 482.865 482.865 1 1 0
0.0346089 483.126 483.126 1 1 0
0.0346333 483.388 483.388 1 1 0
0.0346578 483.649 483.649 1 1 0
0.0346823 483.909 483.909 1 1 0
0.0347069 484.17 484.17 1 1 0
0.0347315 484.431 484.431 1 1 0
0.0347561 484.691 484.691 1 1 0
0.0347808 484.951 484.951 1 1 0
0.0348055 485.211 485.211 1 1 0
0.0348302 485.47 485.47 1 1 0
0.034855 485.729 485.729 1 1 0
0.0348799 485.989 485.989 1 1 0
0.0349048 486.247 486.247 1 1 0
0.0349297 486.506 486.506 1 1 0
0.0349546 486.765 486.765 1 1 0
0.0349796 487.023 487.023 1 1 0
0.0350047 487.281 487.281 1 1 0
0.0350298 487.539 487.539 1 1 0
0.0350549 487.796 487.796 1 1 0
0.0350801 488.054 488.054 1 1 0
0.0351053 488.311 488.311 1 1 0
0.0351305 488.568 488.568 1 1 0
0.0351558 488.824 488.824 1 1 0
0.0351811 489.081 489.081 1 1 0
0.0352065 489.337 489.337 1 1 0
0.0352319 489.593 489.593 1 1 0
0.0352574 489.849 489.849 1 1 0
0.0352829 490.105 490.105 1 1 0
0.0353084 490.36 490.36 1 1 0
0.035334 490.616 490.616 1 1 0
0.0353596 490.871 490.871 1 1 0
0.0353853 491.125 491.125 1 1 0
0.035411 491.38 491.38 1 1 0
0.0354368 491.634 491.634 1 1 0
0.0354626 491.888 491.888 1 1 0
0.0354884 492.142 492.142 1 1 0
0.0355143 492.396 492.396 1 1 0
0.0355402 492.649 492.649 1 1 0
0.0355662 492.903 492.903 1 1 0
0.0355922 493.156 493.156 1 1 0
0.0356183 493.409 493.409 1 1 0
0.0356444 493.661 493.661 1 1 0
0.0356706 493.914 493.914 1 1 0
0.0356968 494.166 494.166 1 1 0
0.035723 494.418 494.418 1 1 0
0.0357493 494.67 494.67 1 1 0
0.0357756 494.921 494.921 1 1 0
0.035802 495.173 495.173 1 1 0
0.0358284 495.424 495.424 1 1 0
0.0358549 495.675 495.675 1 1 0
0.0358814 495.926 495.926 1 1 0
0.035908 496.176 496.176 1 1 0
0.0359346 496.426 496.426 1 1 0
0.0359612 496.676 496.676 1 1 0
0.0359879 496.926 496.926 1 1 0
0.0360147 497.176 497.176 1 1 0
0.0360415 497.425 497.425 1 1 0
0.0360683 497.675 497.675 1 1 0
0.0360952 497.924 497.924 1 1 0
0.0361221 498.172 498.172 1 1 0
0.0361491 498.421 498.421 1 1 0
0.0361762 498.669 498.669 1 1 0
0.0362032 498.918 498.918 1 1 0
0.0362304 499.166 499.166 1 1 0
0.0362575 499.413 499.413 1 1 0
0.0362848 499.661 499.661 1 1 0
0.036312 499.908 499.908 1 1 0
0.0363393 500.155 500.155 1 1 0
0.0363667 500.402 500.402 1 1 0
0.0363941 500.649 500.649 1 1 0
0.0364216 500.896 500.896 1 1 0
0.0364491 501.142 501.142 1 1 0
0.0364767 501.388 501.388 1 1 0
0.0365043 501.634 501.634 1 1 0
0.036532 501.879 501.879 1 1 0
0.0365597 502.125 502.125 1 1 0
0.0365874 502.37 502.37 1 1 0
0.0366152 502.615 502.615 1 1 0
0.0366431 502.86 502.86 1 1 0
0.036671 503.105 503.105 1 1 0
0.036699 503.349 503.349 1 1 0
0.036727 503.593 503.593 1 1 0
0.0367551 503.837 503.837 1 1 0
0.0367832 504.081 504.081 1 1 0
0.0368114 504.324 504.324 1 1 0
0.0368396 504.568 504.568 1 1 0
0.0368679 504.811 504.811 1 1 0
0.0368962 505.054 505.054 1 1 0
0.0369246 505.297 505.297 1 1 0
0.036953 505.539 505.539 1 1 0
0.0369815 505.781 505.781 1 1 0
0.03701 506.024 506.024 1 1 0
0.0370386 506.265 506.265 1 1 0
0.0370673 506.507 506.507 1 1 0
0.037096 506.749 506.749 1 1 0
0.0371247 506.99 506.99 1 1 0
0.0371535 507.231 507.231 1 1 0
0.0371824 507.472 507.472 1 1 0
0.0372113 507.712 507.712 1 1 0
0.0372403 507.953 507.953 1 1 0
0.0372693 508.193 508.193 1 1 0
0.0372984 508.433 508.433 1 1 0
0.0373275 508.673 508.673 1 1 0
0.0373567 508.913 508.913 1 1 0
0.0373859 509.152 509.152 1 1 0
0.0374152 509.391 509.391 1 1 0
0.0374446 509.63 509.63 1 1 0
0.037474 509.869 509.869 1 1 0
0.0375035 510.108 510.108 1 1 0
0.037533 510.346 510.346 1 1 0
0.0375626 510.584 510.584 1 1 0
0.0375922 510.822 510.822 1 1 0
0.0376219 511.06 511.06 1 1 0
0.0376517 511.297 511.297 1 1 0
0.0376815 511.535 511.535 1 1 0
0.0377113 511.772 511.772 1 1 0
0.0377413 512.009 512.009 1 1 0
0.0377713 512.246 512.246 1 1 0
0.0378013 512.482 512.482 1 1 0
0.0378314 512.718 512.718 1 1 0
0.0378616 512.954 512.954 1 1 0
0.0378918 513.19 513.19 1 1 0
0.037922 513.426 513.426 1 1 0
0.0379524 513.662 513.662 1 1 0
0.0379828 513.897 513.897 1 1 0
0.0380132 514.132 514.132 1 1 0
0.0380437 514.367 514.367 1 1 0
0.0380743 514.601 514.601 1 1 0
0.038105 514.836 514.836 1 1 0
0.0381357 515.07 515.07 1 1 0
0.0381664 515.304 515.304 1 1 0
0.0381972 515.538 515.538 1 1 0
0.0382281 515.772 515.772 1 1 0
0.0382591 516.005 516.005 1 1 0
0.0382901 516.238 516.238 1 1 0
0.0383211 516.471 516.471 1 1 0
0.0383523 516.704 516.704 1 1 0
0.0383835 516.937 516.937 1 1 0
0.0384147 517.169 517.169 1 1 0
0.038446 517.401 517.401 1 1 0
0.0384774 517.633 517.633 1 1 0
0.0385089 517.865 517.865 1 1 0
0.0385404 518.097 518.097 1 1 0
0.0385719 518.328 518.328 1 1 0
0.0386036 518.559 518.559 1 1 0
0.0386353 518.79 518.79 1 1 0
0.038667 519.021 519.021 1 1 0
0.0386989 519.252 519.252 1 1 0
0.0387308 519.482 519.482 1 1 0
0.0387627 519.712 519.712 1 1 0
0.0387947 519.942 519.942 1 1 0
0.0388268 520.172 520.172 1 1 0
0.038859 520.401 520.401 1 1 0
0.0388912 520.631 520.631 1 1 0
0.0389235 520.86 520.86 1 1 0
0.0389559 521.089 521.089 1 1 0
0.0389883 521.317 521.317 1 1 0
0.0390208 521.546 521.546 1 1 0
0.0390534 521.774 521.774 1 1 0
0.039086 522.002 522.002 1 1 0
0.0391187 522.23 522.23 1 1 0
0.0391515 522.458 522.458 1 1 0
0.0391843 522.685 522.685 1 1 0
0.0392172 522.913 522.913 1 1 0
0.0392502 523.14 523.14 1 1 0
0.0392832 523.367 523.367 1 1 0
0.0393163 523.593 523.593 1 1 0
0.0393495 523.82 523.82 1 1 0
0.0393828 524.046 524.046 1 1 0
0.0394161 524.272 524.272 1 1 0
0.0394495 524.498 524.498 1 1 0
0.039483 524.723 524.723 1 1 0
0.0395165 524.949 524.949 1 1 0
0.0395501 525.174 525.174 1 1 0
0.0395838 525.399 525.399 1 1 0
0.0396175 525.624 525.624 1 1 0
0.0396514 525.849 525.849 1 1 0
0.0396853 526.073 526.073 1 1 0
0.0397192 526.297 526.297 1 1 0
0.0397533 526.521 526.521 1 1 0
0.0397874 526.745 526.745 1 1 0
0.0398216 526.969 526.969 1 1 0
0.0398559 527.192 527.192 1 1 0
0.0398902 527.415 527.415 1 1 0
0.0399246 527.638 527.638 1 1 0
0.0399591 527.861 527.861 1 1 0
0.0399937 528.083 528.083 1 1 0
0.0400283 528.306 528.306 1 1 0
0.040063 528.528 528.528 1 1 0
0.0400978 528.75 528.75 1 1 0
0.0401327 528.971 528.971 1 1 0
0.0401677 529.193 529.193 1 1 0
0.0402027 529.414 529.414 1 1 0
0.0402378 529.635 529.635 1 1 0
0.040273 529.856 529.856 1 1 0
0.0403082 530.077 530.077 1 1 0
0.0403436 530.297 530.297 1 1 0
0.040379 530.518 530.518 1 1 0
0.0404145 530.738 530.738 1 1 0
0.0404501 530.958 530.958 1 1 0
0.0404857 531.177 531.177 1 1 0
0.0405214 531.397 531.397 1 1 0
0.0405573 531.616 531.616 1 1 0
0.0405932 531.835 531.835 1 1 0
0.0406291 532.054 532.054 1 1 0
0.0406652 532.272 532.272 1 1 0
0.0407013 532.491 532.491 1 1 0
0.0407375 532.709 532.709 1 1 0
0.0407738 532.927 532.927 1 1 0
0.0408102 533.145 533.145 1 1 0
0.0408467 533.362 533.362 1 1 0
0.0408832 533.58 533.58 1 1 0
0.0409199 533.797 533.797 1 1 0
0.0409566 534.014 534.014 1 1 0
0.0409934 534.231 534.231 1 1 0
0.0410303 534.447 534.447 1 1 0
0.0410673 534.663 534.663 1 1 0
0.0411043 534.88 534.88 1 1 0
0.0411415 535.095 535.095 1 1 0
0.0411787 535.311 535.311 1 1 0
0.041216 535.527 535.527 1 1 0
0.0412534 535.742 535.742 1 1 0
0.0412909 535.957 535.957 1 1 0
0.0413285 536.172 536.172 1 1 0
0.0413661 536.386 536.386 1 1 0
0.0414039 536.601 536.601 1 1 0
0.0414417 536.815 536.815 1 1 0
0.0414796 537.029 537.029 1 1 0
0.0415176 537.243 537.243 1 1 0
0.0415557 537.456 537.456 1 1 0
0.0415939 537.67 537.67 1 1 0
0.0416322 537.883 537.883 1 1 0
0.0416706 538.096 538.096 1 1 0
0.0417091 538.309 538.309 1 1 0
0.0417476 538.521 538.521 1 1 0
0.0417863 538.733 538.733 1 1 0
0.041825 538.946 538.946 1 1 0
0.0418638 539.157 539.157 1 1 0
0.0419027 539.369 539.369 1 1 0
0.0419418 539.581 539.581 1 1 0
0.0419809 539.792 539.792 1 1 0
0.0420201 540.003 540.003 1 1 0
0.0420594 540.214 540.214 1 1 0
0.0420987 540.424 540.424 1 1 0
0.0421382 540.635 540.635 1 1 0
0.0421778 540.845 540.845 1 1 0
0.0422175 541.055 541.055 1 1 0
0.0422572 541.264 541.264 1 1 0
0.0422971 541.474 541.474 1 1 0
0.0423371 541.683 541.683 1 1 0
0.0423771 541.892 541.892 1 1 0
0.0424173 542.101 542.101 1 1 0
0.0424575 542.31 542.31 1 1 0
0.0424979 542.518 542.518 1 1 0
0.0425383 542.727 542.727 1 1 0
0.0425789 542.935 542.935 1 1 0
0.0426195 543.142 543.142 1 1 0
0.0426603 543.35 543.35 1 1 0
0.0427011 543.557 543.557 1 1 0
0.0427421 543.764 543.764 1 1 0
0.0427831 543.971 543.971 1 1 0
0.0428243 544.178 544.178 1 1 0
0.0428655 544.384 544.384 1 1 0
0.0429068 544.591 544.591 1 1 0
0.0429483 544.797 544.797 1 1 0
0.0429899 545.003 545.003 1 1 0
0.0430315 545.208 545.208 1 1 0
0.0430733 545.413 545.413 1 1 0
0.0431151 545.619 545.619 1 1 0
0.0431571 545.824 545.824 1 1 0
0.0431992 546.028 546.028 1 1 0
0.0432414 546.233 546.233 1 1 0
0.0432836 546.437 546.437 1 1 0
0.043326 546.641 546.641 1 1 0
0.0433685 546.845 546.845 1 1 0
0.0434111 547.048 547.048 1 1 0
0.0434538 547.252 547.252 1 1 0
0.0434966 547.455 547.455 1 1 0
0.0435396 547.658 547.658 1 1 0
0.0435826 547.861 547.861 1 1 0
0.0436257 548.063 548.063 1 1 0
0.043669 548.265 548.265 1 1 0
0.0437124 548.467 548.467 1 1 0
0.0437558 548.669 548.669 1 1 0
0.0437994 548.871 548.871 1 1 0
0.0438431 549.072 549.072 1 1 0
0.0438869 549.273 549.273 1 1 0
0.0439308 549.474 549.474 1 1 0
0.0439748 549.675 549.675 1 1 0
0.044019 549.875 549.875 1 1 0
0.0440632 550.075 550.075 1 1 0
0.0441076 550.275 550.275 1 1 0
0.0441521 550.475 550.475 1 1 0
0.0441966 550.674 550.674 1 1 0
0.0442414 550.874 550.874 1 1 0
0.0442862 551.073 551.073 1 1 0
0.0443311 551.271 551.271 1 1 0
0.0443762 551.47 551.47 1 1 0
0.0444213 551.668 551.668 1 1 0
0.0444666 551.866 551.866 1 1 0
0.044512 552.064 552.064 1 1 0
0.0445575 552.262 552.262 1 1 0
0.0446032 552.459 552.459 1 1 0
0.0446489 552.656 552.656 1 1 0
0.0446948 552.853 552.853 1 1 0
0.0447408 553.05 553.05 1 1 0
0.0447869 553.246 553.246 1 1 0
0.0448331 553.443 553.443 1 1 0
0.0448795 553.639 553.639 1 1 0
0.044926 553.834 553.834 1 1 0
0.0449726 554.03 554.03 1 1 0
0.0450193 554.225 554.225 1 1 0
0.0450661 554.42 554.42 1 1 0
0.0451131 554.615 554.615 1 1 0
0.0451602 554.809 554.809 1 1 0
0.0452074 555.004 555.004 1 1 0
0.0452547 555.198 555.198 1 1 0
0.0453022 555.392 555.392 1 1 0
0.0453498 555.585 555.585 1 1 0
0.0453975 555.779 555.779 1 1 0
0.0454453 555.972 555.972 1 1 0
0.0454933 556.164 556.164 1 1 0
0.0455414 556.357 556.357 1 1 0
0.0455896 556.549 556.549 1 1 0
0.045638 556.741 556.741 1 1 0
0.0456864 556.933 556.933 1 1 0
0.045735 557.125 557.125 1 1 0
0.0457838 557.316 557.316 1 1 0
0.0458326 557.507 557.507 1 1 0
0.0458816 557.698 557.698 1 1 0
0.0459308 557.889 557.889 1 1 0
0.04598 558.079 558.079 1 1 0
0.0460294 558.269 558.269 1 1 0
0.0460789 558.459 558.459 1 1 0
0.0461286 558.649 558.649 1 1 0
0.0461783 558.838 558.838 1 1 0
0.0462283 559.027 559.027 1 1 0
0.0462783 559.216 559.216 1 1 0
0.0463285 559.405 559.405 1 1 0
0.0463788 559.593 559.593 1 1 0
0.0464293 559.781 559.781 1 1 0
0.0464799 559.969 559.969 1 1 0
0.0465306 560.156 560.156 1 1 0
0.0465815 560.344 560.344 1 1 0
0.0466325 560.531 560.531 1 1 0
0.0466836 560.717 560.717 1 1 0
0.0467349 560.904 560.904 1 1 0
0.0467863 561.09 561.09 1 1 0
0.0468378 561.276 561.276 1 1 0
0.0468895 561.462 561.462 1 1 0
0.0469414 561.647 561.647 1 1 0
0.0469933 561.832 561.832 1 1 0
0.0470455 562.017 562.017 1 1 0
0.0470977 562.202 562.202 1 1 0
0.0471501 562.386 562.386 1 1 0
0.0472026 562.571 562.571 1 1 0
0.0472553 562.754 562.754 1 1 0
0.0473082 562.938 562.938 1 1 0
0.0473611 563.121 563.121 1 1 0
0.0474142 563.304 563.304 1 1 0
0.0474675 563.487 563.487 1 1 0
0.0475209 563.67 563.67 1 1 0
0.0475744 563.852 563.852 1 1 0
0.0476281 564.034 564.034 1 1 0
0.047682 564.216 564.216 1 1 0
0.0477359 564.397 564.397 1 1 0
0.0477901 564.578 564.578 1 1 0
0.0478444 564.759 564.759 1 1 0
0.0478988 564.94 564.94 1 1 0
0.0479534 565.12 565.12 1 1 0
0.0480081 565.3 565.3 1 1 0
0.048063 565.48 565.48 1 1 0
0.048118 565.659 565.659 1 1 0
0.0481731 565.838 565.838 1 1 0
0.0482285 566.017 566.017 1 1 0
0.0482839 566.196 566.196 1 1 0
0.0483396 566.374 566.374 1 1 0
0.0483953 566.552 566.552 1 1 0
0.0484513 566.73 566.73 1 1 0
0.0485074 566.907 566.907 1 1 0
0.0485636 567.085 567.085 1 1 0
0.04862 567.261 567.261 1 1 0
0.0486765 567.438 567.438 1 1 0
0.0487332 567.614 567.614 1 1 0
0.0487901 567.79 567.79 1 1 0
0.0488471 567.966 567.966 1 1 0
0.0489043 568.142 568.142 1 1 0
0.0489616 568.317 568.317 1 1 0
0.049019 568.492 568.492 1 1 0
0.0490767 568.666 568.666 1 1 0
0.0491345 568.84 568.84 1 1 0
0.0491924 569.014 569.014 1 1 0
0.0492505 569.188 569.188 1 1 0
0.0493088 569.361 569.361 1 1 0
0.0493672 569.534 569.534 1 1 0
0.0494258 569.707 569.707 1 1 0
0.0494845 569.88 569.88 1 1 0
0.0495434 570.052 570.052 1 1 0
0.0496025 570.224 570.224 1 1 0
0.0496617 570.395 570.395 1 1 0
0.0497211 570.566 570.566 1 1 0
0.0497807 570.737 570.737 1 1 0
0.0498404 570.908 570.908 1 1 0
0.0499002 571.078 571.078 1 1 0
0.0499603 571.248 571.248 1 1 0
0.0500205 571.418 571.418 1 1 0
0.0500808 571.587 571.587 1 1 0
0.0501414 571.757 571.757 1 1 0
0.050202 571.925 571.925 1 1 0
0.0502629 572.094 572.094 1 1 0
0.0503239 572.262 572.262 1 1 0
0.0503851 572.43 572.43 1 1 0
0.0504464 572.597 572.597 1 1 0
0.050508 572.764 572.764 1 1 0
0.0505696 572.931 572.931 1 1 0
0.0506315 573.098 573.098 1 1 0
0.0506935 573.264 573.264 1 1 0
0.0507557 573.43 573.43 1 1 0
0.050818 573.595 573.595 1 1 0
0.0508805 573.761 573.761 1 1 0
0.0509432 573.926 573.926 1 1 0
0.0510061 574.09 574.09 1 1 0
0.0510691 574.254 574.254 1 1 0
0.0511323 574.418 574.418 1 1 0
0.0511957 574.582 574.582 1 1 0
0.0512592 574.745 574.745 1 1 0
0.0513229 574.908 574.908 1 1 0
0.0513867 575.071 575.071 1 1 0
0.0514508 575.233 575.233 1 1 0
0.051515 575.395 575.395 1 1 0
0.0515794 575.557 575.557 1 1 0
0.0516439 575.718 575.718 1 1 0
0.0517087 575.879 575.879 1 1 0
0.0517735 576.039 576.039 1 1 0
0.0518386 576.2 576.2 1 1 0
0.0519039 576.359 576.359 1 1 0
0.0519693 576.519 576.519 1 1 0
0.0520348 576.678 576.678 1 1 0
0.0521006 576.837 576.837 1 1 0
0.0521665 576.996 576.996 1 1 0
0.0522326 577.154 577.154 1 1 0
0.0522989 577.312 577.312 1 1 0
0.0523654 577.469 577.469 1 1 0
0.052432 577.626 577.626 1 1 0
0.0524988 577.783 577.783 1 1 0
0.0525657 577.939 577.939 1 1 0
0.0526329 578.096 578.096 1 1 0
0.0527002 578.251 578.251 1 1 0
0.0527677 578.407 578.407 1 1 0
0.0528354 578.562 578.562 1 1 0
0.0529032 578.716 578.716 1 1 0
0.0529712 578.871 578.871 1 1 0
0.0530394 579.025 579.025 1 1 0
0.0531078 579.178 579.178 1 1 0
0.0531763 579.331 579.331 1 1 0
0.0532451 579.484 579.484 1 1 0
0.0533139 579.637 579.637 1 1 0
0.053383 579.789 579.789 1 1 0
0.0534523 579.941 579.941 1 1 0
0.0535217 580.092 580.092 1 1 0
0.0535913 580.243 580.243 1 1 0
0.0536611 580.394 580.394 1 1 0
0.053731 580.544 580.544 1 1 0
0.0538011 580.694 580.694 1 1 0
0.0538714 580.844 580.844 1 1 0
0.0539419 580.993 580.993 1 1 0
0.0540126 581.142 581.142 1 1 0
0.0540834 581.29 581.29 1 1 0
0.0541544 581.438 581.438 1 1 0
0.0542256 581.586 581.586 1 1 0
0.0542969 581.733 581.733 1 1 0
0.0543685 581.88 581.88 1 1 0
0.0544402 582.027 582.027 1 1 0
0.0545121 582.173 582.173 1 1 0
0.0545841 582.319 582.319 1 1 0
0.0546564 582.464 582.464 1 1 0
0.0547288 582.609 582.609 1 1 0
0.0548014 582.754 582.754 1 1 0
0.0548741 582.898 582.898 1 1 0
0.0549471 583.042 583.042 1 1 0
0.0550202 583.185 583.185 1 1 0
0.0550935 583.329 583.329 1 1 0
0.0551669 583.471 583.471 1 1 0
0.0552406 583.614 583.614 1 1 0
0.0553144 583.756 583.756 1 1 0
0.0553884 583.897 583.897 1 1 0
0.0554626 584.038 584.038 1 1 0
0.0555369 584.179 584.179 1 1 0
0.0556114 584.32 584.32 1 1 0
0.0556861 584.46 584.46 1 1 0
0.055761 584.599 584.599 1 1 0
0.055836 584.738 584.738 1 1 0
0.0559113 584.877 584.877 1 1 0
0.0559866 585.016 585.016 1 1 0
0.0560622 585.154 585.154 1 1 0
0.0561379 585.291 585.291 1 1 0
0.0562139 585.428 585.428 1 1 0
0.0562899 585.565 585.565 1 1 0
0.0563662 585.702 585.702 1 1 0
0.0564426 585.838 585.838 1 1 0
0.0565192 585.973 585.973 1 1 0
0.056596 586.109 586.109 1 1 0
0.056673 586.243 586.243 1 1 0
0.0567501 586.378 586.378 1 1 0
0.0568274 586.512 586.512 1 1 0
0.0569048 586.645 586.645 1 1 0
0.0569825 586.779 586.779 1 1 0
0.0570603 586.912 586.912 1 1 0
0.0571382 587.044 587.044 1 1 0
0.0572164 587.176 587.176 1 1 0
0.0572947 587.307 587.307 1 1 0
0.0573732 587.439 587.439 1 1 0
0.0574518 587.569 587.569 1 1 0
0.0575306 587.7 587.7 1 1 0
0.0576096 587.83 587.83 1 1 0
0.0576888 587.959 587.959 1 1 0
0.0577681 588.088 588.088 1 1 0
0.0578476 588.217 588.217 1 1 0
0.0579272 588.345 588.345 1 1 0
0.0580071 588.473 588.473 1 1 0
0.058087 588.601 588.601 1 1 0
0.0581672 588.728 588.728 1 1 0
0.0582475 588.855 588.855 1 1 0
0.058328 588.981 588.981 1 1 0
0.0584086 589.107 589.107 1 1 0
0.0584895 589.232 589.232 1 1 0
0.0585704 589.357 589.357 1 1 0
0.0586516 589.482 589.482 1 1 0
0.0587329 589.606 589.606 1 1 0
0.0588143 589.73 589.73 1 1 0
0.058896 589.853 589.853 1 1 0
0.0589777 589.976 589.976 1 1 0
0.0590597 590.098 590.098 1 1 0
0.0591418 590.22 590.22 1 1 0
0.0592241 590.342 590.342 1 1 0
0.0593065 590.463 590.463 1 1 0
0.0593891 590.584 590.584 1 1 0
0.0594718 590.705 590.705 1 1 0
0.0595547 590.825 590.825 1 1 0
0.0596378 590.944 590.944 1 1 0
0.059721 591.063 591.063 1 1 0
0.0598044 591.182 591.182 1 1 0
0.0598879 591.3 591.3 1 1 0
0.0599716 591.418 591.418 1 1 0
0.0600554 591.536 591.536 1 1 0
0.0601394 591.653 591.653 1 1 0
0.0602235 591.769 591.769 1 1 0
0.0603078 591.886 591.886 1 1 0
0.0603923 592.002 592.002 1 1 0
0.0604769 592.117 592.117 1 1 0
0.0605616 592.232 592.232 1 1 0
0.0606465 592.346 592.346 1 1 0
0.0607316 592.461 592.461 1 1 0
0.0608167 592.574 592.574 1 1 0
0.0609021 592.688 592.688 1 1 0
0.0609876 592.801 592.801 1 1 0
0.0610732 592.913 592.913 1 1 0
0.061159 593.025 593.025 1 1 0
0.0612449 593.137 593.137 1 1 0
0.061331 593.248 593.248 1 1 0
0.0614173 593.359 593.359 1 1 0
0.0615036 593.469 593.469 1 1 0
0.0615901 593.579 593.579 1 1 0
0.0616768 593.689 593.689 1 1 0
0.0617636 593.798 593.798 1 1 0
0.0618505 593.906 593.906 1 1 0
0.0619376 594.015 594.015 1 1 0
0.0620248 594.123 594.123 1 1 0
0.0621122 594.23 594.23 1 1 0
0.0621997 594.337 594.337 1 1 0
0.0622873 594.444 594.444 1 1 0
0.0623751 594.55 594.55 1 1 0
0.062463 594.656 594.656 1 1 0
0.062551 594.761 594.761 1 1 0
0.0626392 594.866 594.866 1 1 0
0.0627275 594.971 594.971 1 1 0
0.062816 595.075 595.075 1 1 0
0.0629045 595.179 595.179 1 1 0
0.0629933 595.282 595.282 1 1 0
0.0630821 595.385 595.385 1 1 0
0.0631711 595.487 595.487 1 1 0
0.0632602 595.589 595.589 1 1 0
0.0633494 595.691 595.691 1 1 0
0.0634388 595.792 595.792 1 1 0
0.0635283 595.893 595.893 1 1 0
0.0636179 595.994 595.994 1 1 0
0.0637077 596.094 596.094 1 1 0
0.0637975 596.193 596.193 1 1 0
0.0638875 596.293 596.293 1 1 0
0.0639777 596.392 596.392 1 1 0
0.0640679 596.49 596.49 1 1 0
0.0641583 596.588 596.588 1 1 0
0.0642488 596.686 596.686 1 1 0
0.0643394 596.783 596.783 1 1 0
0.0644301 596.88 596.88 1 1 0
0.064521 596.976 596.976 1 1 0
0.064612 597.072 597.072 1 1 0
0.0647031 597.168 597.168 1 1 0
0.0647943 597.263 597.263 1 1 0
0.0648856 597.358 597.358 1 1 0
0.0649771 597.452 597.452 1 1 0
0.0650686 597.546 597.546 1 1 0
0.0651603 597.64 597.64 1 1 0
0.0652521 597.733 597.733 1 1 0
0.065344 597.826 597.826 1 1 0
0.0654361 597.918 597.918 1 1 0
0.0655282 598.01 598.01 1 1 0
0.0656204 598.102 598.102 1 1 0
0.0657128 598.193 598.193 1 1 0
0.0658053 598.284 598.284 1 1 0
0.0658978 598.375 598.375 1 1 0
0.0659905 598.465 598.465 1 1 0
0.0660833 598.554 598.554 1 1 0
0.0661762 598.644 598.644 1 1 0
0.0662692 598.733 598.733 1 1 0
0.0663623 598.821 598.821 1 1 0
0.0664556 598.909 598.909 1 1 0
0.0665489 598.997 598.997 1 1 0
0.0666423 599.085 599.085 1 1 0
0.0667358 599.172 599.172 1 1 0
0.0668295 599.258 599.258 1 1 0
0.0669232 599.344 599.344 1 1 0
0.0670171 599.43 599.43 1 1 0
0.067111 599.516 599.516 1 1 0
0.067205 599.601 599.601 1 1 0
0.0672992 599.686 599.686 1 1 0
0.0673934 599.77 599.77 1 1 0
0.0674877 599.854 599.854 1 1 0
0.0675821 599.938 599.938 1 1 0
0.0676767 600.021 600.021 1 1 0
0.0677713 600.104 600.104 1 1 0
0.067866 600.186 600.186 1 1 0
0.0679608 600.269 600.269 1 1 0
0.0680557 600.35 600.35 1 1 0
0.0681507 600.432 600.432 1 1 0
0.0682458 600.513 600.513 1 1 0
0.0683409 600.594 600.594 1 1 0
0.0684362 600.674 600.674 1 1 0
0.0685315 600.754 600.754 1 1 0
0.068627 600.834 600.834 1 1 0
0.0687225 600.913 600.913 1 1 0
0.0688181 600.992 600.992 1 1 0
0.0689138 601.07 601.07 1 1 0
0.0690096 601.148 601.148 1 1 0
0.0691055 601.226 601.226 1 1 0
0.0692015 601.304 601.304 1 1 0
0.0692975 601.381 601.381 1 1 0
0.0693936 601.458 601.458 1 1 0
0.0694899 601.534 601.534 1 1 0
0.0695861 601.61 601.61 1 1 0
0.0696825 601.686 601.686 1 1 0
0.069779 601.761 601.761 1 1 0
0.0698755 601.836 601.836 1 1 0
0.0699721 601.911 601.911 1 1 0
0.0700688 601.985 601.985 1 1 0
0.0701656 602.059 602.059 1 1 0
0.0702625 602.133 602.133 1 1 0
0.0703594 602.206 602.206 1 1 0
0.0704564 602.279 602.279 1 1 0
0.0705535 602.352 602.352 1 1 0
0.0706506 602.424 602.424 1 1 0
0.0707479 602.496 602.496 1 1 0
0.0708452 602.568 602.568 1 1 0
0.0709426 602.639 602.639 1 1 0
0.07104 602.71 602.71 1 1 0
0.0711375 602.781 602.781 1 1 0
0.0712351 602.852 602.852 1 1 0
0.0713328 602.922 602.922 1 1 0
0.0714305 602.991 602.991 1 1 0
0.0715283 603.061 603.061 1 1 0
0.0716262 603.13 603.13 1 1 0
0.0717242 603.198 603.198 1 1 0
0.0718222 603.267 603.267 1 1 0
0.0719203 603.335 603.335 1 1 0
0.0720184 603.403 603.403 1 1 0
0.0721166 603.47 603.47 1 1 0
0.0722149 603.537 603.537 1 1 0
0.0723133 603.604 603.604 1 1 0
0.0724117 603.671 603.671 1 1 0
0.0725102 603.737 603.737 1 1 0
0.0726087 603.803 603.803 1 1 0
0.0727073 603.868 603.868 1 1 0
0.072806 603.934 603.934 1 1 0
0.0729047 603.999 603.999 1 1 0
0.0730035 604.063 604.063 1 1 0
0.0731023 604.128 604.128 1 1 0
0.0732013 604.192 604.192 1 1 0
0.0733002 604.256 604.256 1 1 0
0.0733993 604.319 604.319 1 1 0
0.0734984 604.382 604.382 1 1 0
0.0735975 604.445 604.445 1 1 0
0.0736967 604.508 604.508 1 1 0
0.073796 604.57 604.57 1 1 0
0.0738953 604.632 604.632 1 1 0
0.0739947 604.694 604.694 1 1 0
0.0740941 604.755 604.755 1 1 0
0.0741936 604.816 604.816 1 1 0
0.0742931 604.877 604.877 1 1 0
0.0743927 604.938 604.938 1 1 0
0.0744924 604.998 604.998 1 1 0
0.0745921 605.058 605.058 1 1 0
0.0746919 605.118 605.118 1 1 0
0.0747917 605.177 605.177 1 1 0
0.0748915 605.236 605.236 1 1 0
0.0749914 605.295 605.295 1 1 0
0.0750914 605.354 605.354 1 1 0
0.0751914 605.412 605.412 1 1 0
0.0752915 605.47 605.47 1 1 0
0.0753916 605.528 605.528 1 1 0
0.0754918 605.585 605.585 1 1 0
0.075592 605.643 605.643 1 1 0
0.0756923 605.7 605.7 1 1 0
0.0757926 605.756 605.756 1 1 0
0.0758929 605.813 605.813 1 1 0
0.0759933 605.869 605.869 1 1 0
0.0760938 605.925 605.925 1 1 0
0.0761943 605.98 605.98 1 1 0
0.0762949 606.036 606.036 1 1 0
0.0763954 606.091 606.091 1 1 0
0.0764961 606.146 606.146 1 1 0
0.0765968 606.2 606.2 1 1 0
0.0766975 606.255 606.255 1 1 0
0.0767983 606.309 606.309 1 1 0
0.0768991 606.362 606.362 1 1 0
0.0769999 606.416 606.416 1 1 0
0.0771008 606.469 606.469 1 1 0
0.0772018 606.522 606.522 1 1 0
0.0773028 606.575 606.575 1 1 0
0.0774038 606.628 606.628 1 1 0
0.0775049 606.68 606.68 1 1 0
0.077606 606.732 606.732 1 1 0
0.0777071 606.784 606.784 1 1 0
0.0778083 606.835 606.835 1 1 0
0.0779095 606.887 606.887 1 1 0
0.0780108 606.938 606.938 1 1 0
0.0781121 606.989 606.989 1 1 0
0.0782134 607.039 607.039 1 1 0
0.0783148 607.09 607.09 1 1 0
0.0784162 607.14 607.14 1 1 0
0.0785177 607.19 607.19 1 1 0
0.0786192 607.239 607.239 1 1 0
0.0787207 607.289 607.289 1 1 0
0.0788223 607.338 607.338 1 1 0
0.0789239 607.387 607.387 1 1 0
0.0790256 607.436 607.436 1 1 0
0.0791272 607.484 607.484 1 1 0
0.0792289 607.532 607.532 1 1 0
0.0793307 607.58 607.58 1 1 0
0.0794325 607.628 607.628 1 1 0
0.0795343 607.676 607.676 1 1 0
0.0796361 607.723 607.723 1 1 0
0.079738 607.77 607.77 1 1 0
0.0798399 607.817 607.817 1 1 0
0.0799419 607.864 607.864 1 1 0
0.0800439 607.91 607.91 1 1 0
0.0801459 607.957 607.957 1 1 0
0.0802479 608.003 608.003 1 1 0
0.08035 608.048 608.048 1 1 0
0.0804521 608.094 608.094 1 1 0
0.0805543 608.14 608.14 1 1 0
0.0806565 608.185 608.185 1 1 0
0.0807587 608.23 608.23 1 1 0
0.0808609 608.274 608.274 1 1 0
0.0809632 608.319 608.319 1 1 0
0.0810655 608.363 608.363 1 1 0
0.0811678 608.407 608.407 1 1 0
0.0812701 608.451 608.451 1 1 0
0.0813725 608.495 608.495 1 1 0
0.0814749 608.539 608.539 1 1 0
0.0815774 608.582 608.582 1 1 0
0.0816798 608.625 608.625 1 1 0
0.0817823 608.668 608.668 1 1 0
0.0818849 608.711 608.711 1 1 0
0.0819874 608.753 608.753 1 1 0
0.08209 608.796 608.796 1 1 0
0.0821926 608.838 608.838 1 1 0
0.0822952 608.88 608.88 1 1 0
0.0823979 608.921 608.921 1 1 0
0.0825006 608.963 608.963 1 1 0
0.0826033 609.004 609.004 1 1 0
0.082706 609.045 609.045 1 1 0
0.0828088 609.086 609.086 1 1 0
0.0829116 609.127 609.127 1 1 0
0.0830144 609.168 609.168 1 1 0
0.0831172 609.208 609.208 1 1 0
0.0832201 609.248 609.248 1 1 0
0.083323 609.288 609.288 1 1 0
0.0834259 609.328 609.328 1 1 0
0.0835288 609.368 609.368 1 1 0
0.0836318 609.407 609.407 1 1 0
0.0837347 609.447 609.447 1 1 0
0.0838378 609.486 609.486 1 1 0
0.0839408 609.525 609.525 1 1 0
0.0840438 609.563 609.563 1 1 0
0.0841469 609.602 609.602 1 1 0
0.08425 609.64 609.64 1 1 0
0.0843531 609.679 609.679 1 1 0
0.0844563 609.717 609.717 1 1 0
0.0845594 609.754 609.754 1 1 0
0.0846626 609.792 609.792 1 1 0
0.0847658 609.83 609.83 1 1 0
0.084869 609.867 609.867 1 1 0
0.0849723 609.904 609.904 1 1 0
0.0850756 609.941 609.941 1 1 0
0.0851788 609.978 609.978 1 1 0
0.0852822 610.015 610.015 1 1 0
0.0853855 610.051 610.051 1 1 0
0.0854888 610.087 610.087 1 1 0
0.0855922 610.124 610.124 1 1 0
0.0856956 610.16 610.16 1 1 0
0.085799 610.195 610.195 1 1 0
0.0859024 610.231 610.231 1 1 0
0.0860059 610.267 610.267 1 1 0
0.0861093 610.302 610.302 1 1 0
0.0862128 610.337 610.337 1 1 0
0.0863163 610.372 610.372 1 1 0
0.0864198 610.407 610.407 1 1 0
0.0865234 610.442 610.442 1 1 0
0.0866269 610.476 610.476 1 1 0
0.0867305 610.511 610.511 1 1 0
0.0868341 610.545 610.545 1 1 0
0.0869377 610.579 610.579 1 1 0
0.0870414 610.613 610.613 1 1 0
0.087145 610.647 610.647 1 1 0
0.0872487 610.68 610.68 1 1 0
0.0873523 610.714 610.714 1 1 0
0.087456 610.747 610.747 1 1 0
0.0875598 610.78 610.78 1 1 0
0.0876635 610.813 610.813 1 1 0
0.0877672 610.846 610.846 1 1 0
0.087871 610.879 610.879 1 1 0
0.0879748 610.911 610.911 1 1 0
0.0880786 610.944 610.944 1 1 0
0.0881824 610.976 610.976 1 1 0
0.0882862 611.008 611.008 1 1 0
0.0883901 611.04 611.04 1 1 0
0.0884939 611.072 611.072 1 1 0
0.0885978 611.104 611.104 1 1 0
0.0887017 611.135 611.135 1 1 0
0.0888056 611.167 611.167 1 1 0
0.0889095 611.198 611.198 1 1 0
0.0890134 611.229 611.229 1 1 0
0.0891174 611.26 611.26 1 1 0
0.0892214 611.291 611.291 1 1 0
0.0893253 611.322 611.322 1 1 0
0.0894293 611.352 611.352 1 1 0
0.0895333 611.383 611.383 1 1 0
0.0896373 611.413 611.413 1 1 0
0.0897414 611.443 611.443 1 1 0
0.0898454 611.473 611.473 1 1 0
0.0899495 611.503 611.503 1 1 0
0.0900536 611.533 611.533 1 1 0
0.0901576 611.562 611.562 1 1 0
0.0902617 611.592 611.592 1 1 0
0.0903659 611.621 611.621 1 1 0
0.09047 611.651 611.651 1 1 0
0.0905741 611.68 611.68 1 1 0
0.0906783 611.709 611.709 1 1 0
0.0907824 611.738 611.738 1 1 0
0.0908866 611.766 611.766 1 1 0
0.0909908 611.795 611.795 1 1 0
0.091095 611.823 611.823 1 1 0
0.0911992 611.852 611.852 1 1 0
0.0913035 611.88 611.88 1 1 0
0.0914077 611.908 611.908 1 1 0
0.0915119 611.936 611.936 1 1 0
0.0916162 611.964 611.964 1 1 0
0.0917205 611.992 611.992 1 1 0
0.0918248 612.019 612.019 1 1 0
0.0919291 612.047 612.047 1 1 0
0.0920334 612.074 612.074 1 1 0
0.0921377 612.101 612.101 1 1 0
0.092242 612.128 612.128 1 1 0
0.0923464 612.156 612.156 1 1 0
0.0924507 612.182 612.182 1 1 0
0.0925551 612.209 612.209 1 1 0
0.0926595 612.236 612.236 1 1 0
0.0927638 612.262 612.262 1 1 0
0.0928682 612.289 612.289 1 1 0
0.0929726 612.315 612.315 1 1 0
0.0930771 612.341 612.341 1 1 0
0.0931815 612.367 612.367 1 1 0
0.0932859 612.393 612.393 1 1 0
0.0933904 612.419 612.419 1 1 0
0.0934948 612.445 612.445 1 1 0
0.0935993 612.471 612.471 1 1 0
0.0937038 612.496 612.496 1 1 0
0.0938083 612.522 612.522 1 1 0
0.0939128 612.547 612.547 1 1 0
0.0940173 612.572 612.572 1 1 0
0.0941218 612.597 612.597 1 1 0
0.0942263 612.622 612.622 1 1 0
0.0943308 612.647 612.647 1 1 0
0.0944354 612.672 612.672 1 1 0
0.0945399 612.697 612.697 1 1 0
0.0946445 612.721 612.721 1 1 0
0.0947491 612.746 612.746 1 1 0
0.0948537 612.77 612.77 1 1 0
0.0949582 612.794 612.794 1 1 0
0.0950628 612.818 612.818 1 1 0
0.0951674 612.842 612.842 1 1 0
0.0952721 612.866 612.866 1 1 0
0.0953767 612.89 612.89 1 1 0
0.0954813 612.914 612.914 1 1 0
0.095586 612.938 612.938 1 1 0
0.0956906 612.961 612.961 1 1 0
0.0957953 612.985 612.985 1 1 0
0.0958999 613.008 613.008 1 1 0
0.0960046 613.031 613.031 1 1 0
0.0961093 613.054 613.054 1 1 0
0.096214 613.077 613.077 1 1 0
0.0963187 613.1 613.1 1 1 0
0.0964234 613.123 613.123 1 1 0
0.0965281 613.146 613.146 1 1 0
0.0966328 613.168 613.168 1 1 0
0.0967376 613.191 613.191 1 1 0
0.0968423 613.213 613.213 1 1 0
0.096947 613.236 613.236 1 1 0
0.0970518 613.258 613.258 1 1 0
0.0971566 613.28 613.28 1 1 0
0.0972613 613.302 613.302 1 1 0
0.0973661 613.324 613.324 1 1 0
0.0974709 613.346 613.346 1 1 0
0.0975757 613.368 613.368 1 1 0
0.0976805 613.39 613.39 1 1 0
0.0977853 613.411 613.411 1 1 0
0.0978901 613.433 613.433 1 1 0
0.0979949 613.454 613.454 1 1 0
0.0980997 613.476 613.476 1 1 0
0.0982046 613.497 613.497 1 1 0
0.0983094 613.518 613.518 1 1 0
0.0984143 613.539 613.539 1 1 0
0.0985191 613.56 613.56 1 1 0
0.098624 613.581 613.581 1 1 0
0.0987288 613.602 613.602 1 1 0
0.0988337 613.623 613.623 1 1 0
0.0989386 613.643 613.643 1 1 0
0.0990435 613.664 613.664 1 1 0
0.0991484 613.684 613.684 1 1 0
0.0992533 613.705 613.705 1 1 0
0.0993582 613.725 613.725 1 1 0
0.0994631 613.745 613.745 1 1 0
0.099568 613.766 613.766 1 1 0
0.0996729 613.786 613.786 1 1 0
0.0997778 613.806 613.806 1 1 0
0.0998828 613.826 613.826 1 1 0
0.0999877 613.845 613.845 1 1 0
0.100093 613.865 613.865 1 1 0
0.100198 613.885 613.885 1 1 0
0.100303 613.904 613.904 1 1 0
0.100408 613.924 613.924 1 1 0
0.100513 613.943 613.943 1 1 0
0.100617 613.963 613.963 1 1 0
0.100722 613.982 613.982 1 1 0
0.100827 614.001 614.001 1 1 0
0.100932 614.02 614.02 1 1 0
0.101037 614.039 614.039 1 1 0
0.101142 614.058 614.058 1 1 0
0.101247 614.077 614.077 1 1 0
0.101352 614.096 614.096 1 1 0
0.101457 614.115 614.115 1 1 0
0.101563 614.133 614.133 1 1 0
0.101668 614.152 614.152 1 1 0
0.101773 614.17 614.17 1 1 0
0.101878 614.189 614.189 1 1 0
0.101983 614.207 614.207 1 1 0
0.102088 614.225 614.225 1 1 0
0.102193 614.243 614.243 1 1 0
0.102298 614.262 614.262 1 1 0
0.102403 614.28 614.28 1 1 0
0.102508 614.298 614.298 1 1 0
0.102613 614.316 614.316 1 1 0
0.102718 614.333 614.333 1 1 0
0.102823 614.351 614.351 1 1 0
0.102928 614.369 614.369 1 1 0
0.103033 614.386 614.386 1 1 0
0.103138 614.404 614.404 1 1 0
0.103244 614.421 614.421 1 1 0
0.103349 614.439 614.439 1 1 0
0.103454 614.456 614.456 1 1 0
0.103559 614.473 614.473 1 1 0
0.103664 614.491 614.491 1 1 0
0.103769 614.508 614.508 1 1 0
0.103874 614.525 614.525 1 1 0
0.103979 614.542 614.542 1 1 0
0.104085 614.559 614.559 1 1 0
0.10419 614.576 614.576 1 1 0
0.104295 614.592 614.592 1 1 0
0.1044 614.609 614.609 1 1 0
0.104505 614.626 614.626 1 1 0
0.10461 614.642 614.642 1 1 0
0.104716 614.659 614.659 1 1 0
0.104821 614.675 614.675 1 1 0
0.104926 614.692 614.692 1 1 0
0.105031 614.708 614.708 1 1 0
0.105136 614.724 614.724 1 1 0
0.105241 614.741 614.741 1 1 0
0.105347 614.757 614.757 1 1 0
0.105452 614.773 614.773 1 1 0
0.105557 614.789 614.789 1 1 0
0.105662 614.805 614.805 1 1 0
0.105767 614.821 614.821 1 1 0
0.105873 614.837 614.837 1 1 0
0.105978 614.852 614.852 1 1 0
0.106083 614.868 614.868 1 1 0
0.106188 614.884 614.884 1 1 0
0.106294 614.899 614.899 1 1 0
0.106399 614.915 614.915 1 1 0
0.106504 614.93 614.93 1 1 0
0.106609 614.946 614.946 1 1 0
0.106714 614.961 614.961 1 1 0
0.10682 614.976 614.976 1 1 0
0.106925 614.992 614.992 1 1 0
0.10703 615.007 615.007 1 1 0
0.107135 615.022 615.022 1 1 0
0.107241 615.037 615.037 1 1 0
0.107346 615.052 615.052 1 1 0
0.107451 615.067 615.067 1 1 0
0.107556 615.082 615.082 1 1 0
0.107662 615.097 615.097 1 1 0
0.107767 615.111 615.111 1 1 0
0.107872 615.126 615.126 1 1 0
0.107978 615.141 615.141 1 1 0
0.108083 615.155 615.155 1 1 0
0.108188 615.17 615.17 1 1 0
0.108293 615.184 615.184 1 1 0
0.108399 615.199 615.199 1 1 0
0.108504 615.213 615.213 1 1 0
0.108609 615.227 615.227 1 1 0
0.108715 615.242 615.242 1 1 0
0.10882 615.256 615.256 1 1 0
0.108925 615.27 615.27 1 1 0
0.109031 615.284 615.284 1 1 0
0.109136 615.298 615.298 1 1 0
0.109241 615.312 615.312 1 1 0
0.109347 615.326 615.326 1 1 0
0.109452 615.34 615.34 1 1 0
0.109557 615.354 615.354 1 1 0
0.109663 615.368 615.368 1 1 0
0.109768 615.381 615.381 1 1 0
0.109873 615.395 615.395 1 1 0
0.109979 615.409 615.409 1 1 0
0.110084 615.422 615.422 1 1 0
0.110189 615.436 615.436 1 1 0
0.110295 615.449 615.449 1 1 0
0.1104 615.463 615.463 1 1 0
0.110505 615.476 615.476 1 1 0
0.110611 615.489 615.489 1 1 0
0.110716 615.503 615.503 1 1 0
0.110821 615.516 615.516 1 1 0
0.110927 615.529 615.529 1 1 0
0.111032 615.542 615.542 1 1 0
0.111137 615.555 615.555 1 1 0
0.111243 615.568 615.568 1 1 0
0.111348 615.581 615.581 1 1 0
0.111454 615.594 615.594 1 1 0
0.111559 615.607 615.607 1 1 0
0.111664 615.62 615.62 1 1 0
0.11177 615.633 615.633 1 1 0
0.111875 615.645 615.645 1 1 0
0.11198 615.658 615.658 1 1 0
0.112086 615.671 615.671 1 1 0
0.112191 615.683 615.683 1 1 0
0.112297 615.696 615.696 1 1 0
0.112402 615.708 615.708 1 1 0
0.112507 615.721 615.721 1 1 0
0.112613 615.733 615.733 1 1 0
0.112718 615.746 615.746 1 1 0
0.112824 615.758 615.758 1 1 0
0.112929 615.77 615.77 1 1 0
0.113035 615.782 615.782 1 1 0
0.11314 615.795 615.795 1 1 0
0.113245 615.807 615.807 1 1 0
0.113351 615.819 615.819 1 1 0
0.113456 615.831 615.831 1 1 0
0.113562 615.843 615.843 1 1 0
0.113667 615.855 615.855 1 1 0
0.113773 615.867 615.867 1 1 0
0.113878 615.879 615.879 1 1 0
0.113983 615.89 615.89 1 1 0
0.114089 615.902 615.902 1 1 0
0.114194 615.914 615.914 1 1 0
0.1143 615.926 615.926 1 1 0
0.114405 615.937 615.937 1 1 0
0.114511 615.949 615.949 1 1 0
0.114616 615.96 615.96 1 1 0
0.114721 615.972 615.972 1 1 0
0.114827 615.983 615.983 1 1 0
0.114932 615.995 615.995 1 1 0
0.115038 616.006 616.006 1 1 0
0.115143 616.018 616.018 1 1 0
0.115249 616.029 616.029 1 1 0
0.115354 616.04 616.04 1 1 0
0.11546 616.052 616.052 1 1 0
0.115565 616.063 616.063 1 1 0
0.115671 616.074 616.074 1 1 0
0.115776 616.085 616.085 1 1 0
0.115882 616.096 616.096 1 1 0
0.115987 616.107 616.107 1 1 0
0.116093 616.118 616.118 1 1 0
0.116198 616.129 616.129 1 1 0
0.116303 616.14 616.14 1 1 0
0.116409 616.151 616.151 1 1 0
0.116514 616.162 616.162 1 1 0
0.11662 616.173 616.173 1 1 0
0.116725 616.183 616.183 1 1 0
0.116831 616.194 616.194 1 1 0
0.116936 616.205 616.205 1 1 0
0.117042 616.215 616.215 1 1 0
0.117147 616.226 616.226 1 1 0
0.117253 616.237 616.237 1 1 0
0.117358 616.247 616.247 1 1 0
0.117464 616.258 616.258 1 1 0
0.117569 616.268 616.268 1 1 0
0.117675 616.278 616.278 1 1 0
0.11778 616.289 616.289 1 1 0
0.117886 616.299 616.299 1 1 0
0.117991 616.31 616.31 1 1 0
0.118097 616.32 616.32 1 1 0
0.118202 616.33 616.33 1 1 0
0.118308 616.34 616.34 1 1 0
0.118413 616.35 616.35 1 1 0
0.118519 616.361 616.361 1 1 0
0.118625 616.371 616.371 1 1 0
0.11873 616.381 616.381 1 1 0
0.118836 616.391 616.391 1 1 0
0.118941 616.401 616.401 1 1 0
0.119047 616.411 616.411 1 1 0
0.119152 616.421 616.421 1 1 0
0.119258 616.431 616.431 1 1 0
0.119363 616.44 616.44 1 1 0
0.119469 616.45 616.45 1 1 0
0.119574 616.46 616.46 1 1 0
0.11968 616.47 616.47 1 1 0
0.119785 616.479 616.479 1 1 0
0.119891 616.489 616.489 1 1 0
0.119996 616.499 616.499 1 1 0
0.120102 616.508 616.508 1 1 0
0.120207 616.518 616.518 1 1 0
0.120313 616.528 616.528 1 1 0
0.120419 616.537 616.537 1 1 0
0.120524 616.547 616.547 1 1 0
0.12063 616.556 616.556 1 1 0
0.120735 616.565 616.565 1 1 0
0.120841 616.575 616.575 1 1 0
0.120946 616.584 616.584 1 1 0
0.121052 616.593 616.593 1 1 0
0.121157 616.603 616.603 1 1 0
0.121263 616.612 616.612 1 1 0
0.121369 616.621 616.621 1 1 0
0.121474 616.63 616.63 1 1 0
0.12158 616.64 616.64 1 1 0
0.121685 616.649 616.649 1 1 0
0.121791 616.658 616.658 1 1 0
0.121896 616.667 616.667 1 1 0
0.122002 616.676 616.676 1 1 0
0.122107 616.685 616.685 1 1 0
0.122213 616.694 616.694 1 1 0
0.122319 616.703 616.703 1 1 0
0.122424 616.712 616.712 1 1 0
0.12253 616.721 616.721 1 1 0
0.122635 616.729 616.729 1 1 0
0.122741 616.738 616.738 1 1 0
0.122847 616.747 616.747 1 1 0
0.122952 616.756 616.756 1 1 0
0.123058 616.765 616.765 1 1 0
0.123163 616.773 616.773 1 1 0
0.123269 616.782 616.782 1 1 0
0.123374 616.791 616.791 1 1 0
0.12348 616.799 616.799 1 1 0
0.123586 616.808 616.808 1 1 0
0.123691 616.816 616.816 1 1 0
0.123797 616.825 616.825 1 1 0
0.123902 616.833 616.833 1 1 0
0.124008 616.842 616.842 1 1 0
0.124114 616.85 616.85 1 1 0
0.124219 616.859 616.859 1 1 0
0.124325 616.867 616.867 1 1 0
0.12443 616.875 616.875 1 1 0
0.124536 616.884 616.884 1 1 0
0.124641 616.892 616.892 1 1 0
0.124747 616.9 616.9 1 1 0
0.124853 616.908 616.908 1 1 0
0.124958 616.917 616.917 1 1 0
0.125064 616.925 616.925 1 1 0
0.12517 616.933 616.933 1 1 0
0.125275 616.941 616.941 1 1 0
0.125381 616.949 616.949 1 1 0
0.125486 616.957 616.957 1 1 0
0.125592 616.965 616.965 1 1 0
0.125698 616.973 616.973 1 1 0
0.125803 616.981 616.981 1 1 0
0.125909 616.989 616.989 1 1 0
0.126014 616.997 616.997 1 1 0
0.12612 617.005 617.005 1 1 0
0.126226 617.013 617.013 1 1 0
0.126331 617.021 617.021 1 1 0
0.126437 617.029 617.029 1 1 0
0.126542 617.037 617.037 1 1 0
0.126648 617.044 617.044 1 1 0
0.126754 617.052 617.052 1 1 0
0.126859 617.06 617.06 1 1 0
0.126965 617.068 617.068 1 1 0
0.127071 617.075 617.075 1 1 0
0.127176 617.083 617.083 1 1 0
0.127282 617.091 617.091 1 1 0
0.127387 617.098 617.098 1 1 0
0.127493 617.106 617.106 1 1 0
0.127599 617.113 617.113 1 1 0
0.127704 617.121 617.121 1 1 0
0.12781 617.128 617.128 1 1 0
0.127916 617.136 617.136 1 1 0
0.128021 617.143 617.143 1 1 0
0.128127 617.151 617.151 1 1 0
0.128232 617.158 617.158 1 1 0
0.128338 617.166 617.166 1 1 0
0.128444 617.173 617.173 1 1 0
0.128549 617.18 617.18 1 1 0
0.128655 617.188 617.188 1 1 0
0.128761 617.195 617.195 1 1 0
0.128866 617.202 617.202 1 1 0
0.128972 617.209 617.209 1 1 0
0.129078 617.217 617.217 1 1 0
0.129183 617.224 617.224 1 1 0
0.129289 617.231 617.231 1 1 0
0.129394 617.238 617.238 1 1 0
0.1295 617.245 617.245 1 1 0
0.129606 617.252 617.252 1 1 0
0.129711 617.259 617.259 1 1 0
0.129817 617.267 617.267 1 1 0
0.129923 617.274 617.274 1 1 0
0.130028 617.281 617.281 1 1 0
0.130134 617.288 617.288 1 1 0
0.13024 617.295 617.295 1 1 0
0.130345 617.301 617.301 1 1 0
0.130451 617.308 617.308 1 1 0
0.130557 617.315 617.315 1 1 0
0.130662 617.322 617.322 1 1 0
0.130768 617.329 617.329 1 1 0
0.130874 617.336 617.336 1 1 0
0.130979 617.343 617.343 1 1 0
0.131085 617.349 617.349 1 1 0
0.131191 617.356 617.356 1 1 0
0.131296 617.363 617.363 1 1 0
0.131402 617.37 617.37 1 1 0
0.131508 617.376 617.376 1 1 0
0.131613 617.383 617.383 1 1 0
0.131719 617.39 617.39 1 1 0
0.131825 617.396 617.396 1 1 0
0.13193 617.403 617.403 1 1 0
0.132036 617.41 617.41 1 1 0
0.132142 617.416 617.416 1 1 0
0.132247 617.423 617.423 1 1 0
0.132353 617.429 617.429 1 1 0
0.132459 617.436 617.436 1 1 0
0.132564 617.442 617.442 1 1 0
0.13267 617.449 617.449 1 1 0
0.132776 617.455 617.455 1 1 0
0.132881 617.462 617.462 1 1 0
0.132987 617.468 617.468 1 1 0
0.133093 617.474 617.474 1 1 0
0.133198 617.481 617.481 1 1 0
0.133304 617.487 617.487 1 1 0
0.13341 617.494 617.494 1 1 0
0.133515 617.5 617.5 1 1 0
0.133621 617.506 617.506 1 1 0
0.133727 617.512 617.512 1 1 0
0.133832 617.519 617.519 1 1 0
0.133938 617.525 617.525 1 1 0
0.134044 617.531 617.531 1 1 0
0.134149 617.537 617.537 1 1 0
0.134255 617.543 617.543 1 1 0
0.134361 617.55 617.55 1 1 0
0.134466 617.556 617.556 1 1 0
0.134572 617.562 617.562 1 1 0
0.134678 617.568 617.568 1 1 0
0.134783 617.574 617.574 1 1 0
0.134889 617.58 617.58 1 1 0
0.134995 617.586 617.586 1 1 0
0.1351 617.592 617.592 1 1 0
0.135206 617.598 617.598 1 1 0
0.135312 617.604 617.604 1 1 0
0.135417 617.61 617.61 1 1 0
0.135523 617.616 617.616 1 1 0
0.135629 617.622 617.622 1 1 0
0.135735 617.628 617.628 1 1 0
0.13584 617.634 617.634 1 1 0
0.135946 617.64 617.64 1 1 0
0.136052 617.646 617.646 1 1 0
0.136157 617.651 617.651 1 1 0
0.136263 617.657 617.657 1 1 0
0.136369 617.663 617.663 1 1 0
0.136474 617.669 617.669 1 1 0
0.13658 617.675 617.675 1 1 0
0.136686 617.68 617.68 1 1 0
0.136791 617.686 617.686 1 1 0
0.136897 617.692 617.692 1 1 0
0.137003 617.697 617.697 1 1 0
0.137109 617.703 617.703 1 1 0
0.137214 617.709 617.709 1 1 0
0.13732 617.714 617.714 1 1 0
0.137426 617.72 617.72 1 1 0
0.137531 617.726 617.726 1 1 0
0.137637 617.731 617.731 1 1 0
0.137743 617.737 617.737 1 1 0
0.137848 617.742 617.742 1 1 0
0.137954 617.748 617.748 1 1 0
0.13806 617.753 617.753 1 1 0
0.138166 617.759 617.759 1 1 0
0.138271 617.764 617.764 1 1 0
0.138377 617.77 617.77 1 1 0
0.138483 617.775 617.775 1 1 0
0.138588 617.781 617.781 1 1 0
0.138694 617.786 617.786 1 1 0
0.1388 617.792 617.792 1 1 0
0.138906 617.797 617.797 1 1 0
0.139011 617.802 617.802 1 1 0
0.139117 617.808 617.808 1 1 0
0.139223 617.813 617.813 1 1 0
0.139328 617.818 617.818 1 1 0
0.139434 617.824 617.824 1 1 0
0.13954 617.829 617.829 1 1 0
0.139645 617.834 617.834 1 1 0
0.139751 617.84 617.84 1 1 0
0.139857 617.845 617.845 1 1 0
0.139963 617.85 617.85 1 1 0
0.140068 617.855 617.855 1 1 0
0.140174 617.86 617.86 1 1 0
0.14028 617.866 617.866 1 1 0
0.140385 617.871 617.871 1 1 0
0.140491 617.876 617.876 1 1 0
0.140597 617.881 617.881 1 1 0
0.140703 617.886 617.886 1 1 0
0.140808 617.891 617.891 1 1 0
0.140914 617.896 617.896 1 1 0
0.14102 617.902 617.902 1 1 0
0.141125 617.907 617.907 1 1 0
0.141231 617.912 617.912 1 1 0
0.141337 617.917 617.917 1 1 0
0.141443 617.922 617.922 1 1 0
0.141548 617.927 617.927 1 1 0
0.141654 617.932 617.932 1 1 0
0.14176 617.937 617.937 1 1 0
0.141866 617.942 617.942 1 1 0
0.141971 617.947 617.947 1 1 0
0.142077 617.951 617.951 1 1 0
0.142183 617.956 617.956 1 1 0
0.142288 617.961 617.961 1 1 0
0.142394 617.966 617.966 1 1 0
0.1425 617.971 617.971 1 1 0
0.142606 617.976 617.976 1 1 0
0.142711 617.981 617.981 1 1 0
0.142817 617.986 617.986 1 1 0
0.142923 617.99 617.99 1 1 0
0.143028 617.995 617.995 1 1 0
0.143134 618 618 1 1 0
0.14324 618.005 618.005 1 1 0
0.143346 618.009 618.009 1 1 0
0.143451 618.014 618.014 1 1 0
0.143557 618.019 618.019 1 1 0
0.143663 618.024 618.024 1 1 0
0.143769 618.028 618.028 1 1 0
0.143874 618.033 618.033 1 1 0
0.14398 618.038 618.038 1 1 0
0.144086 618.042 618.042 1 1 0
0.144192 618.047 618.047 1 1 0
0.144297 618.052 618.052 1 1 0
0.144403 618.056 618.056 1 1 0
0.144509 618.061 618.061 1 1 0
0.144614 618.065 618.065 1 1 0
0.14472 618.07 618.07 1 1 0
0.144826 618.075 618.075 1 1 0
0.144932 618.079 618.079 1 1 0
0.145037 618.084 618.084 1 1 0
0.145143 618.088 618.088 1 1 0
0.145249 618.093 618.093 1 1 0
0.145355 618.097 618.097 1 1 0
0.14546 618.102 618.102 1 1 0
0.145566 618.106 618.106 1 1 0
0.145672 618.111 618.111 1 1 0
0.145778 618.115 618.115 1 1 0
0.145883 618.12 618.12 1 1 0
0.145989 618.124 618.124 1 1 0
0.146095 618.128 618.128 1 1 0
0.146201 618.133 618.133 1 1 0
0.146306 618.137 618.137 1 1 0
0.146412 618.142 618.142 1 1 0
0.146518 618.146 618.146 1 1 0
0.146623 618.15 618.15 1 1 0
0.146729 618.155 618.155 1 1 0
0.146835 618.159 618.159 1 1 0
0.146941 618.163 618.163 1 1 0
0.147046 618.168 618.168 1 1 0
0.147152 618.172 618.172 1 1 0
0.147258 618.176 618.176 1 1 0
0.147364 618.18 618.18 1 1 0
0.147469 618.185 618.185 1 1 0
0.147575 618.189 618.189 1 1 0
0.147681 618.193 618.193 1 1 0
0.147787 618.197 618.197 1 1 0
0.147892 618.201 618.201 1 1 0
0.147998 618.206 618.206 1 1 0
0.148104 618.21 618.21 1 1 0
0.14821 618.214 618.214 1 1 0
0.148315 618.218 618.218 1 1 0
0.148421 618.222 618.222 1 1 0
0.148527 618.226 618.226 1 1 0
0.148633 618.231 618.231 1 1 0
0.148738 618.235 618.235 1 1 0
0.148844 618.239 618.239 1 1 0
0.14895 618.243 618.243 1 1 0
0.149056 618.247 618.247 1 1 0
0.149161 618.251 618.251 1 1 0
0.149267 618.255 618.255 1 1 0
0.149373 618.259 618.259 1 1 0
0.149479 618.263 618.263 1 1 0
0.149584 618.267 618.267 1 1 0
0.14969 618.271 618.271 1 1 0
0.149796 618.275 618.275 1 1 0
0.149902 618.279 618.279 1 1 0
0.150007 618.283 618.283 1 1 0
0.03 419.935 419.935 2 1 0
0.0299986 419.91 419.91 1 1 0
0.0299971 419.885 419.885 1 1 0
0.0299942 419.835 419.835 1 1 0
0.0299885 419.735 419.735 1 1 0
0.0299769 419.534 419.534 1 1 0
0.0299589 419.22 419.22 1 1 0
0.029941 418.906 418.906 1 1 0
0.029923 418.592 418.592 1 1 0
0.0299051 418.277 418.277 1 1 0
0.0298872 417.962 417.962 1 1 0
0.0298693 417.647 417.647 1 1 0
0.0298514 417.332 417.332 1 1 0
0.0298336 417.016 417.016 1 1 0
0.0298158 416.7 416.7 1 1 0
0.029798 416.384 416.384 1 1 0
0.0297802 416.068 416.068 1 1 0
0.0297625 415.751 415.751 1 1 0
0.0297447 415.435 415.435 1 1 0
0.029727 415.118 415.118 1 1 0
0.0297093 414.8 414.8 1 1 0
0.0296917 414.483 414.483 1 1 0
0.029674 414.165 414.165 1 1 0
0.0296564 413.847 413.847 1 1 0
0.0296388 413.529 413.529 1 1 0
0.0296212 413.21 413.21 1 1 0
0.0296037 412.891 412.891 1 1 0
0.0295861 412.572 412.572 1 1 0
0.0295686 412.253 412.253 1 1 0
0.0295511 411.933 411.933 1 1 0
0.0295336 411.614 411.614 1 1 0
0.0295162 411.294 411.294 1 1 0
0.0294987 410.973 410.973 1 1 0
0.0294813 410.653 410.653 1 1 0
0.0294639 410.332 410.332 1 1 0
0.0294466 410.011 410.011 1 1 0
0.0294292 409.69 409.69 1 1 0
0.0294119 409.368 409.368 1 1 0
0.0293946 409.046 409.046 1 1 0
0.0293773 408.724 408.724 1 1 0
0.02936 408.402 408.402 1 1 0
0.0293428 408.08 408.08 1 1 0
0.0293256 407.757 407.757 1 1 0
0.0293084 407.434 407.434 1 1 0
0.0292912 407.111 407.111 1 1 0
0.029274 406.787 406.787 1 1 0
0.0292569 406.463 406.463 1 1 0
0.0292398 406.139 406.139 1 1 0
0.0292227 405.815 405.815 1 1 0
0.0292056 405.491 405.491 1 1 0
0.0291885 405.166 405.166 1 1 0
0.0291715 404.841 404.841 1 1 0
0.0291545 404.516 404.516 1 1 0
0.0291375 404.19 404.19 1 1 0
0.0291205 403.865 403.865 1 1 0
0.0291036 403.539 403.539 1 1 0
0.0290866 403.213 403.213 1 1 0
0.0290697 402.886 402.886 1 1 0
0.0290528 402.559 402.559 1 1 0
0.0290359 402.232 402.232 1 1 0
0.0290191 401.905 401.905 1 1 0
0.0290023 401.578 401.578 1 1 0
0.0289854 401.25 401.25 1 1 0
0.0289687 400.922 400.922 1 1 0
0.0289519 400.594 400.594 1 1 0
0.0289351 400.266 400.266 1 1 0
0.0289184 399.937 399.937 1 1 0
0.0289017 399.608 399.608 1 1 0
0.028885 399.279 399.279 1 1 0
0.0288683 398.95 398.95 1 1 0
0.0288517 398.62 398.62 1 1 0
0.028835 398.29 398.29 1 1 0
0.0288184 397.96 397.96 1 1 0
0.0288018 397.63 397.63 1 1 0
0.0287853 397.299 397.299 1 1 0
0.0287687 396.968 396.968 1 1 0
0.0287522 396.637 396.637 1 1 0
0.0287357 396.306 396.306 1 1 0
0.0287192 395.974 395.974 1 1 0
0.0287027 395.642 395.642 1 1 0
0.0286863 395.31 395.31 1 1 0
0.0286698 394.978 394.978 1 1 0
0.0286534 394.645 394.645 1 1 0
0.028637 394.313 394.313 1 1 0
0.0286207 393.98 393.98 1 1 0
0.0286043 393.646 393.646 1 1 0
0.028588 393.313 393.313 1 1 0
0.0285717 392.979 392.979 1 1 0
0.0285554 392.645 392.645 1 1 0
0.0285391 392.311 392.311 1 1 0
0.0285228 391.976 391.976 1 1 0
0.0285066 391.641 391.641 1 1 0
0.0284904 391.306 391.306 1 1 0
0.0284742 390.971 390.971 1 1 0
0.028458 390.636 390.636 1 1 0
0.0284419 390.3 390.3 1 1 0
0.0284257 389.964 389.964 1 1 0
0.0284096 389.628 389.628 1 1 0
0.0283935 389.291 389.291 1 1 0
0.0283774 388.955 388.955 1 1 0
0.0283614 388.618 388.618 1 1 0
0.0283453 388.281 388.281 1 1 0
0.0283293 387.943 387.943 1 1 0
0.0283133 387.606 387.606 1 1 0
0.0282973 387.268 387.268 1 1 0
0.0282814 386.93 386.93 1 1 0
0.0282654 386.591 386.591 1 1 0
0.0282495 386.253 386.253 1 1 0
0.0282336 385.914 385.914 1 1 0
0.0282177 385.575 385.575 1 1 0
0.0282018 385.236 385.236 1 1 0
0.028186 384.896 384.896 1 1 0
0.0281702 384.556 384.556 1 1 0
0.0281544 384.216 384.216 1 1 0
0.0281386 383.876 383.876 1 1 0
0.0281228 383.536 383.536 1 1 0
0.028107 383.195 383.195 1 1 0
0.0280913 382.854 382.854 1 1 0
0.0280756 382.513 382.513 1 1 0
0.0280599 382.171 382.171 1 1 0
0.0280442 381.83 381.83 1 1 0
0.0280286 381.488 381.488 1 1 0
0.0280129 381.146 381.146 1 1 0
0.0279973 380.803 380.803 1 1 0
0.0279817 380.461 380.461 1 1 0
0.0279662 380.118 380.118 1 1 0
0.0279506 379.775 379.775 1 1 0
0.0279351 379.431 379.431 1 1 0
0.0279195 379.088 379.088 1 1 0
0.027904 378.744 378.744 1 1 0
0.0278885 378.4 378.4 1 1 0
0.0278731 378.056 378.056 1 1 0
0.0278576 377.711 377.711 1 1 0
0.0278422 377.367 377.367 1 1 0
0.0278268 377.022 377.022 1 1 0
0.0278114 376.677 376.677 1 1 0
0.027796 376.331 376.331 1 1 0
0.0277807 375.986 375.986 1 1 0
0.0277654 375.64 375.64 1 1 0
0.0277501 375.294 375.294 1 1 0
0.0277348 374.947 374.947 1 1 0
0.0277195 374.601 374.601 1 1 0
0.0277042 374.254 374.254 1 1 0
0.027689 373.907 373.907 1 1 0
0.0276738 373.56 373.56 1 1 0
0.0276586 373.212 373.212 1 1 0
0.0276434 372.865 372.865 1 1 0
0.0276282 372.517 372.517 1 1 0
0.0276131 372.169 372.169 1 1 0
0.027598 371.82 371.82 1 1 0
0.0275829 371.472 371.472 1 1 0
0.0275678 371.123 371.123 1 1 0
0.0275527 370.774 370.774 1 1 0
0.0275377 370.424 370.424 1 1 0
0.0275226 370.075 370.075 1 1 0
0.0275076 369.725 369.725 1 1 0
0.0274926 369.375 369.375 1 1 0
0.0274776 369.025 369.025 1 1 0
0.0274627 368.675 368.675 1 1 0
0.0274478 368.324 368.324 1 1 0
0.0274328 367.973 367.973 1 1 0
0.0274179 367.622 367.622 1 1 0
0.0274031 367.271 367.271 1 1 0
0.0273882 366.919 366.919 1 1 0
0.0273733 366.567 366.567 1 1 0
0.0273585 366.215 366.215 1 1 0
0.0273437 365.863 365.863 1 1 0
0.0273289 365.511 365.511 1 1 0
0.0273142 365.158 365.158 1 1 0
0.0272994 364.805 364.805 1 1 0
0.0272847 364.452 364.452 1 1 0
0.02727 364.099 364.099 1 1 0
0.0272553 363.745 363.745 1 1 0
0.0272406 363.392 363.392 1 1 0
0.0272259 363.038 363.038 1 1 0
0.0272113 362.684 362.684 1 1 0
0.0271967 362.329 362.329 1 1 0
0.0271821 361.975 361.975 1 1 0
0.0271675 361.62 361.62 1 1 0
0.0271529 361.265 361.265 1 1 0
0.0271384 360.909 360.909 1 1 0
0.0271239 360.554 360.554 1 1 0
0.0271094 360.198 360.198 1 1 0
0.0270949 359.842 359.842 1 1 0
0.0270804 359.486 359.486 1 1 0
0.0270659 359.13 359.13 1 1 0
0.0270515 358.773 358.773 1 1 0
0.0270371 358.417 358.417 1 1 0
0.0270227 358.06 358.06 1 1 0
0.0270083 357.702 357.702 1 1 0
0.026994 357.345 357.345 1 1 0
0.0269796 356.987 356.987 1 1 0
0.0269653 356.63 356.63 1 1 0
0.026951 356.272 356.272 1 1 0
0.0269367 355.913 355.913 1 1 0
0.0269225 355.555 355.555 1 1 0
0.0269082 355.196 355.196 1 1 0
0.026894 354.837 354.837 1 1 0
0.0268798 354.478 354.478 1 1 0
0.0268656 354.119 354.119 1 1 0
0.0268514 353.76 353.76 1 1 0
0.0268373 353.4 353.4 1 1 0
0.0268231 353.04 353.04 1 1 0
0.026809 352.68 352.68 1 1 0
0.0267949 352.32 352.32 1 1 0
0.0267808 351.959 351.959 1 1 0
0.0267668 351.598 351.598 1 1 0
0.0267527 351.237 351.237 1 1 0
0.0267387 350.876 350.876 1 1 0
0.0267247 350.515 350.515 1 1 0
0.0267107 350.153 350.153 1 1 0
0.0266967 349.792 349.792 1 1 0
0.0266828 349.43 349.43 1 1 0
0.0266688 349.068 349.068 1 1 0
0.0266549 348.705 348.705 1 1 0
0.026641 348.343 348.343 1 1 0
0.0266272 347.98 347.98 1 1 0
0.0266133 347.617 347.617 1 1 0
0.0265995 347.254 347.254 1 1 0
0.0265857 346.891 346.891 1 1 0
0.0265718 346.527 346.527 1 1 0
0.0265581 346.163 346.163 1 1 0
0.0265443 345.799 345.799 1 1 0
0.0265306 345.435 345.435 1 1 0
0.0265168 345.071 345.071 1 1 0
0.0265031 344.706 344.706 1 1 0
0.0264894 344.342 344.342 1 1 0
0.0264758 343.977 343.977 1 1 0
0.0264621 343.612 343.612 1 1 0
0.0264485 343.247 343.247 1 1 0
0.0264349 342.881 342.881 1 1 0
0.0264213 342.515 342.515 1 1 0
0.0264077 342.15 342.15 1 1 0
0.0263941 341.783 341.783 1 1 0
0.0263806 341.417 341.417 1 1 0
0.0263671 341.051 341.051 1 1 0
0.0263536 340.684 340.684 1 1 0
0.0263401 340.317 340.317 1 1 0
0.0263266 339.95 339.95 1 1 0
0.0263132 339.583 339.583 1 1 0
0.0262997 339.216 339.216 1 1 0
0.0262863 338.848 338.848 1 1 0
0.0262729 338.481 338.481 1 1 0
0.0262596 338.113 338.113 1 1 0
0.0262462 337.745 337.745 1 1 0
0.0262329 337.376 337.376 1 1 0
0.0262196 337.008 337.008 1 1 0
0.0262063 336.639 336.639 1 1 0
0.026193 336.27 336.27 1 1 0
0.0261797 335.901 335.901 1 1 0
0.0261665 335.532 335.532 1 1 0
0.0261533 335.163 335.163 1 1 0
0.0261401 334.793 334.793 1 1 0
0.0261269 334.423 334.423 1 1 0
0.0261137 334.053 334.053 1 1 0
0.0261006 333.683 333.683 1 1 0
0.0260874 333.313 333.313 1 1 0
0.0260743 332.943 332.943 1 1 0
0.0260612 332.572 332.572 1 1 0
0.0260482 332.201 332.201 1 1 0
0.0260351 331.83 331.83 1 1 0
0.0260221 331.459 331.459 1 1 0
0.026009 331.088 331.088 1 1 0
0.0259961 330.716 330.716 1 1 0
0.0259831 330.345 330.345 1 1 0
0.0259701 329.973 329.973 1 1 0
0.0259572 329.601 329.601 1 1 0
0.0259442 329.229 329.229 1 1 0
0.0259313 328.856 328.856 1 1 0
0.0259185 328.484 328.484 1 1 0
0.0259056 328.111 328.111 1 1 0
0.0258928 327.738 327.738 1 1 0
0.0258799 327.365 327.365 1 1 0
0.0258671 326.992 326.992 1 1 0
0.0258543 326.619 326.619 1 1 0
0.0258416 326.245 326.245 1 1 0
0.0258288 325.871 325.871 1 1 0
0.0258161 325.497 325.497 1 1 0
0.0258034 325.123 325.123 1 1 0
0.0257907 324.749 324.749 1 1 0
0.025778 324.375 324.375 1 1 0
0.0257653 324 324 1 1 0
0.0257527 323.626 323.626 1 1 0
0.0257401 323.251 323.251 1 1 0
0.0257275 322.876 322.876 1 1 0
0.0257149 322.501 322.501 1 1 0
0.0257023 322.126 322.126 1 1 0
0.0256898 321.75 321.75 1 1 0
0.0256773 321.374 321.374 1 1 0
0.0256648 320.999 320.999 1 1 0
0.0256523 320.623 320.623 1 1 0
0.0256398 320.247 320.247 1 1 0
0.0256274 319.87 319.87 1 1 0
0.0256149 319.494 319.494 1 1 0
0.0256025 319.118 319.118 1 1 0
0.0255901 318.741 318.741 1 1 0
0.0255778 318.364 318.364 1 1 0
0.0255654 317.987 317.987 1 1 0
0.0255531 317.61 317.61 1 1 0
0.0255408 317.233 317.233 1 1 0
0.0255285 316.855 316.855 1 1 0
0.0255162 316.478 316.478 1 1 0
0.0255039 316.1 316.1 1 1 0
0.0254917 315.722 315.722 1 1 0
0.0254795 315.344 315.344 1 1 0
0.0254673 314.966 314.966 1 1 0
0.0254551 314.587 314.587 1 1 0
0.0254429 314.209 314.209 1 1 0
0.0254308 313.83 313.83 1 1 0
0.0254187 313.451 313.451 1 1 0
0.0254066 313.073 313.073 1 1 0
0.0253945 312.694 312.694 1 1 0
0.0253824 312.314 312.314 1 1 0
0.0253704 311.935 311.935 1 1 0
0.0253584 311.556 311.556 1 1 0
0.0253464 311.176 311.176 1 1 0
0.0253344 310.796 310.796 1 1 0
0.0253224 310.416 310.416 1 1 0
0.0253105 310.036 310.036 1 1 0
0.0252985 309.656 309.656 1 1 0
0.0252866 309.276 309.276 1 1 0
0.0252747 308.896 308.896 1 1 0
0.0252629 308.515 308.515 1 1 0
0.025251 308.134 308.134 1 1 0
0.0252392 307.753 307.753 1 1 0
0.0252274 307.373 307.373 1 1 0
0.0252156 306.991 306.991 1 1 0
0.0252038 306.61 306.61 1 1 0
0.0251921 306.229 306.229 1 1 0
0.0251803 305.847 305.847 1 1 0
0.0251686 305.466 305.466 1 1 0
0.0251569 305.084 305.084 1 1 0
0.0251453 304.702 304.702 1 1 0
0.0251336 304.32 304.32 1 1 0
0.025122 303.938 303.938 1 1 0
0.0251104 303.556 303.556 1 1 0
0.0250988 303.174 303.174 1 1 0
0.0250872 302.791 302.791 1 1 0
0.0250756 302.409 302.409 1 1 0
0.0250641 302.026 302.026 1 1 0
0.0250526 301.643 301.643 1 1 0
0.0250411 301.26 301.26 1 1 0
0.0250296 300.877 300.877 1 1 0
0.0250182 300.494 300.494 1 1 0
0.0250067 300.11 300.11 1 1 0
0.0249953 299.727 299.727 1 1 0
0.0249839 299.344 299.344 1 1 0
0.0249725 298.96 298.96 1 1 0
0.0249612 298.576 298.576 1 1 0
0.0249498 298.192 298.192 1 1 0
0.0249385 297.808 297.808 1 1 0
0.0249272 297.424 297.424 1 1 0
0.024916 297.04 297.04 1 1 0
0.0249047 296.656 296.656 1 1 0
0.0248935 296.271 296.271 1 1 0
0.0248822 295.886 295.886 1 1 0
0.024871 295.502 295.502 1 1 0
0.0248599 295.117 295.117 1 1 0
0.0248487 294.732 294.732 1 1 0
0.0248376 294.347 294.347 1 1 0
0.0248265 293.962 293.962 1 1 0
0.0248154 293.577 293.577 1 1 0
0.0248043 293.192 293.192 1 1 0
0.0247932 292.806 292.806 1 1 0
0.0247822 292.421 292.421 1 1 0
0.0247712 292.035 292.035 1 1 0
0.0247602 291.649 291.649 1 1 0
0.0247492 291.263 291.263 1 1 0
0.0247383 290.877 290.877 1 1 0
0.0247273 290.491 290.491 1 1 0
0.0247164 290.105 290.105 1 1 0
0.0247055 289.719 289.719 1 1 0
0.0246946 289.333 289.333 1 1 0
0.0246838 288.946 288.946 1 1 0
0.024673 288.56 288.56 1 1 0
0.0246621 288.173 288.173 1 1 0
0.0246514 287.787 287.787 1 1 0
0.0246406 287.4 287.4 1 1 0
0.0246298 287.013 287.013 1 1 0
0.0246191 286.626 286.626 1 1 0
0.0246084 286.239 286.239 1 1 0
0.0245977 285.852 285.852 1 1 0
0.024587 285.464 285.464 1 1 0
0.0245764 285.077 285.077 1 1 0
0.0245658 284.69 284.69 1 1 0
0.0245552 284.302 284.302 1 1 0
0.0245446 283.914 283.914 1 1 0
0.024534 283.527 283.527 1 1 0
0.0245235 283.139 283.139 1 1 0
0.0245129 282.751 282.751 1 1 0
0.0245024 282.363 282.363 1 1 0
0.024492 281.975 281.975 1 1 0
0.0244815 281.587 281.587 1 1 0
0.0244711 281.199 281.199 1 1 0
0.0244606 280.81 280.81 1 1 0
0.0244502 280.422 280.422 1 1 0
0.0244399 280.034 280.034 1 1 0
0.0244295 279.645 279.645 1 1 0
0.0244192 279.256 279.256 1 1 0
0.0244089 278.868 278.868 1 1 0
0.0243986 278.479 278.479 1 1 0
0.0243883 278.09 278.09 1 1 0
0.024378 277.701 277.701 1 1 0
0.0243678 277.312 277.312 1 1 0
0.0243576 276.923 276.923 1 1 0
0.0243474 276.534 276.534 1 1 0
0.0243372 276.145 276.145 1 1 0
0.0243271 275.756 275.756 1 1 0
0.024317 275.366 275.366 1 1 0
0.0243069 274.977 274.977 1 1 0
0.0242968 274.587 274.587 1 1 0
0.0242867 274.198 274.198 1 1 0
0.0242767 273.808 273.808 1 1 0
0.0242667 273.418 273.418 1 1 0
0.0242567 273.029 273.029 1 1 0
0.0242467 272.639 272.639 1 1 0
0.0242367 272.249 272.249 1 1 0
0.0242268 271.859 271.859 1 1 0
0.0242169 271.469 271.469 1 1 0
0.024207 271.079 271.079 1 1 0
0.0241971 270.689 270.689 1 1 0
0.0241873 270.298 270.298 1 1 0
0.0241775 269.908 269.908 1 1 0
0.0241677 269.518 269.518 1 1 0
0.0241579 269.127 269.127 1 1 0
0.0241481 268.737 268.737 1 1 0
0.0241384 268.346 268.346 1 1 0
0.0241287 267.956 267.956 1 1 0
0.024119 267.565 267.565 1 1 0
0.0241093 267.174 267.174 1 1 0
0.0240996 266.784 266.784 1 1 0
0.02409 266.393 266.393 1 1 0
0.0240804 266.002 266.002 1 1 0
0.0240708 265.611 265.611 1 1 0
0.0240612 265.22 265.22 1 1 0
0.0240517 264.829 264.829 1 1 0
0.0240422 264.438 264.438 1 1 0
0.0240327 264.047 264.047 1 1 0
0.0240232 263.656 263.656 1 1 0
0.0240138 263.264 263.264 1 1 0
0.0240043 262.873 262.873 1 1 0
0.0239949 262.482 262.482 1 1 0
0.0239855 262.09 262.09 1 1 0
0.0239762 261.699 261.699 1 1 0
0.0239668 261.308 261.308 1 1 0
0.0239575 260.916 260.916 1 1 0
0.0239482 260.524 260.524 1 1 0
0.0239389 260.133 260.133 1 1 0
0.0239297 259.741 259.741 1 1 0
0.0239204 259.349 259.349 1 1 0
0.0239112 258.958 258.958 1 1 0
0.023902 258.566 258.566 1 1 0
0.0238929 258.174 258.174 1 1 0
0.0238837 257.782 257.782 1 1 0
0.0238746 257.39 257.39 1 1 0
0.0238655 256.998 256.998 1 1 0
0.0238565 256.606 256.606 1 1 0
0.0238474 256.214 256.214 1 1 0
0.0238384 255.822 255.822 1 1 0
0.0238294 255.43 255.43 1 1 0
0.0238204 255.038 255.038 1 1 0
0.0238114 254.646 254.646 1 1 0
0.0238025 254.254 254.254 1 1 0
0.0237936 253.862 253.862 1 1 0
0.0237847 253.469 253.469 1 1 0
0.0237758 253.077 253.077 1 1 0
0.023767 252.685 252.685 1 1 0
0.0237582 252.292 252.292 1 1 0
0.0237494 251.9 251.9 1 1 0
0.0237406 251.508 251.508 1 1 0
0.0237318 251.115 251.115 1 1 0
0.0237231 250.723 250.723 1 1 0
0.0237144 250.33 250.33 1 1 0
0.0237057 249.938 249.938 1 1 0
0.023697 249.545 249.545 1 1 0
0.0236884 249.153 249.153 1 1 0
0.0236798 248.76 248.76 1 1 0
0.0236712 248.367 248.367 1 1 0
0.0236626 247.975 247.975 1 1 0
0.0236541 247.582 247.582 1 1 0
0.0236456 247.189 247.189 1 1 0
0.0236371 246.797 246.797 1 1 0
0.0236286 246.404 246.404 1 1 0
0.0236202 246.011 246.011 1 1 0
0.0236117 245.618 245.618 1 1 0
0.0236033 245.226 245.226 1 1 0
0.023595 244.833 244.833 1 1 0
0.0235866 244.44 244.44 1 1 0
0.0235783 244.047 244.047 1 1 0
0.02357 243.654 243.654 1 1 0
0.0235617 243.261 243.261 1 1 0
0.0235535 242.868 242.868 1 1 0
0.0235452 242.475 242.475 1 1 0
0.023537 242.083 242.083 1 1 0
0.0235288 241.69 241.69 1 1 0
0.0235207 241.297 241.297 1 1 0
0.0235125 240.904 240.904 1 1 0
0.0235044 240.511 240.511 1 1 0
0.0234963 240.118 240.118 1 1 0
0.0234883 239.725 239.725 1 1 0
0.0234802 239.332 239.332 1 1 0
0.0234722 238.939 238.939 1 1 0
0.0234642 238.546 238.546 1 1 0
0.0234563 238.153 238.153 1 1 0
0.0234483 237.76 237.76 1 1 0
0.0234404 237.366 237.366 1 1 0
0.0234325 236.973 236.973 1 1 0
0.0234247 236.58 236.58 1 1 0
0.0234168 236.187 236.187 1 1 0
0.023409 235.794 235.794 1 1 0
0.0234012 235.401 235.401 1 1 0
0.0233934 235.008 235.008 1 1 0
0.0233857 234.615 234.615 1 1 0
0.023378 234.222 234.222 1 1 0
0.0233703 233.829 233.829 1 1 0
0.0233626 233.436 233.436 1 1 0
0.023355 233.043 233.043 1 1 0
0.0233474 232.649 232.649 1 1 0
0.0233398 232.256 232.256 1 1 0
0.0233322 231.863 231.863 1 1 0
0.0233247 231.47 231.47 1 1 0
0.0233172 231.077 231.077 1 1 0
0.0233097 230.684 230.684 1 1 0
0.0233022 230.291 230.291 1 1 0
0.0232948 229.898 229.898 1 1 0
0.0232874 229.505 229.505 1 1 0
0.02328 229.112 229.112 1 1 0
0.0232726 228.719 228.719 1 1 0
0.0232653 228.326 228.326 1 1 0
0.023258 227.933 227.933 1 1 0
0.0232507 227.54 227.54 1 1 0
0.0232435 227.146 227.146 1 1 0
0.0232362 226.753 226.753 1 1 0
0.023229 226.36 226.36 1 1 0
0.0232219 225.967 225.967 1 1 0
0.0232147 225.574 225.574 1 1 0
0.0232076 225.181 225.181 1 1 0
0.0232005 224.788 224.788 1 1 0
0.0231934 224.396 224.396 1 1 0
0.0231864 224.003 224.003 1 1 0
0.0231794 223.61 223.61 1 1 0
0.0231724 223.217 223.217 1 1 0
0.0231654 222.824 222.824 1 1 0
0.0231585 222.431 222.431 1 1 0
0.0231516 222.038 222.038 1 1 0
0.0231447 221.645 221.645 1 1 0
0.0231378 221.252 221.252 1 1 0
0.023131 220.859 220.859 1 1 0
0.0231242 220.467 220.467 1 1 0
0.0231174 220.074 220.074 1 1 0
0.0231107 219.681 219.681 1 1 0
0.023104 219.288 219.288 1 1 0
0.0230973 218.896 218.896 1 1 0
0.0230906 218.503 218.503 1 1 0
0.023084 218.11 218.11 1 1 0
0.0230774 217.717 217.717 1 1 0
0.0230708 217.325 217.325 1 1 0
0.0230642 216.932 216.932 1 1 0
0.0230577 216.54 216.54 1 1 0
0.0230512 216.147 216.147 1 1 0
0.0230447 215.754 215.754 1 1 0
0.0230383 215.362 215.362 1 1 0
0.0230319 214.969 214.969 1 1 0
0.0230255 214.577 214.577 1 1 0
0.0230191 214.184 214.184 1 1 0
0.0230128 213.792 213.792 1 1 0
0.0230065 213.4 213.4 1 1 0
0.0230002 213.007 213.007 1 1 0
0.022994 212.615 212.615 1 1 0
0.0229878 212.222 212.222 1 1 0
0.0229816 211.83 211.83 1 1 0
0.0229755 211.438 211.438 1 1 0
0.0229693 211.046 211.046 1 1 0
0.0229632 210.653 210.653 1 1 0
0.0229572 210.261 210.261 1 1 0
0.0229511 209.869 209.869 1 1 0
0.0229451 209.477 209.477 1 1 0
0.0229391 209.085 209.085 1 1 0
0.0229332 208.693 208.693 1 1 0
0.0229273 208.301 208.301 1 1 0
0.0229214 207.909 207.909 1 1 0
0.0229155 207.517 207.517 1 1 0
0.0229097 207.125 207.125 1 1 0
0.0229039 206.733 206.733 1 1 0
0.0228981 206.341 206.341 1 1 0
0.0228924 205.949 205.949 1 1 0
0.0228866 205.558 205.558 1 1 0
0.022881 205.166 205.166 1 1 0
0.0228753 204.774 204.774 1 1 0
0.0228697 204.382 204.382 1 1 0
0.0228641 203.991 203.991 1 1 0
0.0228585 203.599 203.599 1 1 0
0.022853 203.208 203.208 1 1 0
0.0228475 202.816 202.816 1 1 0
0.022842 202.425 202.425 1 1 0
0.0228366 202.033 202.033 1 1 0
0.0228312 201.642 201.642 1 1 0
0.0228258 201.25 201.25 1 1 0
0.0228205 200.859 200.859 1 1 0
0.0228152 200.468 200.468 1 1 0
0.0228099 200.077 200.077 1 1 0
0.0228046 199.686 199.686 1 1 0
0.0227994 199.294 199.294 1 1 0
0.0227942 198.903 198.903 1 1 0
0.0227891 198.512 198.512 1 1 0
0.022784 198.121 198.121 1 1 0
0.0227789 197.73 197.73 1 1 0
0.0227738 197.339 197.339 1 1 0
0.0227688 196.948 196.948 1 1 0
0.0227638 196.558 196.558 1 1 0
0.0227588 196.167 196.167 1 1 0
0.0227539 195.776 195.776 1 1 0
0.022749 195.385 195.385 1 1 0
0.0227442 194.995 194.995 1 1 0
0.0227393 194.604 194.604 1 1 0
0.0227345 194.214 194.214 1 1 0
0.0227298 193.823 193.823 1 1 0
0.0227251 193.433 193.433 1 1 0
0.0227204 193.042 193.042 1 1 0
0.0227157 192.652 192.652 1 1 0
0.0227111 192.262 192.262 1 1 0
0.0227065 191.872 191.872 1 1 0
0.0227019 191.481 191.481 1 1 0
0.0226974 191.091 191.091 1 1 0
0.0226929 190.701 190.701 1 1 0
0.0226884 190.311 190.311 1 1 0
0.022684 189.921 189.921 1 1 0
0.0226796 189.531 189.531 1 1 0
0.0226753 189.141 189.141 1 1 0
0.022671 188.752 188.752 1 1 0
0.0226667 188.362 188.362 1 1 0
0.0226624 187.972 187.972 1 1 0
0.0226582 187.583 187.583 1 1 0
0.022654 187.193 187.193 1 1 0
0.0226499 186.804 186.804 1 1 0
0.0226458 186.414 186.414 1 1 0
0.0226417 186.025 186.025 1 1 0
0.0226377 185.635 185.635 1 1 0
0.0226337 185.246 185.246 1 1 0
0.0226297 184.857 184.857 1 1 0
0.0226258 184.468 184.468 1 1 0
0.0226219 184.079 184.079 1 1 0
0.022618 183.689 183.689 1 1 0
0.0226142 183.301 183.301 1 1 0
0.0226104 182.912 182.912 1 1 0
0.0226067 182.523 182.523 1 1 0
0.022603 182.134 182.134 1 1 0
0.0225993 181.745 181.745 1 1 0
0.0225957 181.356 181.356 1 1 0
0.0225921 180.968 180.968 1 1 0
0.0225885 180.579 180.579 1 1 0
0.022585 180.191 180.191 1 1 0
0.0225815 179.802 179.802 1 1 0
0.0225781 179.414 179.414 1 1 0
0.0225747 179.026 179.026 1 1 0
0.0225713 178.638 178.638 1 1 0
0.022568 178.249 178.249 1 1 0
0.0225647 177.861 177.861 1 1 0
0.0225615 177.473 177.473 1 1 0
0.0225583 177.085 177.085 1 1 0
0.0225551 176.697 176.697 1 1 0
0.022552 176.31 176.31 1 1 0
0.0225489 175.922 175.922 1 1 0
0.0225458 175.534 175.534 1 1 0
0.0225428 175.146 175.146 1 1 0
0.0225398 174.759 174.759 1 1 0
0.0225369 174.371 174.371 1 1 0
0.022534 173.984 173.984 1 1 0
0.0225312 173.597 173.597 1 1 0
0.0225284 173.209 173.209 1 1 0
0.0225256 172.822 172.822 1 1 0
0.0225229 172.435 172.435 1 1 0
0.0225202 172.048 172.048 1 1 0
0.0225175 171.661 171.661 1 1 0
0.0225149 171.274 171.274 1 1 0
0.0225124 170.887 170.887 1 1 0
0.0225099 170.5 170.5 1 1 0
0.0225074 170.114 170.114 1 1 0
0.022505 169.727 169.727 1 1 0
0.0225026 169.341 169.341 1 1 0
0.0225002 168.954 168.954 1 1 0
0.0224979 168.568 168.568 1 1 0
0.0224957 168.181 168.181 1 1 0
0.0224934 167.795 167.795 1 1 0
0.0224913 167.409 167.409 1 1 0
0.0224891 167.023 167.023 1 1 0
0.022487 166.637 166.637 1 1 0
0.022485 166.251 166.251 1 1 0
0.022483 165.865 165.865 1 1 0
0.0224811 165.479 165.479 1 1 0
0.0224792 165.093 165.093 1 1 0
0.0224773 164.708 164.708 1 1 0
0.0224755 164.322 164.322 1 1 0
0.0224737 163.937 163.937 1 1 0
0.022472 163.551 163.551 1 1 0
0.0224703 163.166 163.166 1 1 0
0.0224687 162.781 162.781 1 1 0
0.0224671 162.396 162.396 1 1 0
0.0224655 162.01 162.01 1 1 0
0.0224641 161.625 161.625 1 1 0
0.0224626 161.241 161.241 1 1 0
0.0224612 160.856 160.856 1 1 0
0.0224599 160.471 160.471 1 1 0
0.0224586 160.086 160.086 1 1 0
0.0224573 159.702 159.702 1 1 0
0.0224561 159.317 159.317 1 1 0
0.022455 158.933 158.933 1 1 0
0.0224538 158.548 158.548 1 1 0
0.0224528 158.164 158.164 1 1 0
0.0224518 157.78 157.78 1 1 0
0.0224508 157.396 157.396 1 1 0
0.0224499 157.012 157.012 1 1 0
0.0224491 156.628 156.628 1 1 0
0.0224483 156.244 156.244 1 1 0
0.0224475 155.86 155.86 1 1 0
0.0224468 155.477 155.477 1 1 0
0.0224461 155.093 155.093 1 1 0
0.0224455 154.71 154.71 1 1 0
0.022445 154.326 154.326 1 1 0
0.0224445 153.943 153.943 1 1 0
0.022444 153.56 153.56 1 1 0
0.0224436 153.176 153.176 1 1 0
0.0224433 152.793 152.793 1 1 0
0.022443 152.41 152.41 1 1 0
0.0224428 152.027 152.027 1 1 0
0.0224426 151.645 151.645 1 1 0
0.0224425 151.262 151.262 1 1 0
0.0224424 150.879 150.879 1 1 0
0.0224424 150.573 150.573 1 1 0
0.0224424 150.19 150.19 2 1 0
0.0224425 149.808 149.808 2 1 0
0.0224426 149.426 149.426 2 1 0
0.0224428 149.044 149.044 2 1 0
0.0224431 148.661 148.661 2 1 0
0.0224434 148.279 148.279 2 1 0
0.0224438 147.898 147.898 2 1 0
0.0224442 147.516 147.516 2 1 0
0.0224447 147.134 147.134 2 1 0
0.0224452 146.752 146.752 2 1 0
0.0224458 146.371 146.371 2 1 0
0.0224464 145.989 145.989 2 1 0
0.0224472 145.608 145.608 2 1 0
0.0224479 145.227 145.227 2 1 0
0.0224488 144.846 144.846 2 1 0
0.0224496 144.465 144.465 2 1 0
0.0224506 144.084 144.084 2 1 0
0.0224516 143.703 143.703 2 1 0
0.0224527 143.322 143.322 2 1 0
0.0224538 142.941 142.941 2 1 0
0.022455 142.561 142.561 2 1 0
0.0224563 142.18 142.18 2 1 0
0.0224576 141.8 141.8 2 1 0
0.022459 141.419 141.419 2 1 0
0.0224604 141.039 141.039 2 1 0
0.0224619 140.659 140.659 2 1 0
0.0224635 140.279 140.279 2 1 0
0.0224652 139.899 139.899 2 1 0
0.0224669 139.519 139.519 2 1 0
0.0224686 139.14 139.14 2 1 0
0.0224705 138.76 138.76 2 1 0
0.0224724 138.38 138.38 2 1 0
0.0224743 138.001 138.001 2 1 0
0.0224764 137.622 137.622 2 1 0
0.0224785 137.242 137.242 2 1 0
0.0224806 136.863 136.863 2 1 0
0.0224829 136.484 136.484 2 1 0
0.0224852 136.105 136.105 2 1 0
0.0224876 135.727 135.727 2 1 0
0.02249 135.348 135.348 2 1 0
0.0224925 134.969 134.969 2 1 0
0.0224951 134.591 134.591 2 1 0
0.0224978 134.212 134.212 2 1 0
0.0225005 133.834 133.834 2 1 0
0.0225033 133.456 133.456 2 1 0
0.0225062 133.078 133.078 2 1 0
0.0225091 132.7 132.7 2 1 0
0.0225121 132.322 132.322 2 1 0
0.0225152 131.944 131.944 2 1 0
0.0225184 131.566 131.566 2 1 0
0.0225216 131.189 131.189 2 1 0
0.022525 130.811 130.811 2 1 0
0.0225284 130.434 130.434 2 1 0
0.0225318 130.057 130.057 2 1 0
0.0225354 129.679 129.679 2 1 0
0.022539 129.302 129.302 2 1 0
0.0225427 128.925 128.925 2 1 0
0.0225465 128.548 128.548 2 1 0
0.0225503 128.172 128.172 2 1 0
0.0225543 127.795 127.795 2 1 0
0.0225583 127.419 127.419 2 1 0
0.0225624 127.042 127.042 2 1 0
0.0225666 126.666 126.666 2 1 0
0.0225708 126.29 126.29 2 1 0
0.0225752 125.914 125.914 2 1 0
0.0225796 125.538 125.538 2 1 0
0.0225841 125.162 125.162 2 1 0
0.0225887 124.786 124.786 2 1 0
0.0225934 124.41 124.41 2 1 0
0.0225982 124.035 124.035 2 1 0
0.022603 123.659 123.659 2 1 0
0.022608 123.284 123.284 2 1 0
0.022613 122.909 122.909 2 1 0
0.0226181 122.534 122.534 2 1 0
0.0226233 122.159 122.159 2 1 0
0.0226286 121.784 121.784 2 1 0
0.022634 121.409 121.409 2 1 0
0.0226395 121.034 121.034 2 1 0
0.022645 120.66 120.66 2 1 0
0.0226507 120.285 120.285 2 1 0
0.0226564 119.911 119.911 2 1 0
0.0226623 119.537 119.537 2 1 0
0.0226682 119.163 119.163 2 1 0
0.0226742 118.789 118.789 2 1 0
0.0226804 118.415 118.415 2 1 0
0.0226866 118.041 118.041 2 1 0
0.0226929 117.667 117.667 2 1 0
0.0226993 117.294 117.294 2 1 0
0.0227058 116.921 116.921 2 1 0
0.0227124 116.547 116.547 2 1 0
0.0227192 116.174 116.174 2 1 0
0.022726 115.801 115.801 2 1 0
0.0227329 115.428 115.428 2 1 0
0.0227399 115.055 115.055 2 1 0
0.022747 114.683 114.683 2 1 0
0.0227543 114.31 114.31 2 1 0
0.0227616 113.937 113.937 2 1 0
0.022769 113.565 113.565 2 1 0
0.0227766 113.193 113.193 2 1 0
0.0227842 112.821 112.821 2 1 0
0.022792 112.449 112.449 2 1 0
0.0227999 112.077 112.077 2 1 0
0.0228078 111.705 111.705 2 1 0
0.0228159 111.333 111.333 2 1 0
0.0228241 110.962 110.962 2 1 0
0.0228325 110.59 110.59 2 1 0
0.0228409 110.219 110.219 2 1 0
0.0228494 109.848 109.848 2 1 0
0.0228581 109.477 109.477 2 1 0
0.0228669 109.106 109.106 2 1 0
0.0228758 108.735 108.735 2 1 0
0.0228848 108.365 108.365 2 1 0
0.0228939 107.994 107.994 2 1 0
0.0229032 107.624 107.624 2 1 0
0.0229125 107.253 107.253 2 1 0
0.022922 106.883 106.883 2 1 0
0.0229317 106.513 106.513 2 1 0
0.0229414 106.143 106.143 2 1 0
0.0229513 105.773 105.773 2 1 0
0.0229613 105.404 105.404 2 1 0
0.0229714 105.034 105.034 2 1 0
0.0229817 104.664 104.664 2 1 0
0.022992 104.295 104.295 2 1 0
0.0230026 103.926 103.926 2 1 0
0.0230132 103.557 103.557 2 1 0
0.023024 103.188 103.188 2 1 0
0.0230349 102.819 102.819 2 1 0
0.023046 102.45 102.45 2 1 0
0.0230572 102.082 102.082 2 1 0
0.0230685 101.713 101.713 2 1 0
0.02308 101.345 101.345 2 1 0
0.0230916 100.977 100.977 2 1 0
0.0231034 100.609 100.609 2 1 0
0.0231153 100.241 100.241 2 1 0
0.0231273 99.8731 99.8731 2 1 0
0.0231395 99.5054 99.5054 2 1 0
0.0231518 99.1379 99.1379 2 1 0
0.0231643 98.7704 98.7704 2 1 0
0.023177 98.4032 98.4032 2 1 0
0.0231898 98.036 98.036 2 1 0
0.0232027 97.669 97.669 2 1 0
0.0232158 97.3021 97.3021 2 1 0
0.0232291 96.9353 96.9353 2 1 0
0.0232425 96.5687 96.5687 2 1 0
0.0232561 96.2022 96.2022 2 1 0
0.0232698 95.8358 95.8358 2 1 0
0.0232837 95.4695 95.4695 2 1 0
0.0232978 95.1034 95.1034 2 1 0
0.023312 94.7375 94.7375 2 1 0
0.0233264 94.3716 94.3716 2 1 0
0.023341 94.0059 94.0059 2 1 0
0.0233557 93.6403 93.6403 2 1 0
0.0233707 93.2749 93.2749 2 1 0
0.0233857 92.9096 92.9096 2 1 0
0.023401 92.5444 92.5444 2 1 0
0.0234165 92.1794 92.1794 2 1 0
0.0234321 91.8145 91.8145 2 1 0
0.0234479 91.4497 91.4497 2 1 0
0.0234639 91.0851 91.0851 2 1 0
0.02348 90.7206 90.7206 2 1 0
0.0234964 90.3562 90.3562 2 1 0
0.0235129 89.992 89.992 2 1 0
0.0235297 89.6279 89.6279 2 1 0
0.0235466 89.264 89.264 2 1 0
0.0235637 88.9002 88.9002 2 1 0
0.0235811 88.5365 88.5365 2 1 0
0.0235986 88.173 88.173 2 1 0
0.0236163 87.8096 87.8096 2 1 0
0.0236342 87.4463 87.4463 2 1 0
0.0236524 87.0832 87.0832 2 1 0
0.0236707 86.7202 86.7202 2 1 0
0.0236892 86.3574 86.3574 2 1 0
0.023708 85.9947 85.9947 2 1 0
0.023727 85.6321 85.6321 2 1 0
0.0237462 85.2697 85.2697 2 1 0
0.0237656 84.9075 84.9075 2 1 0
0.0237852 84.5453 84.5453 2 1 0
0.0238051 84.1834 84.1834 2 1 0
0.0238251 83.8215 83.8215 2 1 0
0.0238455 83.4598 83.4598 2 1 0
0.023866 83.0983 83.0983 2 1 0
0.0238868 82.7369 82.7369 2 1 0
0.0239078 82.3756 82.3756 2 1 0
0.023929 82.0145 82.0145 2 1 0
0.0239505 81.6535 81.6535 2 1 0
0.0239723 81.2927 81.2927 2 1 0
0.0239943 80.932 80.932 2 1 0
0.0240165 80.5714 80.5714 2 1 0
0.024039 80.211 80.211 2 1 0
0.0240617 79.8508 79.8508 2 1 0
0.0240847 79.4907 79.4907 2 1 0
0.024108 79.1308 79.1308 2 1 0
0.0241315 78.771 78.771 2 1 0
0.0241553 78.4113 78.4113 2 1 0
0.0241794 78.0518 78.0518 2 1 0
0.0242037 77.6924 77.6924 2 1 0
0.0242284 77.3332 77.3332 2 1 0
0.0242533 76.9742 76.9742 2 1 0
0.0242785 76.6153 76.6153 2 1 0
0.0243039 76.2565 76.2565 2 1 0
0.0243297 75.8979 75.8979 2 1 0
0.0243558 75.5395 75.5395 2 1 0
0.0243821 75.1812 75.1812 2 1 0
0.0244088 74.823 74.823 2 1 0
0.0244358 74.4651 74.4651 2 1 0
0.024463 74.1072 74.1072 2 1 0
0.0244906 73.7495 73.7495 2 1 0
0.0245185 73.392 73.392 2 1 0
0.0245468 73.0346 73.0346 2 1 0
0.0245753 72.6774 72.6774 2 1 0
0.0246042 72.3204 72.3204 2 1 0
0.0246334 71.9635 71.9635 2 1 0
0.024663 71.6067 71.6067 2 1 0
0.0246929 71.2501 71.2501 2 1 0
0.0247232 70.8937 70.8937 2 1 0
0.0247538 70.5374 70.5374 2 1 0
0.0247847 70.1813 70.1813 2 1 0
0.024816 69.8253 69.8253 2 1 0
0.0248477 69.4695 69.4695 2 1 0
0.0248798 69.1139 69.1139 2 1 0
0.0249122 68.7584 68.7584 2 1 0
0.024945 68.4031 68.4031 2 1 0
0.0249782 68.048 68.048 2 1 0
0.0250118 67.693 67.693 2 1 0
0.0250458 67.3382 67.3382 2 1 0
0.0250802 66.9835 66.9835 2 1 0
0.025115 66.629 66.629 2 1 0
0.0251502 66.2747 66.2747 2 1 0
0.0251858 65.9205 65.9205 2 1 0
0.0252218 65.5665 65.5665 2 1 0
0.0252583 65.2127 65.2127 2 1 0
0.0252952 64.859 64.859 2 1 0
0.0253326 64.5055 64.5055 2 1 0
0.0253704 64.1521 64.1521 2 1 0
0.0254086 63.799 63.799 2 1 0
0.0254473 63.446 63.446 2 1 0
0.0254865 63.0932 63.0932 2 1 0
0.0255262 62.7405 62.7405 2 1 0
0.0255663 62.388 62.388 2 1 0
0.025607 62.0357 62.0357 2 1 0
0.0256481 61.6836 61.6836 2 1 0
0.0256897 61.3316 61.3316 2 1 0
0.0257318 60.9798 60.9798 2 1 0
0.0257745 60.6282 60.6282 2 1 0
0.0258177 60.2767 60.2767 2 1 0
0.0258614 59.9255 59.9255 2 1 0
0.0259057 59.5744 59.5744 2 1 0
0.0259505 59.2234 59.2234 2 1 0
0.0259958 58.8727 58.8727 2 1 0
0.0260418 58.5221 58.5221 2 1 0
0.0260883 58.1718 58.1718 2 1 0
0.0261354 57.8216 57.8216 2 1 0
0.0261831 57.4715 57.4715 2 1 0
0.0262314 57.1217 57.1217 2 1 0
0.0262803 56.772 56.772 2 1 0
0.0263298 56.4226 56.4226 2 1 0
0.02638 56.0733 56.0733 2 1 0
0.0264308 55.7242 55.7242 2 1 0
0.0264823 55.3752 55.3752 2 1 0
0.0265344 55.0265 55.0265 2 1 0
0.0265872 54.6779 54.6779 2 1 0
0.0266407 54.3296 54.3296 2 1 0
0.0266948 53.9814 53.9814 2 1 0
0.0267497 53.6334 53.6334 2 1 0
0.0268054 53.2856 53.2856 2 1 0
0.0268617 52.938 52.938 2 1 0
0.0269188 52.5906 52.5906 2 1 0
0.0269767 52.2434 52.2434 2 1 0
0.0270353 51.8964 51.8964 2 1 0
0.0270947 51.5495 51.5495 2 1 0
0.0271549 51.2029 51.2029 2 1 0
0.0272159 50.8565 50.8565 2 1 0
0.0272778 50.5102 50.5102 2 1 0
0.0273405 50.1642 50.1642 2 1 0
0.027404 49.8184 49.8184 2 1 0
0.0274684 49.4727 49.4727 2 1 0
0.0275337 49.1273 49.1273 2 1 0
0.0276 48.7821 48.7821 2 1 0
0.0276671 48.437 48.437 2 1 0
0.0277352 48.0922 48.0922 2 1 0
0.0278042 47.7476 47.7476 2 1 0
0.0278742 47.4032 47.4032 2 1 0
0.0279452 47.059 47.059 2 1 0
0.0280172 46.715 46.715 2 1 0
0.0280902 46.3712 46.3712 2 1 0
0.0281643 46.0277 46.0277 2 1 0
0.0282394 45.6843 45.6843 2 1 0
0.0283156 45.3412 45.3412 2 1 0
0.028393 44.9983 44.9983 2 1 0
0.0284715 44.6556 44.6556 2 1 0
0.0285511 44.3131 44.3131 2 1 0
0.0286319 43.9708 43.9708 2 1 0
0.0287139 43.6288 43.6288 2 1 0
0.0287971 43.287 43.287 2 1 0
0.0288816 42.9454 42.9454 2 1 0
0.0289674 42.6041 42.6041 2 1 0
0.0290545 42.2629 42.2629 2 1 0
0.0291429 41.922 41.922 2 1 0
0.0292326 41.5814 41.5814 2 1 0
0.0293238 41.241 41.241 2 1 0
0.0294163 40.9008 40.9008 2 1 0
0.0295103 40.5608 40.5608 2 1 0
0.0296058 40.2211 40.2211 2 1 0
0.0297028 39.8816 39.8816 2 1 0
0.0298013 39.5424 39.5424 2 1 0
0.0299014 39.2034 39.2034 2 1 0
0.0300031 38.8647 38.8647 2 1 0
0.0301065 38.5262 38.5262 2 1 0
0.0302116 38.1879 38.1879 2 1 0
0.0303183 37.8499 37.8499 2 1 0
0.0304269 37.5122 37.5122 2 1 0
0.0305372 37.1747 37.1747 2 1 0
0.0306494 36.8375 36.8375 2 1 0
0.0307635 36.5006 36.5006 2 1 0
0.0308795 36.1639 36.1639 2 1 0
0.0309975 35.8275 35.8275 2 1 0
0.0311175 35.4913 35.4913 2 1 0
0.0312396 35.1555 35.1555 2 1 0
0.0313638 34.8199 34.8199 2 1 0
0.0314902 34.4845 34.4845 2 1 0
0.0316188 34.1495 34.1495 2 1 0
0.0317497 33.8147 33.8147 2 1 0
0.031883 33.4803 33.4803 2 1 0
0.0320187 33.1461 33.1461 2 1 0
0.0321568 32.8122 32.8122 2 1 0
0.0322975 32.4786 32.4786 2 1 0
0.0324408 32.1453 32.1453 2 1 0
0.0325867 31.8124 31.8124 2 1 0
0.0327354 31.4797 31.4797 2 1 0
0.0328869 31.1473 31.1473 2 1 0
0.0330413 30.8153 30.8153 2 1 0
0.0331986 30.4835 30.4835 2 1 0
0.033359 30.1521 30.1521 2 1 0
0.0335225 29.821 29.821 2 1 0
0.0336893 29.4903 29.4903 2 1 0
0.0338594 29.1599 29.1599 2 1 0
0.0340329 28.8298 28.8298 2 1 0
0.0342099 28.5001 28.5001 2 1 0
0.0343905 28.1707 28.1707 2 1 0
0.0345748 27.8417 27.8417 2 1 0
0.0347629 27.513 27.513 2 1 0
0.034955 27.1847 27.1847 2 1 0
0.0351512 26.8567 26.8567 2 1 0
0.0353516 26.5292 26.5292 2 1 0
0.0355562 26.202 26.202 2 1 0
0.0357654 25.8752 25.8752 2 1 0
0.0359791 25.5488 25.5488 2 1 0
0.0361976 25.2228 25.2228 2 1 0
0.036421 24.8973 24.8973 2 1 0
0.0366494 24.5721 24.5721 2 1 0
0.0368831 24.2473 24.2473 2 1 0
0.0371221 23.923 23.923 2 1 0
0.0373668 23.5991 23.5991 2 1 0
0.0376172 23.2757 23.2757 2 1 0
0.0378736 22.9527 22.9527 2 1 0
0.0381362 22.6302 22.6302 2 1 0
0.0384052 22.3082 22.3082 2 1 0
0.0386809 21.9866 21.9866 2 1 0
0.0389634 21.6655 21.6655 2 1 0
0.0392531 21.3449 21.3449 2 1 0
0.0395501 21.0249 21.0249 2 1 0
0.0398549 20.7053 20.7053 2 1 0
0.0401676 20.3863 20.3863 2 1 0
0.0404885 20.0679 20.0679 2 1 0
0.0408181 19.75 19.75 2 1 0
0.0411566 19.4326 19.4326 2 1 0
0.0415045 19.1159 19.1159 2 1 0
0.0418619 18.7997 18.7997 2 1 0
0.0422295 18.4842 18.4842 2 1 0
0.0426076 18.1693 18.1693 2 1 0
0.0429966 17.855 17.855 2 1 0
0.043397 17.5414 17.5414 2 1 0
0.0438093 17.2285 17.2285 2 1 0
0.044234 16.9163 16.9163 2 1 0
0.0446717 16.6048 16.6048 2 1 0
0.045123 16.294 16.294 2 1 0
0.0455885 15.984 15.984 2 1 0
0.0460689 15.6748 15.6748 2 1 0
0.0465648 15.3664 15.3664 2 1 0
0.047077 15.0588 15.0588 2 1 0
0.0476063 14.7521 14.7521 2 1 0
0.0481535 14.4462 14.4462 2 1 0
0.0487196 14.1413 14.1413 2 1 0
0.0493056 13.8373 13.8373 2 1 0
0.0499123 13.5343 13.5343 2 1 0
0.050541 13.2323 13.2323 2 1 0
0.0511928 12.9313 12.9313 2 1 0
0.051869 12.6314 12.6314 2 1 0
0.0525709 12.3326 12.3326 2 1 0
0.0532999 12.035 12.035 2 1 0
0.0540577 11.7385 11.7385 2 1 0
0.0548459 11.4433 11.4433 2 1 0
0.0556662 11.1495 11.1495 2 1 0
0.0565207 10.8569 10.8569 2 1 0
0.0574113 10.5658 10.5658 2 1 0
0.0583405 10.2761 10.2761 2 1 0
0.0593105 9.98789 9.98789 2 1 0
0.0603241 9.7013 9.7013 2 1 0
0.0613842 9.41635 9.41635 2 1 0
0.0624937 9.13312 9.13312 2 1 0
0.0636562 8.85169 8.85169 2 1 0
0.0648753 8.57214 8.57214 2 1 0
0.066155 8.29454 8.29454 2 1 0
0.0674997 8.019 8.019 2 1 0
0.0689142 7.7456 7.7456 2 1 0
0.0704038 7.47445 7.47445 2 1 0
0.0719742 7.20566 7.20566 2 1 0
0.0736316 6.93934 6.93934 2 1 0
0.0753832 6.67561 6.67561 2 1 0
0.0772365 6.41459 6.41459 2 1 0
0.0791997 6.15645 6.15645 2 1 0
0.0812825 5.90131 5.90131 2 1 0
0.0834951 5.64931 5.64931 2 1 0
0.085849 5.40061 5.40061 2 1 0
0.088357 5.15539 5.15539 2 1 0
0.0910332 4.9138 4.9138 2 1 0
0.0938936 4.67604 4.67604 2 1 0
0.0969557 4.4423 4.4423 2 1 0
0.100239 4.21277 4.21277 2 1 0
0.103767 3.98765 3.98765 2 1 0
0.107563 3.76717 3.76717 2 1 0
0.111657 3.55153 3.55153 2 1 0
0.116079 3.34096 3.34096 2 1 0
0.120867 3.13568 3.13568 2 1 0
0.12606 2.93592 2.93592 2 1 0
0.131706 2.7419 2.7419 2 1 0
0.137859 2.55385 2.55385 2 1 0
0.144578 2.37199 2.37199 2 1 0
0.151935 2.19653 2.19653 2 1 0
0.151935 2.19653 2.19653 2 1 0
0.152553 2.18278 2.18278 2 1 0
0.153176 2.16906 2.16906 2 1 0
0.154437 2.14177 2.14177 2 1 0
0.157015 2.08769 2.08769 2 1 0
0.162412 1.98159 1.98159 2 1 0
0.171164 1.82771 1.82771 2 1 0
0.181212 1.67427 1.67427 2 1 0
0.192344 1.52797 1.52797 2 1 0
0.204715 1.38891 1.38891 2 1 0
0.21851 1.2572 1.2572 2 1 0
0.233946 1.1329 1.1329 2 1 0
0.251287 1.01603 1.01603 2 1 0
0.270848 0.906602 0.906602 2 1 0
0.293011 0.804573 0.804573 2 1 0
0.318243 0.709876 0.709876 2 1 0
0.347119 0.622409 0.622409 2 1 0
0.380352 0.542037 0.542037 2 1 0
0.418837 0.468595 0.468595 2 1 0
0.463701 0.401888 0.401888 2 1 0
0.516383 0.341697 0.341697 2 1 0
0.578727 0.287781 0.287781 2 1 0
0.653119 0.23988 0.23988 2 1 0
0.74265 0.19772 0.19772 2 1 0
0.851311 0.161017 0.161017 2 1 0
0.984173 0.129481 0.129481 2 1 0
1.14743 0.102817 0.102817 2 1 0
