0.03 247.884 247.884 2 1 0
0.0300014 247.893 247.893 1 1 0
0.0300029 247.902 247.902 1 1 0
0.0300058 247.919 247.919 1 1 0
0.0300115 247.954 247.954 1 1 0
0.0300231 248.024 248.024 1 1 0
0.0300412 248.133 248.133 1 1 0
0.0300593 248.242 248.242 1 1 0
0.0300774 248.35 248.35 1 1 0
0.0300955 248.459 248.459 1 1 0
0.0301137 248.567 248.567 1 1 0
0.0301319 248.675 248.675 1 1 0
0.0301501 248.783 248.783 1 1 0
0.0301683 248.891 248.891 1 1 0
0.0301866 248.999 248.999 1 1 0
0.0302048 249.107 249.107 1 1 0
0.0302231 249.214 249.214 1 1 0
0.0302414 249.321 249.321 1 1 0
0.0302598 249.428 249.428 1 1 0
0.0302781 249.535 249.535 1 1 0
0.0302965 249.642 249.642 1 1 0
0.0303149 249.749 249.749 1 1 0
0.0303334 249.855 249.855 1 1 0
0.0303518 249.962 249.962 1 1 0
0.0303703 250.068 250.068 1 1 0
0.0303888 250.174 250.174 1 1 0
0.0304073 250.28 250.28 1 1 0
0.0304259 250.386 250.386 1 1 0
0.0304445 250.491 250.491 1 1 0
0.030463 250.597 250.597 1 1 0
0.0304817 250.702 250.702 1 1 0
0.0305003 250.807 250.807 1 1 0
0.030519 250.912 250.912 1 1 0
0.0305377 251.017 251.017 1 1 0
0.0305564 251.122 251.122 1 1 0
0.0305751 251.227 251.227 1 1 0
0.0305939 251.331 251.331 1 1 0
0.0306126 251.435 251.435 1 1 0
0.0306314 251.54 251.54 1 1 0
0.0306503 251.644 251.644 1 1 0
0.0306691 251.747 251.747 1 1 0
0.030688 251.851 251.851 1 1 0
0.0307069 251.955 251.955 1 1 0
0.0307258 252.058 252.058 1 1 0
0.0307448 252.162 252.162 1 1 0
0.0307637 252.265 252.265 1 1 0
0.0307827 252.368 252.368 1 1 0
0.0308017 252.471 252.471 1 1 0
0.0308208 252.573 252.573 1 1 0
0.0308399 252.676 252.676 1 1 0
0.0308589 252.778 252.778 1 1 0
0.0308781 252.881 252.881 1 1 0
0.0308972 252.983 252.983 1 1 0
0.0309164 253.085 253.085 1 1 0
0.0309356 253.187 253.187 1 1 0
0.0309548 253.288 253.288 1 1 0
0.030974 253.39 253.39 1 1 0
0.0309933 253.491 253.491 1 1 0
0.0310126 253.593 253.593 1 1 0
0.0310319 253.694 253.694 1 1 0
0.0310512 253.795 253.795 1 1 0
0.0310706 253.896 253.896 1 1 0
0.0310899 253.996 253.996 1 1 0
0.0311094 254.097 254.097 1 1 0
0.0311288 254.198 254.198 1 1 0
0.0311483 254.298 254.298 1 1 0
0.0311677 254.398 254.398 1 1 0
0.0311872 254.498 254.498 1 1 0
0.0312068 254.598 254.598 1 1 0
0.0312263 254.698 254.698 1 1 0
0.0312459 254.797 254.797 1 1 0
0.0312655 254.897 254.897 1 1 0
0.0312852 254.996 254.996 1 1 0
0.0313048 255.095 255.095 1 1 0
0.0313245 255.195 255.195 1 1 0
0.0313442 255.293 255.293 1 1 0
0.031364 255.392 255.392 1 1 0
0.0313838 255.491 255.491 1 1 0
0.0314035 255.589 255.589 1 1 0
0.0314234 255.688 255.688 1 1 0
0.0314432 255.786 255.786 1 1 0
0.0314631 255.884 255.884 1 1 0
0.031483 255.982 255.982 1 1 0
0.0315029 256.08 256.08 1 1 0
0.0315228 256.178 256.178 1 1 0
0.0315428 256.275 256.275 1 1 0
0.0315628 256.373 256.373 1 1 0
0.0315828 256.47 256.47 1 1 0
0.0316029 256.567 256.567 1 1 0
0.031623 256.664 256.664 1 1 0
0.0316431 256.761 256.761 1 1 0
0.0316632 256.858 256.858 1 1 0
0.0316834 256.955 256.955 1 1 0
0.0317035 257.051 257.051 1 1 0
0.0317238 257.148 257.148 1 1 0
0.031744 257.244 257.244 1 1 0
0.0317643 257.34 257.34 1 1 0
0.0317845 257.436 257.436 1 1 0
0.0318049 257.532 257.532 1 1 0
0.0318252 257.627 257.627 1 1 0
0.0318456 257.723 257.723 1 1 0
0.031866 257.819 257.819 1 1 0
0.0318864 257.914 257.914 1 1 0
0.0319069 258.009 258.009 1 1 0
0.0319274 258.104 258.104 1 1 0
0.0319479 258.199 258.199 1 1 0
0.0319684 258.294 258.294 1 1 0
0.031989 258.389 258.389 1 1 0
0.0320096 258.483 258.483 1 1 0
0.0320302 258.577 258.577 1 1 0
0.0320508 258.672 258.672 1 1 0
0.0320715 258.766 258.766 1 1 0
0.0320922 258.86 258.86 1 1 0
0.032113 258.954 258.954 1 1 0
0.0321337 259.048 259.048 1 1 0
0.0321545 259.141 259.141 1 1 0
0.0321753 259.235 259.235 1 1 0
0.0321962 259.328 259.328 1 1 0
0.032217 259.421 259.421 1 1 0
0.032238 259.515 259.515 1 1 0
0.0322589 259.608 259.608 1 1 0
0.0322798 259.7 259.7 1 1 0
0.0323008 259.793 259.793 1 1 0
0.0323219 259.886 259.886 1 1 0
0.0323429 259.978 259.978 1 1 0
0.032364 260.071 260.071 1 1 0
0.0323851 260.163 260.163 1 1 0
0.0324062 260.255 260.255 1 1 0
0.0324274 260.347 260.347 1 1 0
0.0324486 260.439 260.439 1 1 0
0.0324698 260.531 260.531 1 1 0
0.0324911 260.622 260.622 1 1 0
0.0325123 260.714 260.714 1 1 0
0.0325337 260.805 260.805 1 1 0
0.032555 260.896 260.896 1 1 0
0.0325764 260.987 260.987 1 1 0
0.0325978 261.078 261.078 1 1 0
0.0326192 261.169 261.169 1 1 0
0.0326407 261.26 261.26 1 1 0
0.0326621 261.351 261.351 1 1 0
0.0326837 261.441 261.441 1 1 0
0.0327052 261.532 261.532 1 1 0
0.0327268 261.622 261.622 1 1 0
0.0327484 261.712 261.712 1 1 0
0.0327701 261.802 261.802 1 1 0
0.0327917 261.892 261.892 1 1 0
0.0328134 261.982 261.982 1 1 0
0.0328352 262.071 262.071 1 1 0
0.0328569 262.161 262.161 1 1 0
0.0328787 262.25 262.25 1 1 0
0.0329006 262.339 262.339 1 1 0
0.0329224 262.429 262.429 1 1 0
0.0329443 262.518 262.518 1 1 0
0.0329662 262.607 262.607 1 1 0
0.0329882 262.695 262.695 1 1 0
0.0330102 262.784 262.784 1 1 0
0.0330322 262.873 262.873 1 1 0
0.0330542 262.961 262.961 1 1 0
0.0330763 263.049 263.049 1 1 0
0.0330984 263.138 263.138 1 1 0
0.0331206 263.226 263.226 1 1 0
0.0331428 263.314 263.314 1 1 0
0.033165 263.401 263.401 1 1 0
0.0331872 263.489 263.489 1 1 0
0.0332095 263.577 263.577 1 1 0
0.0332318 263.664 263.664 1 1 0
0.0332541 263.752 263.752 1 1 0
0.0332765 263.839 263.839 1 1 0
0.0332989 263.926 263.926 1 1 0
0.0333213 264.013 264.013 1 1 0
0.0333438 264.1 264.1 1 1 0
0.0333663 264.187 264.187 1 1 0
0.0333888 264.273 264.273 1 1 0
0.0334114 264.36 264.36 1 1 0
0.033434 264.446 264.446 1 1 0
0.0334566 264.533 264.533 1 1 0
0.0334793 264.619 264.619 1 1 0
0.033502 264.705 264.705 1 1 0
0.0335248 264.791 264.791 1 1 0
0.0335475 264.877 264.877 1 1 0
0.0335703 264.963 264.963 1 1 0
0.0335932 265.048 265.048 1 1 0
0.033616 265.134 265.134 1 1 0
0.0336389 265.219 265.219 1 1 0
0.0336619 265.304 265.304 1 1 0
0.0336849 265.39 265.39 1 1 0
0.0337079 265.475 265.475 1 1 0
0.0337309 265.56 265.56 1 1 0
0.033754 265.644 265.644 1 1 0
0.0337771 265.729 265.729 1 1 0
0.0338002 265.814 265.814 1 1 0
0.0338234 265.898 265.898 1 1 0
0.0338466 265.983 265.983 1 1 0
0.0338699 266.067 266.067 1 1 0
0.0338932 266.151 266.151 1 1 0
0.0339165 266.235 266.235 1 1 0
0.0339399 266.319 266.319 1 1 0
0.0339633 266.403 266.403 1 1 0
0.0339867 266.487 266.487 1 1 0
0.0340102 266.57 266.57 1 1 0
0.0340337 266.654 266.654 1 1 0
0.0340572 266.737 266.737 1 1 0
0.0340808 266.82 266.82 1 1 0
0.0341044 266.903 266.903 1 1 0
0.034128 266.986 266.986 1 1 0
0.0341517 267.069 267.069 1 1 0
0.0341755 267.152 267.152 1 1 0
0.0341992 267.235 267.235 1 1 0
0.034223 267.318 267.318 1 1 0
0.0342468 267.4 267.4 1 1 0
0.0342707 267.482 267.482 1 1 0
0.0342946 267.565 267.565 1 1 0
0.0343186 267.647 267.647 1 1 0
0.0343425 267.729 267.729 1 1 0
0.0343666 267.811 267.811 1 1 0
0.0343906 267.893 267.893 1 1 0
0.0344147 267.974 267.974 1 1 0
0.0344389 268.056 268.056 1 1 0
0.034463 268.138 268.138 1 1 0
0.0344872 268.219 268.219 1 1 0
0.0345115 268.3 268.3 1 1 0
0.0345358 268.381 268.381 1 1 0
0.0345601 268.463 268.463 1 1 0
0.0345845 268.544 268.544 1 1 0
0.0346089 268.624 268.624 1 1 0
0.0346333 268.705 268.705 1 1 0
0.0346578 268.786 268.786 1 1 0
0.0346823 268.866 268.866 1 1 0
0.0347069 268.947 268.947 1 1 0
0.0347315 269.027 269.027 1 1 0
0.0347561 269.107 269.107 1 1 0
0.0347808 269.187 269.187 1 1 0
0.0348055 269.268 269.268 1 1 0
0.0348302 269.347 269.347 1 1 0
0.034855 269.427 269.427 1 1 0
0.0348799 269.507 269.507 1 1 0
0.0349048 269.587 269.587 1 1 0
0.0349297 269.666 269.666 1 1 0
0.0349546 269.745 269.745 1 1 0
0.0349796 269.825 269.825 1 1 0
0.0350047 269.904 269.904 1 1 0
0.0350298 269.983 269.983 1 1 0
0.0350549 270.062 270.062 1 1 0
0.0350801 270.141 270.141 1 1 0
0.0351053 270.22 270.22 1 1 0
0.0351305 270.298 270.298 1 1 0
0.0351558 270.377 270.377 1 1 0
0.0351811 270.455 270.455 1 1 0
0.0352065 270.534 270.534 1 1 0
0.0352319 270.612 270.612 1 1 0
0.0352574 270.69 270.69 1 1 0
0.0352829 270.768 270.768 1 1 0
0.0353084 270.846 270.846 1 1 0
0.035334 270.924 270.924 1 1 0
0.0353596 271.002 271.002 1 1 0
0.0353853 271.079 271.079 1 1 0
0.035411 271.157 271.157 1 1 0
0.0354368 271.234 271.234 1 1 0
0.0354626 271.312 271.312 1 1 0
0.0354884 271.389 271.389 1 1 0
0.0355143 271.466 271.466 1 1 0
0.0355402 271.543 271.543 1 1 0
0.0355662 271.62 271.62 1 1 0
0.0355922 271.697 271.697 1 1 0
0.0356183 271.773 271.773 1 1 0
0.0356444 271.85 271.85 1 1 0
0.0356706 271.927 271.927 1 1 0
0.0356968 272.003 272.003 1 1 0
0.035723 272.079 272.079 1 1 0
0.0357493 272.156 272.156 1 1 0
0.0357756 272.232 272.232 1 1 0
0.035802 272.308 272.308 1 1 0
0.0358284 272.384 272.384 1 1 0
0.0358549 272.46 272.46 1 1 0
0.0358814 272.535 272.535 1 1 0
0.035908 272.611 272.611 1 1 0
0.0359346 272.686 272.686 1 1 0
0.0359612 272.762 272.762 1 1 0
0.0359879 272.837 272.837 1 1 0
0.0360147 272.912 272.912 1 1 0
0.0360415 272.988 272.988 1 1 0
0.0360683 273.063 273.063 1 1 0
0.0360952 273.138 273.138 1 1 0
0.0361221 273.212 273.212 1 1 0
0.0361491 273.287 273.287 1 1 0
0.0361762 273.362 273.362 1 1 0
0.0362032 273.436 273.436 1 1 0
0.0362304 273.511 273.511 1 1 0
0.0362575 273.585 273.585 1 1 0
0.0362848 273.66 273.66 1 1 0
0.036312 273.734 273.734 1 1 0
0.0363393 273.808 273.808 1 1 0
0.0363667 273.882 273.882 1 1 0
0.0363941 273.956 273.956 1 1 0
0.0364216 274.029 274.029 1 1 0
0.0364491 274.103 274.103 1 1 0
0.0364767 274.177 274.177 1 1 0
0.0365043 274.25 274.25 1 1 0
0.036532 274.324 274.324 1 1 0
0.0365597 274.397 274.397 1 1 0
0.0365874 274.47 274.47 1 1 0
0.0366152 274.543 274.543 1 1 0
0.0366431 274.616 274.616 1 1 0
0.036671 274.689 274.689 1 1 0
0.036699 274.762 274.762 1 1 0
0.036727 274.835 274.835 1 1 0
0.0367551 274.908 274.908 1 1 0
0.0367832 274.98 274.98 1 1 0
0.0368114 275.053 275.053 1 1 0
0.0368396 275.125 275.125 1 1 0
0.0368679 275.197 275.197 1 1 0
0.0368962 275.269 275.269 1 1 0
0.0369246 275.342 275.342 1 1 0
0.036953 275.414 275.414 1 1 0
0.0369815 275.485 275.485 1 1 0
0.03701 275.557 275.557 1 1 0
0.0370386 275.629 275.629 1 1 0
0.0370673 275.701 275.701 1 1 0
0.037096 275.772 275.772 1 1 0
0.0371247 275.844 275.844 1 1 0
0.0371535 275.915 275.915 1 1 0
0.0371824 275.986 275.986 1 1 0
0.0372113 276.057 276.057 1 1 0
0.0372403 276.128 276.128 1 1 0
0.0372693 276.199 276.199 1 1 0
0.0372984 276.27 276.27 1 1 0
0.0373275 276.341 276.341 1 1 0
0.0373567 276.412 276.412 1 1 0
0.0373859 276.482 276.482 1 1 0
0.0374152 276.553 276.553 1 1 0
0.0374446 276.623 276.623 1 1 0
0.037474 276.694 276.694 1 1 0
0.0375035 276.764 276.764 1 1 0
0.037533 276.834 276.834 1 1 0
0.0375626 276.904 276.904 1 1 0
0.0375922 276.974 276.974 1 1 0
0.0376219 277.044 277.044 1 1 0
0.0376517 277.114 277.114 1 1 0
0.0376815 277.183 277.183 1 1 0
0.0377113 277.253 277.253 1 1 0
0.0377413 277.323 277.323 1 1 0
0.0377713 277.392 277.392 1 1 0
0.0378013 277.461 277.461 1 1 0
0.0378314 277.531 277.531 1 1 0
0.0378616 277.6 277.6 1 1 0
0.0378918 277.669 277.669 1 1 0
0.037922 277.738 277.738 1 1 0
0.0379524 277.807 277.807 1 1 0
0.0379828 277.876 277.876 1 1 0
0.0380132 277.944 277.944 1 1 0
0.0380437 278.013 278.013 1 1 0
0.0380743 278.081 278.081 1 1 0
0.038105 278.15 278.15 1 1 0
0.0381357 278.218 278.218 1 1 0
0.0381664 278.286 278.286 1 1 0
0.0381972 278.355 278.355 1 1 0
0.0382281 278.423 278.423 1 1 0
0.0382591 278.491 278.491 1 1 0
0.0382901 278.559 278.559 1 1 0
0.0383211 278.627 278.627 1 1 0
0.0383523 278.694 278.694 1 1 0
0.0383835 278.762 278.762 1 1 0
0.0384147 278.83 278.83 1 1 0
0.038446 278.897 278.897 1 1 0
0.0384774 278.964 278.964 1 1 0
0.0385089 279.032 279.032 1 1 0
0.0385404 279.099 279.099 1 1 0
0.0385719 279.166 279.166 1 1 0
0.0386036 279.233 279.233 1 1 0
0.0386353 279.3 279.3 1 1 0
0.038667 279.367 279.367 1 1 0
0.0386989 279.434 279.434 1 1 0
0.0387308 279.5 279.5 1 1 0
0.0387627 279.567 279.567 1 1 0
0.0387947 279.634 279.634 1 1 0
0.0388268 279.7 279.7 1 1 0
0.038859 279.766 279.766 1 1 0
0.0388912 279.833 279.833 1 1 0
0.0389235 279.899 279.899 1 1 0
0.0389559 279.965 279.965 1 1 0
0.0389883 280.031 280.031 1 1 0
0.0390208 280.097 280.097 1 1 0
0.0390534 280.163 280.163 1 1 0
0.039086 280.228 280.228 1 1 0
0.0391187 280.294 280.294 1 1 0
0.0391515 280.36 280.36 1 1 0
0.0391843 280.425 280.425 1 1 0
0.0392172 280.491 280.491 1 1 0
0.0392502 280.556 280.556 1 1 0
0.0392832 280.621 280.621 1 1 0
0.0393163 280.686 280.686 1 1 0
0.0393495 280.751 280.751 1 1 0
0.0393828 280.816 280.816 1 1 0
0.0394161 280.881 280.881 1 1 0
0.0394495 280.946 280.946 1 1 0
0.039483 281.011 281.011 1 1 0
0.0395165 281.075 281.075 1 1 0
0.0395501 281.14 281.14 1 1 0
0.0395838 281.204 281.204 1 1 0
0.0396175 281.269 281.269 1 1 0
0.0396514 281.333 281.333 1 1 0
0.0396853 281.397 281.397 1 1 0
0.0397192 281.461 281.461 1 1 0
0.0397533 281.525 281.525 1 1 0
0.0397874 281.589 281.589 1 1 0
0.0398216 281.653 281.653 1 1 0
0.0398559 281.717 281.717 1 1 0
0.0398902 281.781 281.781 1 1 0
0.0399246 281.844 281.844 1 1 0
0.0399591 281.908 281.908 1 1 0
0.0399937 281.971 281.971 1 1 0
0.0400283 282.035 282.035 1 1 0
0.040063 282.098 282.098 1 1 0
0.0400978 282.161 282.161 1 1 0
0.0401327 282.224 282.224 1 1 0
0.0401677 282.287 282.287 1 1 0
0.0402027 282.35 282.35 1 1 0
0.0402378 282.413 282.413 1 1 0
0.040273 282.476 282.476 1 1 0
0.0403082 282.539 282.539 1 1 0
0.0403436 282.601 282.601 1 1 0
0.040379 282.664 282.664 1 1 0
0.0404145 282.726 282.726 1 1 0
0.0404501 282.789 282.789 1 1 0
0.0404857 282.851 282.851 1 1 0
0.0405214 282.913 282.913 1 1 0
0.0405573 282.975 282.975 1 1 0
0.0405932 283.038 283.038 1 1 0
0.0406291 283.099 283.099 1 1 0
0.0406652 283.161 283.161 1 1 0
0.0407013 283.223 283.223 1 1 0
0.0407375 283.285 283.285 1 1 0
0.0407738 283.347 283.347 1 1 0
0.0408102 283.408 283.408 1 1 0
0.0408467 283.47 283.47 1 1 0
0.0408832 283.531 283.531 1 1 0
0.0409199 283.592 283.592 1 1 0
0.0409566 283.653 283.653 1 1 0
0.0409934 283.715 283.715 1 1 0
0.0410303 283.776 283.776 1 1 0
0.0410673 283.837 283.837 1 1 0
0.0411043 283.898 283.898 1 1 0
0.0411415 283.958 283.958 1 1 0
0.0411787 284.019 284.019 1 1 0
0.041216 284.08 284.08 1 1 0
0.0412534 284.14 284.14 1 1 0
0.0412909 284.201 284.201 1 1 0
0.0413285 284.261 284.261 1 1 0
0.0413661 284.321 284.321 1 1 0
0.0414039 284.382 284.382 1 1 0
0.0414417 284.442 284.442 1 1 0
0.0414796 284.502 284.502 1 1 0
0.0415176 284.562 284.562 1 1 0
0.0415557 284.622 284.622 1 1 0
0.0415939 284.682 284.682 1 1 0
0.0416322 284.741 284.741 1 1 0
0.0416706 284.801 284.801 1 1 0
0.0417091 284.861 284.861 1 1 0
0.0417476 284.92 284.92 1 1 0
0.0417863 284.98 284.98 1 1 0
0.041825 285.039 285.039 1 1 0
0.0418638 285.098 285.098 1 1 0
0.0419027 285.157 285.157 1 1 0
0.0419418 285.216 285.216 1 1 0
0.0419809 285.275 285.275 1 1 0
0.0420201 285.334 285.334 1 1 0
0.0420594 285.393 285.393 1 1 0
0.0420987 285.452 285.452 1 1 0
0.0421382 285.511 285.511 1 1 0
0.0421778 285.569 285.569 1 1 0
0.0422175 285.628 285.628 1 1 0
0.0422572 285.686 285.686 1 1 0
0.0422971 285.745 285.745 1 1 0
0.0423371 285.803 285.803 1 1 0
0.0423771 285.861 285.861 1 1 0
0.0424173 285.919 285.919 1 1 0
0.0424575 285.977 285.977 1 1 0
0.0424979 286.035 286.035 1 1 0
0.0425383 286.093 286.093 1 1 0
0.0425789 286.151 286.151 1 1 0
0.0426195 286.209 286.209 1 1 0
0.0426603 286.266 286.266 1 1 0
0.0427011 286.324 286.324 1 1 0
0.0427421 286.381 286.381 1 1 0
0.0427831 286.439 286.439 1 1 0
0.0428243 286.496 286.496 1 1 0
0.0428655 286.553 286.553 1 1 0
0.0429068 286.61 286.61 1 1 0
0.0429483 286.667 286.667 1 1 0
0.0429899 286.724 286.724 1 1 0
0.0430315 286.781 286.781 1 1 0
0.0430733 286.838 286.838 1 1 0
0.0431151 286.895 286.895 1 1 0
0.0431571 286.951 286.951 1 1 0
0.0431992 287.008 287.008 1 1 0
0.0432414 287.064 287.064 1 1 0
0.0432836 287.121 287.121 1 1 0
0.043326 287.177 287.177 1 1 0
0.0433685 287.233 287.233 1 1 0
0.0434111 287.289 287.289 1 1 0
0.0434538 287.346 287.346 1 1 0
0.0434966 287.402 287.402 1 1 0
0.0435396 287.457 287.457 1 1 0
0.0435826 287.513 287.513 1 1 0
0.0436257 287.569 287.569 1 1 0
0.043669 287.625 287.625 1 1 0
0.0437124 287.68 287.68 1 1 0
0.0437558 287.736 287.736 1 1 0
0.0437994 287.791 287.791 1 1 0
0.0438431 287.847 287.847 1 1 0
0.0438869 287.902 287.902 1 1 0
0.0439308 287.957 287.957 1 1 0
0.0439748 288.012 288.012 1 1 0
0.044019 288.067 288.067 1 1 0
0.0440632 288.122 288.122 1 1 0
0.0441076 288.177 288.177 1 1 0
0.0441521 288.232 288.232 1 1 0
0.0441966 288.286 288.286 1 1 0
0.0442414 288.341 288.341 1 1 0
0.0442862 288.395 288.395 1 1 0
0.0443311 288.45 288.45 1 1 0
0.0443762 288.504 288.504 1 1 0
0.0444213 288.559 288.559 1 1 0
0.0444666 288.613 288.613 1 1 0
0.044512 288.667 288.667 1 1 0
0.0445575 288.721 288.721 1 1 0
0.0446032 288.775 288.775 1 1 0
0.0446489 288.829 288.829 1 1 0
0.0446948 288.882 288.882 1 1 0
0.0447408 288.936 288.936 1 1 0
0.0447869 288.99 288.99 1 1 0
0.0448331 289.043 289.043 1 1 0
0.0448795 289.097 289.097 1 1 0
0.044926 289.15 289.15 1 1 0
0.0449726 289.203 289.203 1 1 0
0.0450193 289.257 289.257 1 1 0
0.0450661 289.31 289.31 1 1 0
0.0451131 289.363 289.363 1 1 0
0.0451602 289.416 289.416 1 1 0
0.0452074 289.468 289.468 1 1 0
0.0452547 289.521 289.521 1 1 0
0.0453022 289.574 289.574 1 1 0
0.0453498 289.627 289.627 1 1 0
0.0453975 289.679 289.679 1 1 0
0.0454453 289.732 289.732 1 1 0
0.0454933 289.784 289.784 1 1 0
0.0455414 289.836 289.836 1 1 0
0.0455896 289.888 289.888 1 1 0
0.045638 289.94 289.94 1 1 0
0.0456864 289.993 289.993 1 1 0
0.045735 290.044 290.044 1 1 0
0.0457838 290.096 290.096 1 1 0
0.0458326 290.148 290.148 1 1 0
0.0458816 290.2 290.2 1 1 0
0.0459308 290.251 290.251 1 1 0
0.04598 290.303 290.303 1 1 0
0.0460294 290.354 290.354 1 1 0
0.0460789 290.406 290.406 1 1 0
0.0461286 290.457 290.457 1 1 0
0.0461783 290.508 290.508 1 1 0
0.0462283 290.559 290.559 1 1 0
0.0462783 290.61 290.61 1 1 0
0.0463285 290.661 290.661 1 1 0
0.0463788 290.712 290.712 1 1 0
0.0464293 290.763 290.763 1 1 0
0.0464799 290.813 290.813 1 1 0
0.0465306 290.864 290.864 1 1 0
0.0465815 290.914 290.914 1 1 0
0.0466325 290.965 290.965 1 1 0
0.0466836 291.015 291.015 1 1 0
0.0467349 291.065 291.065 1 1 0
0.0467863 291.115 291.115 1 1 0
0.0468378 291.166 291.166 1 1 0
0.0468895 291.216 291.216 1 1 0
0.0469414 291.265 291.265 1 1 0
0.0469933 291.315 291.315 1 1 0
0.0470455 291.365 291.365 1 1 0
0.0470977 291.415 291.415 1 1 0
0.0471501 291.464 291.464 1 1 0
0.0472026 291.514 291.514 1 1 0
0.0472553 291.563 291.563 1 1 0
0.0473082 291.612 291.612 1 1 0
0.0473611 291.661 291.661 1 1 0
0.0474142 291.71 291.71 1 1 0
0.0474675 291.759 291.759 1 1 0
0.0475209 291.808 291.808 1 1 0
0.0475744 291.857 291.857 1 1 0
0.0476281 291.906 291.906 1 1 0
0.047682 291.955 291.955 1 1 0
0.0477359 292.003 292.003 1 1 0
0.0477901 292.052 292.052 1 1 0
0.0478444 292.1 292.1 1 1 0
0.0478988 292.148 292.148 1 1 0
0.0479534 292.197 292.197 1 1 0
0.0480081 292.245 292.245 1 1 0
0.048063 292.293 292.293 1 1 0
0.048118 292.341 292.341 1 1 0
0.0481731 292.388 292.388 1 1 0
0.0482285 292.436 292.436 1 1 0
0.0482839 292.484 292.484 1 1 0
0.0483396 292.531 292.531 1 1 0
0.0483953 292.579 292.579 1 1 0
0.0484513 292.626 292.626 1 1 0
0.0485074 292.674 292.674 1 1 0
0.0485636 292.721 292.721 1 1 0
0.04862 292.768 292.768 1 1 0
0.0486765 292.815 292.815 1 1 0
0.0487332 292.862 292.862 1 1 0
0.0487901 292.909 292.909 1 1 0
0.0488471 292.956 292.956 1 1 0
0.0489043 293.002 293.002 1 1 0
0.0489616 293.049 293.049 1 1 0
0.049019 293.095 293.095 1 1 0
0.0490767 293.142 293.142 1 1 0
0.0491345 293.188 293.188 1 1 0
0.0491924 293.234 293.234 1 1 0
0.0492505 293.28 293.28 1 1 0
0.0493088 293.326 293.326 1 1 0
0.0493672 293.372 293.372 1 1 0
0.0494258 293.418 293.418 1 1 0
0.0494845 293.464 293.464 1 1 0
0.0495434 293.51 293.51 1 1 0
0.0496025 293.555 293.555 1 1 0
0.0496617 293.601 293.601 1 1 0
0.0497211 293.646 293.646 1 1 0
0.0497807 293.691 293.691 1 1 0
0.0498404 293.736 293.736 1 1 0
0.0499002 293.781 293.781 1 1 0
0.0499603 293.826 293.826 1 1 0
0.0500205 293.871 293.871 1 1 0
0.0500808 293.916 293.916 1 1 0
0.0501414 293.961 293.961 1 1 0
0.050202 294.005 294.005 1 1 0
0.0502629 294.05 294.05 1 1 0
0.0503239 294.094 294.094 1 1 0
0.0503851 294.139 294.139 1 1 0
0.0504464 294.183 294.183 1 1 0
0.050508 294.227 294.227 1 1 0
0.0505696 294.271 294.271 1 1 0
0.0506315 294.315 294.315 1 1 0
0.0506935 294.359 294.359 1 1 0
0.0507557 294.402 294.402 1 1 0
0.050818 294.446 294.446 1 1 0
0.0508805 294.49 294.49 1 1 0
0.0509432 294.533 294.533 1 1 0
0.0510061 294.576 294.576 1 1 0
0.0510691 294.62 294.62 1 1 0
0.0511323 294.663 294.663 1 1 0
0.0511957 294.706 294.706 1 1 0
0.0512592 294.749 294.749 1 1 0
0.0513229 294.792 294.792 1 1 0
0.0513867 294.834 294.834 1 1 0
0.0514508 294.877 294.877 1 1 0
0.051515 294.92 294.92 1 1 0
0.0515794 294.962 294.962 1 1 0
0.0516439 295.004 295.004 1 1 0
0.0517087 295.047 295.047 1 1 0
0.0517735 295.089 295.089 1 1 0
0.0518386 295.131 295.131 1 1 0
0.0519039 295.173 295.173 1 1 0
0.0519693 295.215 295.215 1 1 0
0.0520348 295.256 295.256 1 1 0
0.0521006 295.298 295.298 1 1 0
0.0521665 295.34 295.34 1 1 0
0.0522326 295.381 295.381 1 1 0
0.0522989 295.422 295.422 1 1 0
0.0523654 295.464 295.464 1 1 0
0.052432 295.505 295.505 1 1 0
0.0524988 295.546 295.546 1 1 0
0.0525657 295.587 295.587 1 1 0
0.0526329 295.627 295.627 1 1 0
0.0527002 295.668 295.668 1 1 0
0.0527677 295.709 295.709 1 1 0
0.0528354 295.749 295.749 1 1 0
0.0529032 295.79 295.79 1 1 0
0.0529712 295.83 295.83 1 1 0
0.0530394 295.87 295.87 1 1 0
0.0531078 295.91 295.91 1 1 0
0.0531763 295.95 295.95 1 1 0
0.0532451 295.99 295.99 1 1 0
0.0533139 296.03 296.03 1 1 0
0.053383 296.07 296.07 1 1 0
0.0534523 296.109 296.109 1 1 0
0.0535217 296.149 296.149 1 1 0
0.0535913 296.188 296.188 1 1 0
0.0536611 296.227 296.227 1 1 0
0.053731 296.266 296.266 1 1 0
0.0538011 296.305 296.305 1 1 0
0.0538714 296.344 296.344 1 1 0
0.0539419 296.383 296.383 1 1 0
0.0540126 296.422 296.422 1 1 0
0.0540834 296.461 296.461 1 1 0
0.0541544 296.499 296.499 1 1 0
0.0542256 296.538 296.538 1 1 0
0.0542969 296.576 296.576 1 1 0
0.0543685 296.614 296.614 1 1 0
0.0544402 296.652 296.652 1 1 0
0.0545121 296.69 296.69 1 1 0
0.0545841 296.728 296.728 1 1 0
0.0546564 296.766 296.766 1 1 0
0.0547288 296.803 296.803 1 1 0
0.0548014 296.841 296.841 1 1 0
0.0548741 296.878 296.878 1 1 0
0.0549471 296.916 296.916 1 1 0
0.0550202 296.953 296.953 1 1 0
0.0550935 296.99 296.99 1 1 0
0.0551669 297.027 297.027 1 1 0
0.0552406 297.064 297.064 1 1 0
0.0553144 297.101 297.101 1 1 0
0.0553884 297.137 297.137 1 1 0
0.0554626 297.174 297.174 1 1 0
0.0555369 297.21 297.21 1 1 0
0.0556114 297.247 297.247 1 1 0
0.0556861 297.283 297.283 1 1 0
0.055761 297.319 297.319 1 1 0
0.055836 297.355 297.355 1 1 0
0.0559113 297.391 297.391 1 1 0
0.0559866 297.427 297.427 1 1 0
0.0560622 297.462 297.462 1 1 0
0.0561379 297.498 297.498 1 1 0
0.0562139 297.533 297.533 1 1 0
0.0562899 297.569 297.569 1 1 0
0.0563662 297.604 297.604 1 1 0
0.0564426 297.639 297.639 1 1 0
0.0565192 297.674 297.674 1 1 0
0.056596 297.709 297.709 1 1 0
0.056673 297.744 297.744 1 1 0
0.0567501 297.778 297.778 1 1 0
0.0568274 297.813 297.813 1 1 0
0.0569048 297.847 297.847 1 1 0
0.0569825 297.882 297.882 1 1 0
0.0570603 297.916 297.916 1 1 0
0.0571382 297.95 297.95 1 1 0
0.0572164 297.984 297.984 1 1 0
0.0572947 298.018 298.018 1 1 0
0.0573732 298.052 298.052 1 1 0
0.0574518 298.085 298.085 1 1 0
0.0575306 298.119 298.119 1 1 0
0.0576096 298.152 298.152 1 1 0
0.0576888 298.186 298.186 1 1 0
0.0577681 298.219 298.219 1 1 0
0.0578476 298.252 298.252 1 1 0
0.0579272 298.285 298.285 1 1 0
0.0580071 298.318 298.318 1 1 0
0.058087 298.351 298.351 1 1 0
0.0581672 298.383 298.383 1 1 0
0.0582475 298.416 298.416 1 1 0
0.058328 298.448 298.448 1 1 0
0.0584086 298.48 298.48 1 1 0
0.0584895 298.513 298.513 1 1 0
0.0585704 298.545 298.545 1 1 0
0.0586516 298.577 298.577 1 1 0
0.0587329 298.609 298.609 1 1 0
0.0588143 298.64 298.64 1 1 0
0.058896 298.672 298.672 1 1 0
0.0589777 298.703 298.703 1 1 0
0.0590597 298.735 298.735 1 1 0
0.0591418 298.766 298.766 1 1 0
0.0592241 298.797 298.797 1 1 0
0.0593065 298.828 298.828 1 1 0
0.0593891 298.859 298.859 1 1 0
0.0594718 298.89 298.89 1 1 0
0.0595547 298.921 298.921 1 1 0
0.0596378 298.951 298.951 1 1 0
0.059721 298.982 298.982 1 1 0
0.0598044 299.012 299.012 1 1 0
0.0598879 299.043 299.043 1 1 0
0.0599716 299.073 299.073 1 1 0
0.0600554 299.103 299.103 1 1 0
0.0601394 299.133 299.133 1 1 0
0.0602235 299.162 299.162 1 1 0
0.0603078 299.192 299.192 1 1 0
0.0603923 299.222 299.222 1 1 0
0.0604769 299.251 299.251 1 1 0
0.0605616 299.281 299.281 1 1 0
0.0606465 299.31 299.31 1 1 0
0.0607316 299.339 299.339 1 1 0
0.0608167 299.368 299.368 1 1 0
0.0609021 299.397 299.397 1 1 0
0.0609876 299.426 299.426 1 1 0
0.0610732 299.454 299.454 1 1 0
0.061159 299.483 299.483 1 1 0
0.0612449 299.512 299.512 1 1 0
0.061331 299.54 299.54 1 1 0
0.0614173 299.568 299.568 1 1 0
0.0615036 299.596 299.596 1 1 0
0.0615901 299.624 299.624 1 1 0
0.0616768 299.652 299.652 1 1 0
0.0617636 299.68 299.68 1 1 0
0.0618505 299.708 299.708 1 1 0
0.0619376 299.735 299.735 1 1 0
0.0620248 299.763 299.763 1 1 0
0.0621122 299.79 299.79 1 1 0
0.0621997 299.817 299.817 1 1 0
0.0622873 299.844 299.844 1 1 0
0.0623751 299.871 299.871 1 1 0
0.062463 299.898 299.898 1 1 0
0.062551 299.925 299.925 1 1 0
0.0626392 299.952 299.952 1 1 0
0.0627275 299.978 299.978 1 1 0
0.062816 300.005 300.005 1 1 0
0.0629045 300.031 300.031 1 1 0
0.0629933 300.058 300.058 1 1 0
0.0630821 300.084 300.084 1 1 0
0.0631711 300.11 300.11 1 1 0
0.0632602 300.136 300.136 1 1 0
0.0633494 300.161 300.161 1 1 0
0.0634388 300.187 300.187 1 1 0
0.0635283 300.213 300.213 1 1 0
0.0636179 300.238 300.238 1 1 0
0.0637077 300.264 300.264 1 1 0
0.0637975 300.289 300.289 1 1 0
0.0638875 300.314 300.314 1 1 0
0.0639777 300.339 300.339 1 1 0
0.0640679 300.364 300.364 1 1 0
0.0641583 300.389 300.389 1 1 0
0.0642488 300.414 300.414 1 1 0
0.0643394 300.438 300.438 1 1 0
0.0644301 300.463 300.463 1 1 0
0.064521 300.487 300.487 1 1 0
0.064612 300.512 300.512 1 1 0
0.0647031 300.536 300.536 1 1 0
0.0647943 300.56 300.56 1 1 0
0.0648856 300.584 300.584 1 1 0
0.0649771 300.608 300.608 1 1 0
0.0650686 300.632 300.632 1 1 0
0.0651603 300.655 300.655 1 1 0
0.0652521 300.679 300.679 1 1 0
0.065344 300.703 300.703 1 1 0
0.0654361 300.726 300.726 1 1 0
0.0655282 300.749 300.749 1 1 0
0.0656204 300.772 300.772 1 1 0
0.0657128 300.795 300.795 1 1 0
0.0658053 300.818 300.818 1 1 0
0.0658978 300.841 300.841 1 1 0
0.0659905 300.864 300.864 1 1 0
0.0660833 300.887 300.887 1 1 0
0.0661762 300.909 300.909 1 1 0
0.0662692 300.932 300.932 1 1 0
0.0663623 300.954 300.954 1 1 0
0.0664556 300.976 300.976 1 1 0
0.0665489 300.999 300.999 1 1 0
0.0666423 301.021 301.021 1 1 0
0.0667358 301.043 301.043 1 1 0
0.0668295 301.064 301.064 1 1 0
0.0669232 301.086 301.086 1 1 0
0.0670171 301.108 301.108 1 1 0
0.067111 301.129 301.129 1 1 0
0.067205 301.151 301.151 1 1 0
0.0672992 301.172 301.172 1 1 0
0.0673934 301.194 301.194 1 1 0
0.0674877 301.215 301.215 1 1 0
0.0675821 301.236 301.236 1 1 0
0.0676767 301.257 301.257 1 1 0
0.0677713 301.278 301.278 1 1 0
0.067866 301.299 301.299 1 1 0
0.0679608 301.319 301.319 1 1 0
0.0680557 301.34 301.34 1 1 0
0.0681507 301.36 301.36 1 1 0
0.0682458 301.381 301.381 1 1 0
0.0683409 301.401 301.401 1 1 0
0.0684362 301.421 301.421 1 1 0
0.0685315 301.442 301.442 1 1 0
0.068627 301.462 301.462 1 1 0
0.0687225 301.482 301.482 1 1 0
0.0688181 301.501 301.501 1 1 0
0.0689138 301.521 301.521 1 1 0
0.0690096 301.541 301.541 1 1 0
0.0691055 301.56 301.56 1 1 0
0.0692015 301.58 301.58 1 1 0
0.0692975 301.599 301.599 1 1 0
0.0693936 301.619 301.619 1 1 0
0.0694899 301.638 301.638 1 1 0
0.0695861 301.657 301.657 1 1 0
0.0696825 301.676 301.676 1 1 0
0.069779 301.695 301.695 1 1 0
0.0698755 301.714 301.714 1 1 0
0.0699721 301.733 301.733 1 1 0
0.0700688 301.751 301.751 1 1 0
0.0701656 301.77 301.77 1 1 0
0.0702625 301.788 301.788 1 1 0
0.0703594 301.807 301.807 1 1 0
0.0704564 301.825 301.825 1 1 0
0.0705535 301.843 301.843 1 1 0
0.0706506 301.862 301.862 1 1 0
0.0707479 301.88 301.88 1 1 0
0.0708452 301.898 301.898 1 1 0
0.0709426 301.916 301.916 1 1 0
0.07104 301.933 301.933 1 1 0
0.0711375 301.951 301.951 1 1 0
0.0712351 301.969 301.969 1 1 0
0.0713328 301.986 301.986 1 1 0
0.0714305 302.004 302.004 1 1 0
0.0715283 302.021 302.021 1 1 0
0.0716262 302.039 302.039 1 1 0
0.0717242 302.056 302.056 1 1 0
0.0718222 302.073 302.073 1 1 0
0.0719203 302.09 302.09 1 1 0
0.0720184 302.107 302.107 1 1 0
0.0721166 302.124 302.124 1 1 0
0.0722149 302.141 302.141 1 1 0
0.0723133 302.157 302.157 1 1 0
0.0724117 302.174 302.174 1 1 0
0.0725102 302.191 302.191 1 1 0
0.0726087 302.207 302.207 1 1 0
0.0727073 302.224 302.224 1 1 0
0.072806 302.24 302.24 1 1 0
0.0729047 302.256 302.256 1 1 0
0.0730035 302.272 302.272 1 1 0
0.0731023 302.289 302.289 1 1 0
0.0732013 302.305 302.305 1 1 0
0.0733002 302.321 302.321 1 1 0
0.0733993 302.337 302.337 1 1 0
0.0734984 302.352 302.352 1 1 0
0.0735975 302.368 302.368 1 1 0
0.0736967 302.384 302.384 1 1 0
0.073796 302.399 302.399 1 1 0
0.0738953 302.415 302.415 1 1 0
0.0739947 302.43 302.43 1 1 0
0.0740941 302.446 302.446 1 1 0
0.0741936 302.461 302.461 1 1 0
0.0742931 302.476 302.476 1 1 0
0.0743927 302.491 302.491 1 1 0
0.0744924 302.506 302.506 1 1 0
0.0745921 302.521 302.521 1 1 0
0.0746919 302.536 302.536 1 1 0
0.0747917 302.551 302.551 1 1 0
0.0748915 302.566 302.566 1 1 0
0.0749914 302.581 302.581 1 1 0
0.0750914 302.595 302.595 1 1 0
0.0751914 302.61 302.61 1 1 0
0.0752915 302.624 302.624 1 1 0
0.0753916 302.639 302.639 1 1 0
0.0754918 302.653 302.653 1 1 0
0.075592 302.667 302.667 1 1 0
0.0756923 302.682 302.682 1 1 0
0.0757926 302.696 302.696 1 1 0
0.0758929 302.71 302.71 1 1 0
0.0759933 302.724 302.724 1 1 0
0.0760938 302.738 302.738 1 1 0
0.0761943 302.752 302.752 1 1 0
0.0762949 302.766 302.766 1 1 0
0.0763954 302.779 302.779 1 1 0
0.0764961 302.793 302.793 1 1 0
0.0765968 302.807 302.807 1 1 0
0.0766975 302.82 302.82 1 1 0
0.0767983 302.834 302.834 1 1 0
0.0768991 302.847 302.847 1 1 0
0.0769999 302.86 302.86 1 1 0
0.0771008 302.874 302.874 1 1 0
0.0772018 302.887 302.887 1 1 0
0.0773028 302.9 302.9 1 1 0
0.0774038 302.913 302.913 1 1 0
0.0775049 302.926 302.926 1 1 0
0.077606 302.939 302.939 1 1 0
0.0777071 302.952 302.952 1 1 0
0.0778083 302.965 302.965 1 1 0
0.0779095 302.978 302.978 1 1 0
0.0780108 302.991 302.991 1 1 0
0.0781121 303.003 303.003 1 1 0
0.0782134 303.016 303.016 1 1 0
0.0783148 303.028 303.028 1 1 0
0.0784162 303.041 303.041 1 1 0
0.0785177 303.053 303.053 1 1 0
0.0786192 303.066 303.066 1 1 0
0.0787207 303.078 303.078 1 1 0
0.0788223 303.09 303.09 1 1 0
0.0789239 303.102 303.102 1 1 0
0.0790256 303.115 303.115 1 1 0
0.0791272 303.127 303.127 1 1 0
0.0792289 303.139 303.139 1 1 0
0.0793307 303.151 303.151 1 1 0
0.0794325 303.162 303.162 1 1 0
0.0795343 303.174 303.174 1 1 0
0.0796361 303.186 303.186 1 1 0
0.079738 303.198 303.198 1 1 0
0.0798399 303.21 303.21 1 1 0
0.0799419 303.221 303.221 1 1 0
0.0800439 303.233 303.233 1 1 0
0.0801459 303.244 303.244 1 1 0
0.0802479 303.256 303.256 1 1 0
0.08035 303.267 303.267 1 1 0
0.0804521 303.278 303.278 1 1 0
0.0805543 303.29 303.29 1 1 0
0.0806565 303.301 303.301 1 1 0
0.0807587 303.312 303.312 1 1 0
0.0808609 303.323 303.323 1 1 0
0.0809632 303.334 303.334 1 1 0
0.0810655 303.345 303.345 1 1 0
0.0811678 303.356 303.356 1 1 0
0.0812701 303.367 303.367 1 1 0
0.0813725 303.378 303.378 1 1 0
0.0814749 303.389 303.389 1 1 0
0.0815774 303.4 303.4 1 1 0
0.0816798 303.41 303.41 1 1 0
0.0817823 303.421 303.421 1 1 0
0.0818849 303.432 303.432 1 1 0
0.0819874 303.442 303.442 1 1 0
0.08209 303.453 303.453 1 1 0
0.0821926 303.463 303.463 1 1 0
0.0822952 303.474 303.474 1 1 0
0.0823979 303.484 303.484 1 1 0
0.0825006 303.494 303.494 1 1 0
0.0826033 303.505 303.505 1 1 0
0.082706 303.515 303.515 1 1 0
0.0828088 303.525 303.525 1 1 0
0.0829116 303.535 303.535 1 1 0
0.0830144 303.545 303.545 1 1 0
0.0831172 303.555 303.555 1 1 0
0.0832201 303.565 303.565 1 1 0
0.083323 303.575 303.575 1 1 0
0.0834259 303.585 303.585 1 1 0
0.0835288 303.595 303.595 1 1 0
0.0836318 303.605 303.605 1 1 0
0.0837347 303.614 303.614 1 1 0
0.0838378 303.624 303.624 1 1 0
0.0839408 303.634 303.634 1 1 0
0.0840438 303.643 303.643 1 1 0
0.0841469 303.653 303.653 1 1 0
0.08425 303.663 303.663 1 1 0
0.0843531 303.672 303.672 1 1 0
0.0844563 303.681 303.681 1 1 0
0.0845594 303.691 303.691 1 1 0
0.0846626 303.7 303.7 1 1 0
0.0847658 303.709 303.709 1 1 0
0.084869 303.719 303.719 1 1 0
0.0849723 303.728 303.728 1 1 0
0.0850756 303.737 303.737 1 1 0
0.0851788 303.746 303.746 1 1 0
0.0852822 303.755 303.755 1 1 0
0.0853855 303.764 303.764 1 1 0
0.0854888 303.773 303.773 1 1 0
0.0855922 303.782 303.782 1 1 0
0.0856956 303.791 303.791 1 1 0
0.085799 303.8 303.8 1 1 0
0.0859024 303.809 303.809 1 1 0
0.0860059 303.818 303.818 1 1 0
0.0861093 303.827 303.827 1 1 0
0.0862128 303.835 303.835 1 1 0
0.0863163 303.844 303.844 1 1 0
0.0864198 303.853 303.853 1 1 0
0.0865234 303.861 303.861 1 1 0
0.0866269 303.87 303.87 1 1 0
0.0867305 303.878 303.878 1 1 0
0.0868341 303.887 303.887 1 1 0
0.0869377 303.895 303.895 1 1 0
0.0870414 303.904 303.904 1 1 0
0.087145 303.912 303.912 1 1 0
0.0872487 303.92 303.92 1 1 0
0.0873523 303.929 303.929 1 1 0
0.087456 303.937 303.937 1 1 0
0.0875598 303.945 303.945 1 1 0
0.0876635 303.953 303.953 1 1 0
0.0877672 303.961 303.961 1 1 0
0.087871 303.969 303.969 1 1 0
0.0879748 303.978 303.978 1 1 0
0.0880786 303.986 303.986 1 1 0
0.0881824 303.994 303.994 1 1 0
0.0882862 304.002 304.002 1 1 0
0.0883901 304.009 304.009 1 1 0
0.0884939 304.017 304.017 1 1 0
0.0885978 304.025 304.025 1 1 0
0.0887017 304.033 304.033 1 1 0
0.0888056 304.041 304.041 1 1 0
0.0889095 304.048 304.048 1 1 0
0.0890134 304.056 304.056 1 1 0
0.0891174 304.064 304.064 1 1 0
0.0892214 304.071 304.071 1 1 0
0.0893253 304.079 304.079 1 1 0
0.0894293 304.087 304.087 1 1 0
0.0895333 304.094 304.094 1 1 0
0.0896373 304.102 304.102 1 1 0
0.0897414 304.109 304.109 1 1 0
0.0898454 304.117 304.117 1 1 0
0.0899495 304.124 304.124 1 1 0
0.0900536 304.131 304.131 1 1 0
0.0901576 304.139 304.139 1 1 0
0.0902617 304.146 304.146 1 1 0
0.0903659 304.153 304.153 1 1 0
0.09047 304.16 304.16 1 1 0
0.0905741 304.168 304.168 1 1 0
0.0906783 304.175 304.175 1 1 0
0.0907824 304.182 304.182 1 1 0
0.0908866 304.189 304.189 1 1 0
0.0909908 304.196 304.196 1 1 0
0.091095 304.203 304.203 1 1 0
0.0911992 304.21 304.21 1 1 0
0.0913035 304.217 304.217 1 1 0
0.0914077 304.224 304.224 1 1 0
0.0915119 304.231 304.231 1 1 0
0.0916162 304.238 304.238 1 1 0
0.0917205 304.245 304.245 1 1 0
0.0918248 304.252 304.252 1 1 0
0.0919291 304.258 304.258 1 1 0
0.0920334 304.265 304.265 1 1 0
0.0921377 304.272 304.272 1 1 0
0.092242 304.279 304.279 1 1 0
0.0923464 304.285 304.285 1 1 0
0.0924507 304.292 304.292 1 1 0
0.0925551 304.299 304.299 1 1 0
0.0926595 304.305 304.305 1 1 0
0.0927638 304.312 304.312 1 1 0
0.0928682 304.318 304.318 1 1 0
0.0929726 304.325 304.325 1 1 0
0.0930771 304.331 304.331 1 1 0
0.0931815 304.338 304.338 1 1 0
0.0932859 304.344 304.344 1 1 0
0.0933904 304.35 304.35 1 1 0
0.0934948 304.357 304.357 1 1 0
0.0935993 304.363 304.363 1 1 0
0.0937038 304.369 304.369 1 1 0
0.0938083 304.376 304.376 1 1 0
0.0939128 304.382 304.382 1 1 0
0.0940173 304.388 304.388 1 1 0
0.0941218 304.394 304.394 1 1 0
0.0942263 304.401 304.401 1 1 0
0.0943308 304.407 304.407 1 1 0
0.0944354 304.413 304.413 1 1 0
0.0945399 304.419 304.419 1 1 0
0.0946445 304.425 304.425 1 1 0
0.0947491 304.431 304.431 1 1 0
0.0948537 304.437 304.437 1 1 0
0.0949582 304.443 304.443 1 1 0
0.0950628 304.449 304.449 1 1 0
0.0951674 304.455 304.455 1 1 0
0.0952721 304.461 304.461 1 1 0
0.0953767 304.467 304.467 1 1 0
0.0954813 304.473 304.473 1 1 0
0.095586 304.478 304.478 1 1 0
0.0956906 304.484 304.484 1 1 0
0.0957953 304.49 304.49 1 1 0
0.0958999 304.496 304.496 1 1 0
0.0960046 304.501 304.501 1 1 0
0.0961093 304.507 304.507 1 1 0
0.096214 304.513 304.513 1 1 0
0.0963187 304.519 304.519 1 1 0
0.0964234 304.524 304.524 1 1 0
0.0965281 304.53 304.53 1 1 0
0.0966328 304.535 304.535 1 1 0
0.0967376 304.541 304.541 1 1 0
0.0968423 304.546 304.546 1 1 0
0.096947 304.552 304.552 1 1 0
0.0970518 304.557 304.557 1 1 0
0.0971566 304.563 304.563 1 1 0
0.0972613 304.568 304.568 1 1 0
0.0973661 304.574 304.574 1 1 0
0.0974709 304.579 304.579 1 1 0
0.0975757 304.585 304.585 1 1 0
0.0976805 304.59 304.59 1 1 0
0.0977853 304.595 304.595 1 1 0
0.0978901 304.601 304.601 1 1 0
0.0979949 304.606 304.606 1 1 0
0.0980997 304.611 304.611 1 1 0
0.0982046 304.616 304.616 1 1 0
0.0983094 304.622 304.622 1 1 0
0.0984143 304.627 304.627 1 1 0
0.0985191 304.632 304.632 1 1 0
0.098624 304.637 304.637 1 1 0
0.0987288 304.642 304.642 1 1 0
0.0988337 304.647 304.647 1 1 0
0.0989386 304.652 304.652 1 1 0
0.0990435 304.658 304.658 1 1 0
0.0991484 304.663 304.663 1 1 0
0.0992533 304.668 304.668 1 1 0
0.0993582 304.673 304.673 1 1 0
0.0994631 304.678 304.678 1 1 0
0.099568 304.683 304.683 1 1 0
0.0996729 304.688 304.688 1 1 0
0.0997778 304.692 304.692 1 1 0
0.0998828 304.697 304.697 1 1 0
0.0999877 304.702 304.702 1 1 0
0.100093 304.707 304.707 1 1 0
0.100198 304.712 304.712 1 1 0
0.100303 304.717 304.717 1 1 0
0.100408 304.722 304.722 1 1 0
0.100513 304.726 304.726 1 1 0
0.100617 304.731 304.731 1 1 0
0.100722 304.736 304.736 1 1 0
0.100827 304.741 304.741 1 1 0
0.100932 304.745 304.745 1 1 0
0.101037 304.75 304.75 1 1 0
0.101142 304.755 304.755 1 1 0
0.101247 304.759 304.759 1 1 0
0.101352 304.764 304.764 1 1 0
0.101457 304.769 304.769 1 1 0
0.101563 304.773 304.773 1 1 0
0.101668 304.778 304.778 1 1 0
0.101773 304.782 304.782 1 1 0
0.101878 304.787 304.787 1 1 0
0.101983 304.791 304.791 1 1 0
0.102088 304.796 304.796 1 1 0
0.102193 304.8 304.8 1 1 0
0.102298 304.805 304.805 1 1 0
0.102403 304.809 304.809 1 1 0
0.102508 304.814 304.814 1 1 0
0.102613 304.818 304.818 1 1 0
0.102718 304.822 304.822 1 1 0
0.102823 304.827 304.827 1 1 0
0.102928 304.831 304.831 1 1 0
0.103033 304.835 304.835 1 1 0
0.103138 304.84 304.84 1 1 0
0.103244 304.844 304.844 1 1 0
0.103349 304.848 304.848 1 1 0
0.103454 304.853 304.853 1 1 0
0.103559 304.857 304.857 1 1 0
0.103664 304.861 304.861 1 1 0
0.103769 304.865 304.865 1 1 0
0.103874 304.87 304.87 1 1 0
0.103979 304.874 304.874 1 1 0
0.104085 304.878 304.878 1 1 0
0.10419 304.882 304.882 1 1 0
0.104295 304.886 304.886 1 1 0
0.1044 304.89 304.89 1 1 0
0.104505 304.894 304.894 1 1 0
0.10461 304.899 304.899 1 1 0
0.104716 304.903 304.903 1 1 0
0.104821 304.907 304.907 1 1 0
0.104926 304.911 304.911 1 1 0
0.105031 304.915 304.915 1 1 0
0.105136 304.919 304.919 1 1 0
0.105241 304.923 304.923 1 1 0
0.105347 304.927 304.927 1 1 0
0.105452 304.931 304.931 1 1 0
0.105557 304.935 304.935 1 1 0
0.105662 304.938 304.938 1 1 0
0.105767 304.942 304.942 1 1 0
0.105873 304.946 304.946 1 1 0
0.105978 304.95 304.95 1 1 0
0.106083 304.954 304.954 1 1 0
0.106188 304.958 304.958 1 1 0
0.106294 304.962 304.962 1 1 0
0.106399 304.966 304.966 1 1 0
0.106504 304.969 304.969 1 1 0
0.106609 304.973 304.973 1 1 0
0.106714 304.977 304.977 1 1 0
0.10682 304.981 304.981 1 1 0
0.106925 304.984 304.984 1 1 0
0.10703 304.988 304.988 1 1 0
0.107135 304.992 304.992 1 1 0
0.107241 304.996 304.996 1 1 0
0.107346 304.999 304.999 1 1 0
0.107451 305.003 305.003 1 1 0
0.107556 305.007 305.007 1 1 0
0.107662 305.01 305.01 1 1 0
0.107767 305.014 305.014 1 1 0
0.107872 305.017 305.017 1 1 0
0.107978 305.021 305.021 1 1 0
0.108083 305.025 305.025 1 1 0
0.108188 305.028 305.028 1 1 0
0.108293 305.032 305.032 1 1 0
0.108399 305.035 305.035 1 1 0
0.108504 305.039 305.039 1 1 0
0.108609 305.042 305.042 1 1 0
0.108715 305.046 305.046 1 1 0
0.10882 305.049 305.049 1 1 0
0.108925 305.053 305.053 1 1 0
0.109031 305.056 305.056 1 1 0
0.109136 305.06 305.06 1 1 0
0.109241 305.063 305.063 1 1 0
0.109347 305.067 305.067 1 1 0
0.109452 305.07 305.07 1 1 0
0.109557 305.073 305.073 1 1 0
0.109663 305.077 305.077 1 1 0
0.109768 305.08 305.08 1 1 0
0.109873 305.084 305.084 1 1 0
0.109979 305.087 305.087 1 1 0
0.110084 305.09 305.09 1 1 0
0.110189 305.094 305.094 1 1 0
0.110295 305.097 305.097 1 1 0
0.1104 305.1 305.1 1 1 0
0.110505 305.103 305.103 1 1 0
0.110611 305.107 305.107 1 1 0
0.110716 305.11 305.11 1 1 0
0.110821 305.113 305.113 1 1 0
0.110927 305.116 305.116 1 1 0
0.111032 305.12 305.12 1 1 0
0.111137 305.123 305.123 1 1 0
0.111243 305.126 305.126 1 1 0
0.111348 305.129 305.129 1 1 0
0.111454 305.132 305.132 1 1 0
0.111559 305.136 305.136 1 1 0
0.111664 305.139 305.139 1 1 0
0.11177 305.142 305.142 1 1 0
0.111875 305.145 305.145 1 1 0
0.11198 305.148 305.148 1 1 0
0.112086 305.151 305.151 1 1 0
0.112191 305.154 305.154 1 1 0
0.112297 305.157 305.157 1 1 0
0.112402 305.161 305.161 1 1 0
0.112507 305.164 305.164 1 1 0
0.112613 305.167 305.167 1 1 0
0.112718 305.17 305.17 1 1 0
0.112824 305.173 305.173 1 1 0
0.112929 305.176 305.176 1 1 0
0.113035 305.179 305.179 1 1 0
0.11314 305.182 305.182 1 1 0
0.113245 305.185 305.185 1 1 0
0.113351 305.188 305.188 1 1 0
0.113456 305.191 305.191 1 1 0
0.113562 305.194 305.194 1 1 0
0.113667 305.197 305.197 1 1 0
0.113773 305.199 305.199 1 1 0
0.113878 305.202 305.202 1 1 0
0.113983 305.205 305.205 1 1 0
0.114089 305.208 305.208 1 1 0
0.114194 305.211 305.211 1 1 0
0.1143 305.214 305.214 1 1 0
0.114405 305.217 305.217 1 1 0
0.114511 305.22 305.22 1 1 0
0.114616 305.222 305.222 1 1 0
0.114721 305.225 305.225 1 1 0
0.114827 305.228 305.228 1 1 0
0.114932 305.231 305.231 1 1 0
0.115038 305.234 305.234 1 1 0
0.115143 305.237 305.237 1 1 0
0.115249 305.239 305.239 1 1 0
0.115354 305.242 305.242 1 1 0
0.11546 305.245 305.245 1 1 0
0.115565 305.248 305.248 1 1 0
0.115671 305.25 305.25 1 1 0
0.115776 305.253 305.253 1 1 0
0.115882 305.256 305.256 1 1 0
0.115987 305.258 305.258 1 1 0
0.116093 305.261 305.261 1 1 0
0.116198 305.264 305.264 1 1 0
0.116303 305.267 305.267 1 1 0
0.116409 305.269 305.269 1 1 0
0.116514 305.272 305.272 1 1 0
0.11662 305.275 305.275 1 1 0
0.116725 305.277 305.277 1 1 0
0.116831 305.28 305.28 1 1 0
0.116936 305.282 305.282 1 1 0
0.117042 305.285 305.285 1 1 0
0.117147 305.288 305.288 1 1 0
0.117253 305.29 305.29 1 1 0
0.117358 305.293 305.293 1 1 0
0.117464 305.295 305.295 1 1 0
0.117569 305.298 305.298 1 1 0
0.117675 305.301 305.301 1 1 0
0.11778 305.303 305.303 1 1 0
0.117886 305.306 305.306 1 1 0
0.117991 305.308 305.308 1 1 0
0.118097 305.311 305.311 1 1 0
0.118202 305.313 305.313 1 1 0
0.118308 305.316 305.316 1 1 0
0.118413 305.318 305.318 1 1 0
0.118519 305.321 305.321 1 1 0
0.118625 305.323 305.323 1 1 0
0.11873 305.326 305.326 1 1 0
0.118836 305.328 305.328 1 1 0
0.118941 305.331 305.331 1 1 0
0.119047 305.333 305.333 1 1 0
0.119152 305.335 305.335 1 1 0
0.119258 305.338 305.338 1 1 0
0.119363 305.34 305.34 1 1 0
0.119469 305.343 305.343 1 1 0
0.119574 305.345 305.345 1 1 0
0.11968 305.347 305.347 1 1 0
0.119785 305.35 305.35 1 1 0
0.119891 305.352 305.352 1 1 0
0.119996 305.355 305.355 1 1 0
0.120102 305.357 305.357 1 1 0
0.120207 305.359 305.359 1 1 0
0.120313 305.362 305.362 1 1 0
0.120419 305.364 305.364 1 1 0
0.120524 305.366 305.366 1 1 0
0.12063 305.369 305.369 1 1 0
0.120735 305.371 305.371 1 1 0
0.120841 305.373 305.373 1 1 0
0.120946 305.376 305.376 1 1 0
0.121052 305.378 305.378 1 1 0
0.121157 305.38 305.38 1 1 0
0.121263 305.382 305.382 1 1 0
0.121369 305.385 305.385 1 1 0
0.121474 305.387 305.387 1 1 0
0.12158 305.389 305.389 1 1 0
0.121685 305.391 305.391 1 1 0
0.121791 305.394 305.394 1 1 0
0.121896 305.396 305.396 1 1 0
0.122002 305.398 305.398 1 1 0
0.122107 305.4 305.4 1 1 0
0.122213 305.402 305.402 1 1 0
0.122319 305.405 305.405 1 1 0
0.122424 305.407 305.407 1 1 0
0.12253 305.409 305.409 1 1 0
0.122635 305.411 305.411 1 1 0
0.122741 305.413 305.413 1 1 0
0.122847 305.415 305.415 1 1 0
0.122952 305.418 305.418 1 1 0
0.123058 305.42 305.42 1 1 0
0.123163 305.422 305.422 1 1 0
0.123269 305.424 305.424 1 1 0
0.123374 305.426 305.426 1 1 0
0.12348 305.428 305.428 1 1 0
0.123586 305.43 305.43 1 1 0
0.123691 305.432 305.432 1 1 0
0.123797 305.435 305.435 1 1 0
0.123902 305.437 305.437 1 1 0
0.124008 305.439 305.439 1 1 0
0.124114 305.441 305.441 1 1 0
0.124219 305.443 305.443 1 1 0
0.124325 305.445 305.445 1 1 0
0.12443 305.447 305.447 1 1 0
0.124536 305.449 305.449 1 1 0
0.124641 305.451 305.451 1 1 0
0.124747 305.453 305.453 1 1 0
0.124853 305.455 305.455 1 1 0
0.124958 305.457 305.457 1 1 0
0.125064 305.459 305.459 1 1 0
0.12517 305.461 305.461 1 1 0
0.125275 305.463 305.463 1 1 0
0.125381 305.465 305.465 1 1 0
0.125486 305.467 305.467 1 1 0
0.125592 305.469 305.469 1 1 0
0.125698 305.471 305.471 1 1 0
0.125803 305.473 305.473 1 1 0
0.125909 305.475 305.475 1 1 0
0.126014 305.477 305.477 1 1 0
0.12612 305.479 305.479 1 1 0
0.126226 305.481 305.481 1 1 0
0.126331 305.483 305.483 1 1 0
0.126437 305.485 305.485 1 1 0
0.126542 305.486 305.486 1 1 0
0.126648 305.488 305.488 1 1 0
0.126754 305.49 305.49 1 1 0
0.126859 305.492 305.492 1 1 0
0.126965 305.494 305.494 1 1 0
0.127071 305.496 305.496 1 1 0
0.127176 305.498 305.498 1 1 0
0.127282 305.5 305.5 1 1 0
0.127387 305.502 305.502 1 1 0
0.127493 305.503 305.503 1 1 0
0.127599 305.505 305.505 1 1 0
0.127704 305.507 305.507 1 1 0
0.12781 305.509 305.509 1 1 0
0.127916 305.511 305.511 1 1 0
0.128021 305.513 305.513 1 1 0
0.128127 305.514 305.514 1 1 0
0.128232 305.516 305.516 1 1 0
0.128338 305.518 305.518 1 1 0
0.128444 305.52 305.52 1 1 0
0.128549 305.522 305.522 1 1 0
0.128655 305.523 305.523 1 1 0
0.128761 305.525 305.525 1 1 0
0.128866 305.527 305.527 1 1 0
0.128972 305.529 305.529 1 1 0
0.129078 305.531 305.531 1 1 0
0.129183 305.532 305.532 1 1 0
0.129289 305.534 305.534 1 1 0
0.129394 305.536 305.536 1 1 0
0.1295 305.538 305.538 1 1 0
0.129606 305.539 305.539 1 1 0
0.129711 305.541 305.541 1 1 0
0.129817 305.543 305.543 1 1 0
0.129923 305.545 305.545 1 1 0
0.130028 305.546 305.546 1 1 0
0.130134 305.548 305.548 1 1 0
0.13024 305.55 305.55 1 1 0
0.130345 305.551 305.551 1 1 0
0.130451 305.553 305.553 1 1 0
0.130557 305.555 305.555 1 1 0
0.130662 305.556 305.556 1 1 0
0.130768 305.558 305.558 1 1 0
0.130874 305.56 305.56 1 1 0
0.130979 305.561 305.561 1 1 0
0.131085 305.563 305.563 1 1 0
0.131191 305.565 305.565 1 1 0
0.131296 305.566 305.566 1 1 0
0.131402 305.568 305.568 1 1 0
0.131508 305.57 305.57 1 1 0
0.131613 305.571 305.571 1 1 0
0.131719 305.573 305.573 1 1 0
0.131825 305.575 305.575 1 1 0
0.13193 305.576 305.576 1 1 0
0.132036 305.578 305.578 1 1 0
0.132142 305.579 305.579 1 1 0
0.132247 305.581 305.581 1 1 0
0.132353 305.583 305.583 1 1 0
0.132459 305.584 305.584 1 1 0
0.132564 305.586 305.586 1 1 0
0.13267 305.587 305.587 1 1 0
0.132776 305.589 305.589 1 1 0
0.132881 305.591 305.591 1 1 0
0.132987 305.592 305.592 1 1 0
0.133093 305.594 305.594 1 1 0
0.133198 305.595 305.595 1 1 0
0.133304 305.597 305.597 1 1 0
0.13341 305.598 305.598 1 1 0
0.133515 305.6 305.6 1 1 0
0.133621 305.602 305.602 1 1 0
0.133727 305.603 305.603 1 1 0
0.133832 305.605 305.605 1 1 0
0.133938 305.606 305.606 1 1 0
0.134044 305.608 305.608 1 1 0
0.134149 305.609 305.609 1 1 0
0.134255 305.611 305.611 1 1 0
0.134361 305.612 305.612 1 1 0
0.134466 305.614 305.614 1 1 0
0.134572 305.615 305.615 1 1 0
0.134678 305.617 305.617 1 1 0
0.134783 305.618 305.618 1 1 0
0.134889 305.62 305.62 1 1 0
0.134995 305.621 305.621 1 1 0
0.1351 305.623 305.623 1 1 0
0.135206 305.624 305.624 1 1 0
0.135312 305.626 305.626 1 1 0
0.135417 305.627 305.627 1 1 0
0.135523 305.628 305.628 1 1 0
0.135629 305.63 305.63 1 1 0
0.135735 305.631 305.631 1 1 0
0.13584 305.633 305.633 1 1 0
0.135946 305.634 305.634 1 1 0
0.136052 305.636 305.636 1 1 0
0.136157 305.637 305.637 1 1 0
0.136263 305.639 305.639 1 1 0
0.136369 305.64 305.64 1 1 0
0.136474 305.641 305.641 1 1 0
0.13658 305.643 305.643 1 1 0
0.136686 305.644 305.644 1 1 0
0.136791 305.646 305.646 1 1 0
0.136897 305.647 305.647 1 1 0
0.137003 305.648 305.648 1 1 0
0.137109 305.65 305.65 1 1 0
0.137214 305.651 305.651 1 1 0
0.13732 305.653 305.653 1 1 0
0.137426 305.654 305.654 1 1 0
0.137531 305.655 305.655 1 1 0
0.137637 305.657 305.657 1 1 0
0.137743 305.658 305.658 1 1 0
0.137848 305.659 305.659 1 1 0
0.137954 305.661 305.661 1 1 0
0.13806 305.662 305.662 1 1 0
0.138166 305.663 305.663 1 1 0
0.138271 305.665 305.665 1 1 0
0.138377 305.666 305.666 1 1 0
0.138483 305.667 305.667 1 1 0
0.138588 305.669 305.669 1 1 0
0.138694 305.67 305.67 1 1 0
0.1388 305.671 305.671 1 1 0
0.138906 305.673 305.673 1 1 0
0.139011 305.674 305.674 1 1 0
0.139117 305.675 305.675 1 1 0
0.139223 305.677 305.677 1 1 0
0.139328 305.678 305.678 1 1 0
0.139434 305.679 305.679 1 1 0
0.13954 305.681 305.681 1 1 0
0.139645 305.682 305.682 1 1 0
0.139751 305.683 305.683 1 1 0
0.139857 305.684 305.684 1 1 0
0.139963 305.686 305.686 1 1 0
0.140068 305.687 305.687 1 1 0
0.140174 305.688 305.688 1 1 0
0.14028 305.69 305.69 1 1 0
0.140385 305.691 305.691 1 1 0
0.140491 305.692 305.692 1 1 0
0.140597 305.693 305.693 1 1 0
0.140703 305.695 305.695 1 1 0
0.140808 305.696 305.696 1 1 0
0.140914 305.697 305.697 1 1 0
0.14102 305.698 305.698 1 1 0
0.141125 305.7 305.7 1 1 0
0.141231 305.701 305.701 1 1 0
0.141337 305.702 305.702 1 1 0
0.141443 305.703 305.703 1 1 0
0.141548 305.704 305.704 1 1 0
0.141654 305.706 305.706 1 1 0
0.14176 305.707 305.707 1 1 0
0.141866 305.708 305.708 1 1 0
0.141971 305.709 305.709 1 1 0
0.142077 305.711 305.711 1 1 0
0.142183 305.712 305.712 1 1 0
0.142288 305.713 305.713 1 1 0
0.142394 305.714 305.714 1 1 0
0.1425 305.715 305.715 1 1 0
0.142606 305.717 305.717 1 1 0
0.142711 305.718 305.718 1 1 0
0.142817 305.719 305.719 1 1 0
0.142923 305.72 305.72 1 1 0
0.143028 305.721 305.721 1 1 0
0.143134 305.722 305.722 1 1 0
0.14324 305.724 305.724 1 1 0
0.143346 305.725 305.725 1 1 0
0.143451 305.726 305.726 1 1 0
0.143557 305.727 305.727 1 1 0
0.143663 305.728 305.728 1 1 0
0.143769 305.729 305.729 1 1 0
0.143874 305.731 305.731 1 1 0
0.14398 305.732 305.732 1 1 0
0.144086 305.733 305.733 1 1 0
0.144192 305.734 305.734 1 1 0
0.144297 305.735 305.735 1 1 0
0.144403 305.736 305.736 1 1 0
0.144509 305.737 305.737 1 1 0
0.144614 305.738 305.738 1 1 0
0.14472 305.74 305.74 1 1 0
0.144826 305.741 305.741 1 1 0
0.144932 305.742 305.742 1 1 0
0.145037 305.743 305.743 1 1 0
0.145143 305.744 305.744 1 1 0
0.145249 305.745 305.745 1 1 0
0.145355 305.746 305.746 1 1 0
0.14546 305.747 305.747 1 1 0
0.145566 305.748 305.748 1 1 0
0.145672 305.75 305.75 1 1 0
0.145778 305.751 305.751 1 1 0
0.145883 305.752 305.752 1 1 0
0.145989 305.753 305.753 1 1 0
0.146095 305.754 305.754 1 1 0
0.146201 305.755 305.755 1 1 0
0.146306 305.756 305.756 1 1 0
0.146412 305.757 305.757 1 1 0
0.146518 305.758 305.758 1 1 0
0.146623 305.759 305.759 1 1 0
0.146729 305.76 305.76 1 1 0
0.146835 305.761 305.761 1 1 0
0.146941 305.762 305.762 1 1 0
0.147046 305.763 305.763 1 1 0
0.147152 305.764 305.764 1 1 0
0.147258 305.766 305.766 1 1 0
0.147364 305.767 305.767 1 1 0
0.147469 305.768 305.768 1 1 0
0.147575 305.769 305.769 1 1 0
0.147681 305.77 305.77 1 1 0
0.147787 305.771 305.771 1 1 0
0.147892 305.772 305.772 1 1 0
0.147998 305.773 305.773 1 1 0
0.148104 305.774 305.774 1 1 0
0.14821 305.775 305.775 1 1 0
0.148315 305.776 305.776 1 1 0
0.148421 305.777 305.777 1 1 0
0.148527 305.778 305.778 1 1 0
0.148633 305.779 305.779 1 1 0
0.148738 305.78 305.78 1 1 0
0.148844 305.781 305.781 1 1 0
0.14895 305.782 305.782 1 1 0
0.149056 305.783 305.783 1 1 0
0.149161 305.784 305.784 1 1 0
0.149267 305.785 305.785 1 1 0
0.149373 305.786 305.786 1 1 0
0.149479 305.787 305.787 1 1 0
0.149584 305.788 305.788 1 1 0
0.14969 305.789 305.789 1 1 0
0.149796 305.79 305.79 1 1 0
0.149902 305.791 305.791 1 1 0
0.150007 305.792 305.792 1 1 0
0.03 247.884 247.884 2 1 0
0.0299986 247.876 247.876 1 1 0
0.0299971 247.867 247.867 1 1 0
0.0299942 247.85 247.85 1 1 0
0.0299885 247.815 247.815 1 1 0
0.0299769 247.745 247.745 1 1 0
0.0299589 247.635 247.635 1 1 0
0.029941 247.525 247.525 1 1 0
0.029923 247.416 247.416 1 1 0
0.0299051 247.306 247.306 1 1 0
0.0298872 247.196 247.196 1 1 0
0.0298693 247.085 247.085 1 1 0
0.0298514 246.975 246.975 1 1 0
0.0298336 246.864 246.864 1 1 0
0.0298158 246.754 246.754 1 1 0
0.029798 246.643 246.643 1 1 0
0.0297802 246.532 246.532 1 1 0
0.0297625 246.421 246.421 1 1 0
0.0297447 246.309 246.309 1 1 0
0.029727 246.198 246.198 1 1 0
0.0297093 246.086 246.086 1 1 0
0.0296917 245.974 245.974 1 1 0
0.029674 245.862 245.862 1 1 0
0.0296564 245.75 245.75 1 1 0
0.0296388 245.638 245.638 1 1 0
0.0296212 245.526 245.526 1 1 0
0.0296037 245.413 245.413 1 1 0
0.0295861 245.3 245.3 1 1 0
0.0295686 245.187 245.187 1 1 0
0.0295511 245.074 245.074 1 1 0
0.0295336 244.961 244.961 1 1 0
0.0295162 244.848 244.848 1 1 0
0.0294987 244.734 244.734 1 1 0
0.0294813 244.62 244.62 1 1 0
0.0294639 244.507 244.507 1 1 0
0.0294466 244.393 244.393 1 1 0
0.0294292 244.278 244.278 1 1 0
0.0294119 244.164 244.164 1 1 0
0.0293946 244.05 244.05 1 1 0
0.0293773 243.935 243.935 1 1 0
0.02936 243.82 243.82 1 1 0
0.0293428 243.705 243.705 1 1 0
0.0293256 243.59 243.59 1 1 0
0.0293084 243.475 243.475 1 1 0
0.0292912 243.359 243.359 1 1 0
0.029274 243.244 243.244 1 1 0
0.0292569 243.128 243.128 1 1 0
0.0292398 243.012 243.012 1 1 0
0.0292227 242.896 242.896 1 1 0
0.0292056 242.779 242.779 1 1 0
0.0291885 242.663 242.663 1 1 0
0.0291715 242.546 242.546 1 1 0
0.0291545 242.43 242.43 1 1 0
0.0291375 242.313 242.313 1 1 0
0.0291205 242.196 242.196 1 1 0
0.0291036 242.078 242.078 1 1 0
0.0290866 241.961 241.961 1 1 0
0.0290697 241.843 241.843 1 1 0
0.0290528 241.726 241.726 1 1 0
0.0290359 241.608 241.608 1 1 0
0.0290191 241.49 241.49 1 1 0
0.0290023 241.371 241.371 1 1 0
0.0289854 241.253 241.253 1 1 0
0.0289687 241.134 241.134 1 1 0
0.0289519 241.016 241.016 1 1 0
0.0289351 240.897 240.897 1 1 0
0.0289184 240.778 240.778 1 1 0
0.0289017 240.658 240.658 1 1 0
0.028885 240.539 240.539 1 1 0
0.0288683 240.419 240.419 1 1 0
0.0288517 240.3 240.3 1 1 0
0.028835 240.18 240.18 1 1 0
0.0288184 240.06 240.06 1 1 0
0.0288018 239.939 239.939 1 1 0
0.0287853 239.819 239.819 1 1 0
0.0287687 239.698 239.698 1 1 0
0.0287522 239.578 239.578 1 1 0
0.0287357 239.457 239.457 1 1 0
0.0287192 239.335 239.335 1 1 0
0.0287027 239.214 239.214 1 1 0
0.0286863 239.093 239.093 1 1 0
0.0286698 238.971 238.971 1 1 0
0.0286534 238.849 238.849 1 1 0
0.028637 238.727 238.727 1 1 0
0.0286207 238.605 238.605 1 1 0
0.0286043 238.483 238.483 1 1 0
0.028588 238.361 238.361 1 1 0
0.0285717 238.238 238.238 1 1 0
0.0285554 238.115 238.115 1 1 0
0.0285391 237.992 237.992 1 1 0
0.0285228 237.869 237.869 1 1 0
0.0285066 237.746 237.746 1 1 0
0.0284904 237.622 237.622 1 1 0
0.0284742 237.499 237.499 1 1 0
0.028458 237.375 237.375 1 1 0
0.0284419 237.251 237.251 1 1 0
0.0284257 237.127 237.127 1 1 0
0.0284096 237.002 237.002 1 1 0
0.0283935 236.878 236.878 1 1 0
0.0283774 236.753 236.753 1 1 0
0.0283614 236.628 236.628 1 1 0
0.0283453 236.503 236.503 1 1 0
0.0283293 236.378 236.378 1 1 0
0.0283133 236.253 236.253 1 1 0
0.0282973 236.127 236.127 1 1 0
0.0282814 236.001 236.001 1 1 0
0.0282654 235.875 235.875 1 1 0
0.0282495 235.749 235.749 1 1 0
0.0282336 235.623 235.623 1 1 0
0.0282177 235.497 235.497 1 1 0
0.0282018 235.37 235.37 1 1 0
0.028186 235.243 235.243 1 1 0
0.0281702 235.116 235.116 1 1 0
0.0281544 234.989 234.989 1 1 0
0.0281386 234.862 234.862 1 1 0
0.0281228 234.734 234.734 1 1 0
0.028107 234.607 234.607 1 1 0
0.0280913 234.479 234.479 1 1 0
0.0280756 234.351 234.351 1 1 0
0.0280599 234.222 234.222 1 1 0
0.0280442 234.094 234.094 1 1 0
0.0280286 233.966 233.966 1 1 0
0.0280129 233.837 233.837 1 1 0
0.0279973 233.708 233.708 1 1 0
0.0279817 233.579 233.579 1 1 0
0.0279662 233.45 233.45 1 1 0
0.0279506 233.32 233.32 1 1 0
0.0279351 233.19 233.19 1 1 0
0.0279195 233.061 233.061 1 1 0
0.027904 232.931 232.931 1 1 0
0.0278885 232.801 232.801 1 1 0
0.0278731 232.67 232.67 1 1 0
0.0278576 232.54 232.54 1 1 0
0.0278422 232.409 232.409 1 1 0
0.0278268 232.278 232.278 1 1 0
0.0278114 232.147 232.147 1 1 0
0.027796 232.016 232.016 1 1 0
0.0277807 231.884 231.884 1 1 0
0.0277654 231.753 231.753 1 1 0
0.0277501 231.621 231.621 1 1 0
0.0277348 231.489 231.489 1 1 0
0.0277195 231.357 231.357 1 1 0
0.0277042 231.225 231.225 1 1 0
0.027689 231.092 231.092 1 1 0
0.0276738 230.959 230.959 1 1 0
0.0276586 230.827 230.827 1 1 0
0.0276434 230.693 230.693 1 1 0
0.0276282 230.56 230.56 1 1 0
0.0276131 230.427 230.427 1 1 0
0.027598 230.293 230.293 1 1 0
0.0275829 230.159 230.159 1 1 0
0.0275678 230.025 230.025 1 1 0
0.0275527 229.891 229.891 1 1 0
0.0275377 229.757 229.757 1 1 0
0.0275226 229.622 229.622 1 1 0
0.0275076 229.488 229.488 1 1 0
0.0274926 229.353 229.353 1 1 0
0.0274776 229.218 229.218 1 1 0
0.0274627 229.083 229.083 1 1 0
0.0274478 228.947 228.947 1 1 0
0.0274328 228.812 228.812 1 1 0
0.0274179 228.676 228.676 1 1 0
0.0274031 228.54 228.54 1 1 0
0.0273882 228.404 228.404 1 1 0
0.0273733 228.267 228.267 1 1 0
0.0273585 228.131 228.131 1 1 0
0.0273437 227.994 227.994 1 1 0
0.0273289 227.857 227.857 1 1 0
0.0273142 227.72 227.72 1 1 0
0.0272994 227.583 227.583 1 1 0
0.0272847 227.445 227.445 1 1 0
0.02727 227.308 227.308 1 1 0
0.0272553 227.17 227.17 1 1 0
0.0272406 227.032 227.032 1 1 0
0.0272259 226.894 226.894 1 1 0
0.0272113 226.755 226.755 1 1 0
0.0271967 226.617 226.617 1 1 0
0.0271821 226.478 226.478 1 1 0
0.0271675 226.339 226.339 1 1 0
0.0271529 226.2 226.2 1 1 0
0.0271384 226.06 226.06 1 1 0
0.0271239 225.921 225.921 1 1 0
0.0271094 225.781 225.781 1 1 0
0.0270949 225.641 225.641 1 1 0
0.0270804 225.501 225.501 1 1 0
0.0270659 225.361 225.361 1 1 0
0.0270515 225.221 225.221 1 1 0
0.0270371 225.08 225.08 1 1 0
0.0270227 224.939 224.939 1 1 0
0.0270083 224.798 224.798 1 1 0
0.026994 224.657 224.657 1 1 0
0.0269796 224.515 224.515 1 1 0
0.0269653 224.374 224.374 1 1 0
0.026951 224.232 224.232 1 1 0
0.0269367 224.09 224.09 1 1 0
0.0269225 223.948 223.948 1 1 0
0.0269082 223.806 223.806 1 1 0
0.026894 223.663 223.663 1 1 0
0.0268798 223.52 223.52 1 1 0
0.0268656 223.377 223.377 1 1 0
0.0268514 223.234 223.234 1 1 0
0.0268373 223.091 223.091 1 1 0
0.0268231 222.948 222.948 1 1 0
0.026809 222.804 222.804 1 1 0
0.0267949 222.66 222.66 1 1 0
0.0267808 222.516 222.516 1 1 0
0.0267668 222.372 222.372 1 1 0
0.0267527 222.227 222.227 1 1 0
0.0267387 222.083 222.083 1 1 0
0.0267247 221.938 221.938 1 1 0
0.0267107 221.793 221.793 1 1 0
0.0266967 221.648 221.648 1 1 0
0.0266828 221.502 221.502 1 1 0
0.0266688 221.357 221.357 1 1 0
0.0266549 221.211 221.211 1 1 0
0.026641 221.065 221.065 1 1 0
0.0266272 220.919 220.919 1 1 0
0.0266133 220.773 220.773 1 1 0
0.0265995 220.626 220.626 1 1 0
0.0265857 220.479 220.479 1 1 0
0.0265718 220.332 220.332 1 1 0
0.0265581 220.185 220.185 1 1 0
0.0265443 220.038 220.038 1 1 0
0.0265306 219.891 219.891 1 1 0
0.0265168 219.743 219.743 1 1 0
0.0265031 219.595 219.595 1 1 0
0.0264894 219.447 219.447 1 1 0
0.0264758 219.299 219.299 1 1 0
0.0264621 219.15 219.15 1 1 0
0.0264485 219.002 219.002 1 1 0
0.0264349 218.853 218.853 1 1 0
0.0264213 218.704 218.704 1 1 0
0.0264077 218.555 218.555 1 1 0
0.0263941 218.405 218.405 1 1 0
0.0263806 218.256 218.256 1 1 0
0.0263671 218.106 218.106 1 1 0
0.0263536 217.956 217.956 1 1 0
0.0263401 217.806 217.806 1 1 0
0.0263266 217.655 217.655 1 1 0
0.0263132 217.505 217.505 1 1 0
0.0262997 217.354 217.354 1 1 0
0.0262863 217.203 217.203 1 1 0
0.0262729 217.052 217.052 1 1 0
0.0262596 216.9 216.9 1 1 0
0.0262462 216.749 216.749 1 1 0
0.0262329 216.597 216.597 1 1 0
0.0262196 216.445 216.445 1 1 0
0.0262063 216.293 216.293 1 1 0
0.026193 216.141 216.141 1 1 0
0.0261797 215.988 215.988 1 1 0
0.0261665 215.835 215.835 1 1 0
0.0261533 215.683 215.683 1 1 0
0.0261401 215.529 215.529 1 1 0
0.0261269 215.376 215.376 1 1 0
0.0261137 215.223 215.223 1 1 0
0.0261006 215.069 215.069 1 1 0
0.0260874 214.915 214.915 1 1 0
0.0260743 214.761 214.761 1 1 0
0.0260612 214.607 214.607 1 1 0
0.0260482 214.452 214.452 1 1 0
0.0260351 214.298 214.298 1 1 0
0.0260221 214.143 214.143 1 1 0
0.026009 213.988 213.988 1 1 0
0.0259961 213.832 213.832 1 1 0
0.0259831 213.677 213.677 1 1 0
0.0259701 213.521 213.521 1 1 0
0.0259572 213.366 213.366 1 1 0
0.0259442 213.21 213.21 1 1 0
0.0259313 213.053 213.053 1 1 0
0.0259185 212.897 212.897 1 1 0
0.0259056 212.74 212.74 1 1 0
0.0258928 212.583 212.583 1 1 0
0.0258799 212.426 212.426 1 1 0
0.0258671 212.269 212.269 1 1 0
0.0258543 212.112 212.112 1 1 0
0.0258416 211.954 211.954 1 1 0
0.0258288 211.796 211.796 1 1 0
0.0258161 211.639 211.639 1 1 0
0.0258034 211.48 211.48 1 1 0
0.0257907 211.322 211.322 1 1 0
0.025778 211.163 211.163 1 1 0
0.0257653 211.005 211.005 1 1 0
0.0257527 210.846 210.846 1 1 0
0.0257401 210.686 210.686 1 1 0
0.0257275 210.527 210.527 1 1 0
0.0257149 210.368 210.368 1 1 0
0.0257023 210.208 210.208 1 1 0
0.0256898 210.048 210.048 1 1 0
0.0256773 209.888 209.888 1 1 0
0.0256648 209.727 209.727 1 1 0
0.0256523 209.567 209.567 1 1 0
0.0256398 209.406 209.406 1 1 0
0.0256274 209.245 209.245 1 1 0
0.0256149 209.084 209.084 1 1 0
0.0256025 208.923 208.923 1 1 0
0.0255901 208.761 208.761 1 1 0
0.0255778 208.599 208.599 1 1 0
0.0255654 208.438 208.438 1 1 0
0.0255531 208.275 208.275 1 1 0
0.0255408 208.113 208.113 1 1 0
0.0255285 207.951 207.951 1 1 0
0.0255162 207.788 207.788 1 1 0
0.0255039 207.625 207.625 1 1 0
0.0254917 207.462 207.462 1 1 0
0.0254795 207.299 207.299 1 1 0
0.0254673 207.135 207.135 1 1 0
0.0254551 206.971 206.971 1 1 0
0.0254429 206.808 206.808 1 1 0
0.0254308 206.643 206.643 1 1 0
0.0254187 206.479 206.479 1 1 0
0.0254066 206.315 206.315 1 1 0
0.0253945 206.15 206.15 1 1 0
0.0253824 205.985 205.985 1 1 0
0.0253704 205.82 205.82 1 1 0
0.0253584 205.655 205.655 1 1 0
0.0253464 205.489 205.489 1 1 0
0.0253344 205.324 205.324 1 1 0
0.0253224 205.158 205.158 1 1 0
0.0253105 204.992 204.992 1 1 0
0.0252985 204.825 204.825 1 1 0
0.0252866 204.659 204.659 1 1 0
0.0252747 204.492 204.492 1 1 0
0.0252629 204.326 204.326 1 1 0
0.025251 204.158 204.158 1 1 0
0.0252392 203.991 203.991 1 1 0
0.0252274 203.824 203.824 1 1 0
0.0252156 203.656 203.656 1 1 0
0.0252038 203.488 203.488 1 1 0
0.0251921 203.32 203.32 1 1 0
0.0251803 203.152 203.152 1 1 0
0.0251686 202.984 202.984 1 1 0
0.0251569 202.815 202.815 1 1 0
0.0251453 202.646 202.646 1 1 0
0.0251336 202.477 202.477 1 1 0
0.025122 202.308 202.308 1 1 0
0.0251104 202.139 202.139 1 1 0
0.0250988 201.969 201.969 1 1 0
0.0250872 201.799 201.799 1 1 0
0.0250756 201.629 201.629 1 1 0
0.0250641 201.459 201.459 1 1 0
0.0250526 201.288 201.288 1 1 0
0.0250411 201.118 201.118 1 1 0
0.0250296 200.947 200.947 1 1 0
0.0250182 200.776 200.776 1 1 0
0.0250067 200.605 200.605 1 1 0
0.0249953 200.433 200.433 1 1 0
0.0249839 200.262 200.262 1 1 0
0.0249725 200.09 200.09 1 1 0
0.0249612 199.918 199.918 1 1 0
0.0249498 199.746 199.746 1 1 0
0.0249385 199.574 199.574 1 1 0
0.0249272 199.401 199.401 1 1 0
0.024916 199.228 199.228 1 1 0
0.0249047 199.055 199.055 1 1 0
0.0248935 198.882 198.882 1 1 0
0.0248822 198.709 198.709 1 1 0
0.024871 198.535 198.535 1 1 0
0.0248599 198.361 198.361 1 1 0
0.0248487 198.187 198.187 1 1 0
0.0248376 198.013 198.013 1 1 0
0.0248265 197.839 197.839 1 1 0
0.0248154 197.664 197.664 1 1 0
0.0248043 197.49 197.49 1 1 0
0.0247932 197.315 197.315 1 1 0
0.0247822 197.14 197.14 1 1 0
0.0247712 196.964 196.964 1 1 0
0.0247602 196.789 196.789 1 1 0
0.0247492 196.613 196.613 1 1 0
0.0247383 196.437 196.437 1 1 0
0.0247273 196.261 196.261 1 1 0
0.0247164 196.085 196.085 1 1 0
0.0247055 195.908 195.908 1 1 0
0.0246946 195.731 195.731 1 1 0
0.0246838 195.554 195.554 1 1 0
0.024673 195.377 195.377 1 1 0
0.0246621 195.2 195.2 1 1 0
0.0246514 195.022 195.022 1 1 0
0.0246406 194.845 194.845 1 1 0
0.0246298 194.667 194.667 1 1 0
0.0246191 194.489 194.489 1 1 0
0.0246084 194.31 194.31 1 1 0
0.0245977 194.132 194.132 1 1 0
0.024587 193.953 193.953 1 1 0
0.0245764 193.774 193.774 1 1 0
0.0245658 193.595 193.595 1 1 0
0.0245552 193.416 193.416 1 1 0
0.0245446 193.236 193.236 1 1 0
0.024534 193.057 193.057 1 1 0
0.0245235 192.877 192.877 1 1 0
0.0245129 192.697 192.697 1 1 0
0.0245024 192.517 192.517 1 1 0
0.024492 192.336 192.336 1 1 0
0.0244815 192.155 192.155 1 1 0
0.0244711 191.975 191.975 1 1 0
0.0244606 191.794 191.794 1 1 0
0.0244502 191.612 191.612 1 1 0
0.0244399 191.431 191.431 1 1 0
0.0244295 191.249 191.249 1 1 0
0.0244192 191.067 191.067 1 1 0
0.0244089 190.885 190.885 1 1 0
0.0243986 190.703 190.703 1 1 0
0.0243883 190.521 190.521 1 1 0
0.024378 190.338 190.338 1 1 0
0.0243678 190.155 190.155 1 1 0
0.0243576 189.972 189.972 1 1 0
0.0243474 189.789 189.789 1 1 0
0.0243372 189.606 189.606 1 1 0
0.0243271 189.422 189.422 1 1 0
0.024317 189.238 189.238 1 1 0
0.0243069 189.054 189.054 1 1 0
0.0242968 188.87 188.87 1 1 0
0.0242867 188.686 188.686 1 1 0
0.0242767 188.501 188.501 1 1 0
0.0242667 188.316 188.316 1 1 0
0.0242567 188.131 188.131 1 1 0
0.0242467 187.946 187.946 1 1 0
0.0242367 187.761 187.761 1 1 0
0.0242268 187.575 187.575 1 1 0
0.0242169 187.389 187.389 1 1 0
0.024207 187.203 187.203 1 1 0
0.0241971 187.017 187.017 1 1 0
0.0241873 186.831 186.831 1 1 0
0.0241775 186.644 186.644 1 1 0
0.0241677 186.458 186.458 1 1 0
0.0241579 186.271 186.271 1 1 0
0.0241481 186.084 186.084 1 1 0
0.0241384 185.896 185.896 1 1 0
0.0241287 185.709 185.709 1 1 0
0.024119 185.521 185.521 1 1 0
0.0241093 185.333 185.333 1 1 0
0.0240996 185.145 185.145 1 1 0
0.02409 184.957 184.957 1 1 0
0.0240804 184.768 184.768 1 1 0
0.0240708 184.579 184.579 1 1 0
0.0240612 184.391 184.391 1 1 0
0.0240517 184.201 184.201 1 1 0
0.0240422 184.012 184.012 1 1 0
0.0240327 183.823 183.823 1 1 0
0.0240232 183.633 183.633 1 1 0
0.0240138 183.443 183.443 1 1 0
0.0240043 183.253 183.253 1 1 0
0.0239949 183.063 183.063 1 1 0
0.0239855 182.872 182.872 1 1 0
0.0239762 182.682 182.682 1 1 0
0.0239668 182.491 182.491 1 1 0
0.0239575 182.3 182.3 1 1 0
0.0239482 182.109 182.109 1 1 0
0.0239389 181.917 181.917 1 1 0
0.0239297 181.726 181.726 1 1 0
0.0239204 181.534 181.534 1 1 0
0.0239112 181.342 181.342 1 1 0
0.023902 181.149 181.149 1 1 0
0.0238929 180.957 180.957 1 1 0
0.0238837 180.764 180.764 1 1 0
0.0238746 180.572 180.572 1 1 0
0.0238655 180.379 180.379 1 1 0
0.0238565 180.186 180.186 1 1 0
0.0238474 179.992 179.992 1 1 0
0.0238384 179.799 179.799 1 1 0
0.0238294 179.605 179.605 1 1 0
0.0238204 179.411 179.411 1 1 0
0.0238114 179.217 179.217 1 1 0
0.0238025 179.022 179.022 1 1 0
0.0237936 178.828 178.828 1 1 0
0.0237847 178.633 178.633 1 1 0
0.0237758 178.438 178.438 1 1 0
0.023767 178.243 178.243 1 1 0
0.0237582 178.048 178.048 1 1 0
0.0237494 177.852 177.852 1 1 0
0.0237406 177.657 177.657 1 1 0
0.0237318 177.461 177.461 1 1 0
0.0237231 177.265 177.265 1 1 0
0.0237144 177.068 177.068 1 1 0
0.0237057 176.872 176.872 1 1 0
0.023697 176.675 176.675 1 1 0
0.0236884 176.478 176.478 1 1 0
0.0236798 176.281 176.281 1 1 0
0.0236712 176.084 176.084 1 1 0
0.0236626 175.886 175.886 1 1 0
0.0236541 175.689 175.689 1 1 0
0.0236456 175.491 175.491 1 1 0
0.0236371 175.293 175.293 1 1 0
0.0236286 175.095 175.095 1 1 0
0.0236202 174.896 174.896 1 1 0
0.0236117 174.698 174.698 1 1 0
0.0236033 174.499 174.499 1 1 0
0.023595 174.3 174.3 1 1 0
0.0235866 174.101 174.101 1 1 0
0.0235783 173.901 173.901 1 1 0
0.02357 173.702 173.702 1 1 0
0.0235617 173.502 173.502 1 1 0
0.0235535 173.302 173.302 1 1 0
0.0235452 173.102 173.102 1 1 0
0.023537 172.901 172.901 1 1 0
0.0235288 172.701 172.701 1 1 0
0.0235207 172.5 172.5 1 1 0
0.0235125 172.299 172.299 1 1 0
0.0235044 172.098 172.098 1 1 0
0.0234963 171.897 171.897 1 1 0
0.0234883 171.695 171.695 1 1 0
0.0234802 171.494 171.494 1 1 0
0.0234722 171.292 171.292 1 1 0
0.0234642 171.09 171.09 1 1 0
0.0234563 170.887 170.887 1 1 0
0.0234483 170.685 170.685 1 1 0
0.0234404 170.482 170.482 1 1 0
0.0234325 170.279 170.279 1 1 0
0.0234247 170.076 170.076 1 1 0
0.0234168 169.873 169.873 1 1 0
0.023409 169.67 169.67 1 1 0
0.0234012 169.466 169.466 1 1 0
0.0233934 169.262 169.262 1 1 0
0.0233857 169.058 169.058 1 1 0
0.023378 168.854 168.854 1 1 0
0.0233703 168.65 168.65 1 1 0
0.0233626 168.445 168.445 1 1 0
0.023355 168.24 168.24 1 1 0
0.0233474 168.035 168.035 1 1 0
0.0233398 167.83 167.83 1 1 0
0.0233322 167.625 167.625 1 1 0
0.0233247 167.419 167.419 1 1 0
0.0233172 167.214 167.214 1 1 0
0.0233097 167.008 167.008 1 1 0
0.0233022 166.801 166.801 1 1 0
0.0232948 166.595 166.595 1 1 0
0.0232874 166.389 166.389 1 1 0
0.02328 166.182 166.182 1 1 0
0.0232726 165.975 165.975 1 1 0
0.0232653 165.768 165.768 1 1 0
0.023258 165.561 165.561 1 1 0
0.0232507 165.353 165.353 1 1 0
0.0232435 165.146 165.146 1 1 0
0.0232362 164.938 164.938 1 1 0
0.023229 164.73 164.73 1 1 0
0.0232219 164.521 164.521 1 1 0
0.0232147 164.313 164.313 1 1 0
0.0232076 164.104 164.104 1 1 0
0.0232005 163.896 163.896 1 1 0
0.0231934 163.687 163.687 1 1 0
0.0231864 163.477 163.477 1 1 0
0.0231794 163.268 163.268 1 1 0
0.0231724 163.058 163.058 1 1 0
0.0231654 162.849 162.849 1 1 0
0.0231585 162.639 162.639 1 1 0
0.0231516 162.429 162.429 1 1 0
0.0231447 162.218 162.218 1 1 0
0.0231378 162.008 162.008 1 1 0
0.023131 161.797 161.797 1 1 0
0.0231242 161.586 161.586 1 1 0
0.0231174 161.375 161.375 1 1 0
0.0231107 161.164 161.164 1 1 0
0.023104 160.952 160.952 1 1 0
0.0230973 160.741 160.741 1 1 0
0.0230906 160.529 160.529 1 1 0
0.023084 160.317 160.317 1 1 0
0.0230774 160.104 160.104 1 1 0
0.0230708 159.892 159.892 1 1 0
0.0230642 159.679 159.679 1 1 0
0.0230577 159.466 159.466 1 1 0
0.0230512 159.253 159.253 1 1 0
0.0230447 159.04 159.04 1 1 0
0.0230383 158.827 158.827 1 1 0
0.0230319 158.613 158.613 1 1 0
0.0230255 158.399 158.399 1 1 0
0.0230191 158.185 158.185 1 1 0
0.0230128 157.971 157.971 1 1 0
0.0230065 157.757 157.757 1 1 0
0.0230002 157.542 157.542 1 1 0
0.022994 157.328 157.328 1 1 0
0.0229878 157.113 157.113 1 1 0
0.0229816 156.898 156.898 1 1 0
0.0229755 156.682 156.682 1 1 0
0.0229693 156.467 156.467 1 1 0
0.0229632 156.251 156.251 1 1 0
0.0229572 156.035 156.035 1 1 0
0.0229511 155.819 155.819 1 1 0
0.0229451 155.603 155.603 1 1 0
0.0229391 155.387 155.387 1 1 0
0.0229332 155.17 155.17 1 1 0
0.0229273 154.953 154.953 1 1 0
0.0229214 154.736 154.736 1 1 0
0.0229155 154.519 154.519 1 1 0
0.0229097 154.301 154.301 1 1 0
0.0229039 154.084 154.084 1 1 0
0.0228981 153.866 153.866 1 1 0
0.0228924 153.648 153.648 1 1 0
0.0228866 153.43 153.43 1 1 0
0.022881 153.212 153.212 1 1 0
0.0228753 152.993 152.993 1 1 0
0.0228697 152.774 152.774 1 1 0
0.0228641 152.555 152.555 1 1 0
0.0228585 152.336 152.336 1 1 0
0.022853 152.117 152.117 1 1 0
0.0228475 151.897 151.897 1 1 0
0.022842 151.678 151.678 1 1 0
0.0228366 151.458 151.458 1 1 0
0.0228312 151.238 151.238 1 1 0
0.0228258 151.017 151.017 1 1 0
0.0228205 150.797 150.797 1 1 0
0.0228152 150.576 150.576 1 1 0
0.0228099 150.356 150.356 1 1 0
0.0228046 150.135 150.135 1 1 0
0.0227994 149.913 149.913 1 1 0
0.0227942 149.692 149.692 1 1 0
0.0227891 149.47 149.47 1 1 0
0.022784 149.249 149.249 1 1 0
0.0227789 149.027 149.027 1 1 0
0.0227738 148.804 148.804 1 1 0
0.0227688 148.582 148.582 1 1 0
0.0227638 148.36 148.36 1 1 0
0.0227588 148.137 148.137 1 1 0
0.0227539 147.914 147.914 1 1 0
0.022749 147.691 147.691 1 1 0
0.0227442 147.467 147.467 1 1 0
0.0227393 147.244 147.244 1 1 0
0.0227345 147.02 147.02 1 1 0
0.0227298 146.796 146.796 1 1 0
0.0227251 146.572 146.572 1 1 0
0.0227204 146.348 146.348 1 1 0
0.0227157 146.124 146.124 1 1 0
0.0227111 145.899 145.899 1 1 0
0.0227065 145.674 145.674 1 1 0
0.0227019 145.449 145.449 1 1 0
0.0226974 145.224 145.224 1 1 0
0.0226929 144.999 144.999 1 1 0
0.0226884 144.773 144.773 1 1 0
0.022684 144.547 144.547 1 1 0
0.0226796 144.321 144.321 1 1 0
0.0226753 144.095 144.095 1 1 0
0.022671 143.869 143.869 1 1 0
0.0226667 143.642 143.642 1 1 0
0.0226624 143.415 143.415 1 1 0
0.0226582 143.188 143.188 1 1 0
0.022654 142.961 142.961 1 1 0
0.0226499 142.734 142.734 1 1 0
0.0226458 142.507 142.507 1 1 0
0.0226417 142.279 142.279 1 1 0
0.0226377 142.051 142.051 1 1 0
0.0226337 141.823 141.823 1 1 0
0.0226297 141.595 141.595 1 1 0
0.0226258 141.366 141.366 1 1 0
0.0226219 141.138 141.138 1 1 0
0.022618 140.909 140.909 1 1 0
0.0226142 140.68 140.68 1 1 0
0.0226104 140.451 140.451 1 1 0
0.0226067 140.221 140.221 1 1 0
0.022603 139.992 139.992 1 1 0
0.0225993 139.762 139.762 1 1 0
0.0225957 139.532 139.532 1 1 0
0.0225921 139.302 139.302 1 1 0
0.0225885 139.071 139.071 1 1 0
0.022585 138.841 138.841 1 1 0
0.0225815 138.61 138.61 1 1 0
0.0225781 138.379 138.379 1 1 0
0.0225747 138.148 138.148 1 1 0
0.0225713 137.917 137.917 1 1 0
0.022568 137.685 137.685 1 1 0
0.0225647 137.454 137.454 1 1 0
0.0225615 137.222 137.222 1 1 0
0.0225583 136.99 136.99 1 1 0
0.0225551 136.758 136.758 1 1 0
0.022552 136.525 136.525 1 1 0
0.0225489 136.292 136.292 1 1 0
0.0225458 136.06 136.06 1 1 0
0.0225428 135.827 135.827 1 1 0
0.0225398 135.593 135.593 1 1 0
0.0225369 135.36 135.36 1 1 0
0.022534 135.127 135.127 1 1 0
0.0225312 134.893 134.893 1 1 0
0.0225284 134.659 134.659 1 1 0
0.0225256 134.425 134.425 1 1 0
0.0225229 134.19 134.19 1 1 0
0.0225202 133.956 133.956 1 1 0
0.0225175 133.721 133.721 1 1 0
0.0225149 133.486 133.486 1 1 0
0.0225124 133.251 133.251 1 1 0
0.0225099 133.016 133.016 1 1 0
0.0225074 132.78 132.78 1 1 0
0.022505 132.545 132.545 1 1 0
0.0225026 132.309 132.309 1 1 0
0.0225002 132.073 132.073 1 1 0
0.0224979 131.836 131.836 1 1 0
0.0224957 131.6 131.6 1 1 0
0.0224934 131.363 131.363 1 1 0
0.0224913 131.127 131.127 1 1 0
0.0224891 130.89 130.89 1 1 0
0.022487 130.652 130.652 1 1 0
0.022485 130.415 130.415 1 1 0
0.022483 130.177 130.177 1 1 0
0.0224811 129.94 129.94 1 1 0
0.0224792 129.702 129.702 1 1 0
0.0224773 129.464 129.464 1 1 0
0.0224755 129.225 129.225 1 1 0
0.0224737 128.987 128.987 1 1 0
0.022472 128.748 128.748 1 1 0
0.0224703 128.509 128.509 1 1 0
0.0224687 128.27 128.27 1 1 0
0.0224671 128.031 128.031 1 1 0
0.0224655 127.791 127.791 1 1 0
0.0224641 127.552 127.552 1 1 0
0.0224626 127.312 127.312 1 1 0
0.0224612 127.072 127.072 1 1 0
0.0224599 126.832 126.832 1 1 0
0.0224586 126.591 126.591 1 1 0
0.0224573 126.35 126.35 1 1 0
0.0224561 126.11 126.11 1 1 0
0.022455 125.869 125.869 1 1 0
0.0224538 125.627 125.627 1 1 0
0.0224528 125.386 125.386 1 1 0
0.0224518 125.145 125.145 1 1 0
0.0224508 124.903 124.903 1 1 0
0.0224499 124.661 124.661 1 1 0
0.0224491 124.419 124.419 1 1 0
0.0224483 124.176 124.176 1 1 0
0.0224475 123.934 123.934 1 1 0
0.0224468 123.691 123.691 1 1 0
0.0224461 123.448 123.448 1 1 0
0.0224455 123.205 123.205 1 1 0
0.022445 122.962 122.962 1 1 0
0.0224445 122.718 122.718 1 1 0
0.022444 122.475 122.475 1 1 0
0.0224436 122.231 122.231 1 1 0
0.0224433 121.987 121.987 1 1 0
0.022443 121.743 121.743 1 1 0
0.0224428 121.498 121.498 1 1 0
0.0224426 121.254 121.254 1 1 0
0.0224425 121.009 121.009 1 1 0
0.0224424 120.764 120.764 1 1 0
0.0224424 120.567 120.567 1 1 0
0.0224424 120.322 120.322 2 1 0
0.0224425 120.076 120.076 2 1 0
0.0224426 119.831 119.831 2 1 0
0.0224428 119.585 119.585 2 1 0
0.0224431 119.339 119.339 2 1 0
0.0224434 119.092 119.092 2 1 0
0.0224438 118.846 118.846 2 1 0
0.0224442 118.599 118.599 2 1 0
0.0224447 118.352 118.352 2 1 0
0.0224452 118.105 118.105 2 1 0
0.0224458 117.858 117.858 2 1 0
0.0224464 117.611 117.611 2 1 0
0.0224472 117.363 117.363 2 1 0
0.0224479 117.115 117.115 2 1 0
0.0224488 116.867 116.867 2 1 0
0.0224496 116.619 116.619 2 1 0
0.0224506 116.371 116.371 2 1 0
0.0224516 116.122 116.122 2 1 0
0.0224527 115.873 115.873 2 1 0
0.0224538 115.624 115.624 2 1 0
0.022455 115.375 115.375 2 1 0
0.0224563 115.126 115.126 2 1 0
0.0224576 114.876 114.876 2 1 0
0.022459 114.627 114.627 2 1 0
0.0224604 114.377 114.377 2 1 0
0.0224619 114.126 114.126 2 1 0
0.0224635 113.876 113.876 2 1 0
0.0224652 113.626 113.626 2 1 0
0.0224669 113.375 113.375 2 1 0
0.0224686 113.124 113.124 2 1 0
0.0224705 112.873 112.873 2 1 0
0.0224724 112.622 112.622 2 1 0
0.0224743 112.37 112.37 2 1 0
0.0224764 112.119 112.119 2 1 0
0.0224785 111.867 111.867 2 1 0
0.0224806 111.615 111.615 2 1 0
0.0224829 111.363 111.363 2 1 0
0.0224852 111.11 111.11 2 1 0
0.0224876 110.858 110.858 2 1 0
0.02249 110.605 110.605 2 1 0
0.0224925 110.352 110.352 2 1 0
0.0224951 110.099 110.099 2 1 0
0.0224978 109.845 109.845 2 1 0
0.0225005 109.592 109.592 2 1 0
0.0225033 109.338 109.338 2 1 0
0.0225062 109.084 109.084 2 1 0
0.0225091 108.83 108.83 2 1 0
0.0225121 108.576 108.576 2 1 0
0.0225152 108.321 108.321 2 1 0
0.0225184 108.067 108.067 2 1 0
0.0225216 107.812 107.812 2 1 0
0.022525 107.557 107.557 2 1 0
0.0225284 107.301 107.301 2 1 0
0.0225318 107.046 107.046 2 1 0
0.0225354 106.79 106.79 2 1 0
0.022539 106.534 106.534 2 1 0
0.0225427 106.278 106.278 2 1 0
0.0225465 106.022 106.022 2 1 0
0.0225503 105.766 105.766 2 1 0
0.0225543 105.509 105.509 2 1 0
0.0225583 105.252 105.252 2 1 0
0.0225624 104.995 104.995 2 1 0
0.0225666 104.738 104.738 2 1 0
0.0225708 104.481 104.481 2 1 0
0.0225752 104.223 104.223 2 1 0
0.0225796 103.966 103.966 2 1 0
0.0225841 103.708 103.708 2 1 0
0.0225887 103.45 103.45 2 1 0
0.0225934 103.191 103.191 2 1 0
0.0225982 102.933 102.933 2 1 0
0.022603 102.674 102.674 2 1 0
0.022608 102.415 102.415 2 1 0
0.022613 102.156 102.156 2 1 0
0.0226181 101.897 101.897 2 1 0
0.0226233 101.637 101.637 2 1 0
0.0226286 101.378 101.378 2 1 0
0.022634 101.118 101.118 2 1 0
0.0226395 100.858 100.858 2 1 0
0.022645 100.598 100.598 2 1 0
0.0226507 100.337 100.337 2 1 0
0.0226564 100.077 100.077 2 1 0
0.0226623 99.8159 99.8159 2 1 0
0.0226682 99.555 99.555 2 1 0
0.0226742 99.2938 99.2938 2 1 0
0.0226804 99.0324 99.0324 2 1 0
0.0226866 98.7709 98.7709 2 1 0
0.0226929 98.5091 98.5091 2 1 0
0.0226993 98.2472 98.2472 2 1 0
0.0227058 97.9851 97.9851 2 1 0
0.0227124 97.7228 97.7228 2 1 0
0.0227192 97.4603 97.4603 2 1 0
0.022726 97.1976 97.1976 2 1 0
0.0227329 96.9347 96.9347 2 1 0
0.0227399 96.6716 96.6716 2 1 0
0.022747 96.4084 96.4084 2 1 0
0.0227543 96.1449 96.1449 2 1 0
0.0227616 95.8813 95.8813 2 1 0
0.022769 95.6175 95.6175 2 1 0
0.0227766 95.3534 95.3534 2 1 0
0.0227842 95.0892 95.0892 2 1 0
0.022792 94.8248 94.8248 2 1 0
0.0227999 94.5603 94.5603 2 1 0
0.0228078 94.2955 94.2955 2 1 0
0.0228159 94.0305 94.0305 2 1 0
0.0228241 93.7653 93.7653 2 1 0
0.0228325 93.5 93.5 2 1 0
0.0228409 93.2345 93.2345 2 1 0
0.0228494 92.9687 92.9687 2 1 0
0.0228581 92.7028 92.7028 2 1 0
0.0228669 92.4367 92.4367 2 1 0
0.0228758 92.1704 92.1704 2 1 0
0.0228848 91.9039 91.9039 2 1 0
0.0228939 91.6373 91.6373 2 1 0
0.0229032 91.3704 91.3704 2 1 0
0.0229125 91.1034 91.1034 2 1 0
0.022922 90.8361 90.8361 2 1 0
0.0229317 90.5687 90.5687 2 1 0
0.0229414 90.3011 90.3011 2 1 0
0.0229513 90.0333 90.0333 2 1 0
0.0229613 89.7653 89.7653 2 1 0
0.0229714 89.4971 89.4971 2 1 0
0.0229817 89.2287 89.2287 2 1 0
0.022992 88.9601 88.9601 2 1 0
0.0230026 88.6914 88.6914 2 1 0
0.0230132 88.4224 88.4224 2 1 0
0.023024 88.1533 88.1533 2 1 0
0.0230349 87.884 87.884 2 1 0
0.023046 87.6145 87.6145 2 1 0
0.0230572 87.3448 87.3448 2 1 0
0.0230685 87.0749 87.0749 2 1 0
0.02308 86.8048 86.8048 2 1 0
0.0230916 86.5346 86.5346 2 1 0
0.0231034 86.2641 86.2641 2 1 0
0.0231153 85.9935 85.9935 2 1 0
0.0231273 85.7227 85.7227 2 1 0
0.0231395 85.4517 85.4517 2 1 0
0.0231518 85.1805 85.1805 2 1 0
0.0231643 84.9091 84.9091 2 1 0
0.023177 84.6375 84.6375 2 1 0
0.0231898 84.3657 84.3657 2 1 0
0.0232027 84.0938 84.0938 2 1 0
0.0232158 83.8217 83.8217 2 1 0
0.0232291 83.5493 83.5493 2 1 0
0.0232425 83.2768 83.2768 2 1 0
0.0232561 83.0041 83.0041 2 1 0
0.0232698 82.7312 82.7312 2 1 0
0.0232837 82.4582 82.4582 2 1 0
0.0232978 82.1849 82.1849 2 1 0
0.023312 81.9115 81.9115 2 1 0
0.0233264 81.6378 81.6378 2 1 0
0.023341 81.364 81.364 2 1 0
0.0233557 81.09 81.09 2 1 0
0.0233707 80.8158 80.8158 2 1 0
0.0233857 80.5414 80.5414 2 1 0
0.023401 80.2669 80.2669 2 1 0
0.0234165 79.9921 79.9921 2 1 0
0.0234321 79.7172 79.7172 2 1 0
0.0234479 79.4421 79.4421 2 1 0
0.0234639 79.1667 79.1667 2 1 0
0.02348 78.8913 78.8913 2 1 0
0.0234964 78.6156 78.6156 2 1 0
0.0235129 78.3397 78.3397 2 1 0
0.0235297 78.0637 78.0637 2 1 0
0.0235466 77.7874 77.7874 2 1 0
0.0235637 77.511 77.511 2 1 0
0.0235811 77.2344 77.2344 2 1 0
0.0235986 76.9576 76.9576 2 1 0
0.0236163 76.6807 76.6807 2 1 0
0.0236342 76.4035 76.4035 2 1 0
0.0236524 76.1262 76.1262 2 1 0
0.0236707 75.8486 75.8486 2 1 0
0.0236892 75.5709 75.5709 2 1 0
0.023708 75.293 75.293 2 1 0
0.023727 75.015 75.015 2 1 0
0.0237462 74.7367 74.7367 2 1 0
0.0237656 74.4582 74.4582 2 1 0
0.0237852 74.1796 74.1796 2 1 0
0.0238051 73.9008 73.9008 2 1 0
0.0238251 73.6218 73.6218 2 1 0
0.0238455 73.3426 73.3426 2 1 0
0.023866 73.0633 73.0633 2 1 0
0.0238868 72.7837 72.7837 2 1 0
0.0239078 72.504 72.504 2 1 0
0.023929 72.2241 72.2241 2 1 0
0.0239505 71.944 71.944 2 1 0
0.0239723 71.6638 71.6638 2 1 0
0.0239943 71.3833 71.3833 2 1 0
0.0240165 71.1027 71.1027 2 1 0
0.024039 70.8219 70.8219 2 1 0
0.0240617 70.5409 70.5409 2 1 0
0.0240847 70.2597 70.2597 2 1 0
0.024108 69.9784 69.9784 2 1 0
0.0241315 69.6968 69.6968 2 1 0
0.0241553 69.4151 69.4151 2 1 0
0.0241794 69.1332 69.1332 2 1 0
0.0242037 68.8512 68.8512 2 1 0
0.0242284 68.5689 68.5689 2 1 0
0.0242533 68.2865 68.2865 2 1 0
0.0242785 68.0039 68.0039 2 1 0
0.0243039 67.7211 67.7211 2 1 0
0.0243297 67.4381 67.4381 2 1 0
0.0243558 67.155 67.155 2 1 0
0.0243821 66.8717 66.8717 2 1 0
0.0244088 66.5882 66.5882 2 1 0
0.0244358 66.3045 66.3045 2 1 0
0.024463 66.0206 66.0206 2 1 0
0.0244906 65.7366 65.7366 2 1 0
0.0245185 65.4524 65.4524 2 1 0
0.0245468 65.168 65.168 2 1 0
0.0245753 64.8835 64.8835 2 1 0
0.0246042 64.5987 64.5987 2 1 0
0.0246334 64.3138 64.3138 2 1 0
0.024663 64.0287 64.0287 2 1 0
0.0246929 63.7435 63.7435 2 1 0
0.0247232 63.458 63.458 2 1 0
0.0247538 63.1724 63.1724 2 1 0
0.0247847 62.8866 62.8866 2 1 0
0.024816 62.6007 62.6007 2 1 0
0.0248477 62.3146 62.3146 2 1 0
0.0248798 62.0283 62.0283 2 1 0
0.0249122 61.7418 61.7418 2 1 0
0.024945 61.4551 61.4551 2 1 0
0.0249782 61.1683 61.1683 2 1 0
0.0250118 60.8813 60.8813 2 1 0
0.0250458 60.5942 60.5942 2 1 0
0.0250802 60.3068 60.3068 2 1 0
0.025115 60.0193 60.0193 2 1 0
0.0251502 59.7317 59.7317 2 1 0
0.0251858 59.4438 59.4438 2 1 0
0.0252218 59.1558 59.1558 2 1 0
0.0252583 58.8676 58.8676 2 1 0
0.0252952 58.5793 58.5793 2 1 0
0.0253326 58.2908 58.2908 2 1 0
0.0253704 58.0021 58.0021 2 1 0
0.0254086 57.7132 57.7132 2 1 0
0.0254473 57.4242 57.4242 2 1 0
0.0254865 57.135 57.135 2 1 0
0.0255262 56.8457 56.8457 2 1 0
0.0255663 56.5562 56.5562 2 1 0
0.025607 56.2665 56.2665 2 1 0
0.0256481 55.9766 55.9766 2 1 0
0.0256897 55.6866 55.6866 2 1 0
0.0257318 55.3965 55.3965 2 1 0
0.0257745 55.1061 55.1061 2 1 0
0.0258177 54.8156 54.8156 2 1 0
0.0258614 54.525 54.525 2 1 0
0.0259057 54.2342 54.2342 2 1 0
0.0259505 53.9432 53.9432 2 1 0
0.0259958 53.652 53.652 2 1 0
0.0260418 53.3607 53.3607 2 1 0
0.0260883 53.0693 53.0693 2 1 0
0.0261354 52.7777 52.7777 2 1 0
0.0261831 52.4859 52.4859 2 1 0
0.0262314 52.194 52.194 2 1 0
0.0262803 51.9019 51.9019 2 1 0
0.0263298 51.6096 51.6096 2 1 0
0.02638 51.3172 51.3172 2 1 0
0.0264308 51.0247 51.0247 2 1 0
0.0264823 50.732 50.732 2 1 0
0.0265344 50.4391 50.4391 2 1 0
0.0265872 50.1461 50.1461 2 1 0
0.0266407 49.8529 49.8529 2 1 0
0.0266948 49.5596 49.5596 2 1 0
0.0267497 49.2662 49.2662 2 1 0
0.0268054 48.9725 48.9725 2 1 0
0.0268617 48.6788 48.6788 2 1 0
0.0269188 48.3849 48.3849 2 1 0
0.0269767 48.0908 48.0908 2 1 0
0.0270353 47.7966 47.7966 2 1 0
0.0270947 47.5023 47.5023 2 1 0
0.0271549 47.2078 47.2078 2 1 0
0.0272159 46.9131 46.9131 2 1 0
0.0272778 46.6183 46.6183 2 1 0
0.0273405 46.3234 46.3234 2 1 0
0.027404 46.0284 46.0284 2 1 0
0.0274684 45.7332 45.7332 2 1 0
0.0275337 45.4378 45.4378 2 1 0
0.0276 45.1423 45.1423 2 1 0
0.0276671 44.8467 44.8467 2 1 0
0.0277352 44.551 44.551 2 1 0
0.0278042 44.2551 44.2551 2 1 0
0.0278742 43.9591 43.9591 2 1 0
0.0279452 43.6629 43.6629 2 1 0
0.0280172 43.3666 43.3666 2 1 0
0.0280902 43.0702 43.0702 2 1 0
0.0281643 42.7737 42.7737 2 1 0
0.0282394 42.477 42.477 2 1 0
0.0283156 42.1802 42.1802 2 1 0
0.028393 41.8833 41.8833 2 1 0
0.0284715 41.5862 41.5862 2 1 0
0.0285511 41.289 41.289 2 1 0
0.0286319 40.9917 40.9917 2 1 0
0.0287139 40.6943 40.6943 2 1 0
0.0287971 40.3968 40.3968 2 1 0
0.0288816 40.0991 40.0991 2 1 0
0.0289674 39.8014 39.8014 2 1 0
0.0290545 39.5035 39.5035 2 1 0
0.0291429 39.2055 39.2055 2 1 0
0.0292326 38.9074 38.9074 2 1 0
0.0293238 38.6092 38.6092 2 1 0
0.0294163 38.3109 38.3109 2 1 0
0.0295103 38.0125 38.0125 2 1 0
0.0296058 37.7139 37.7139 2 1 0
0.0297028 37.4153 37.4153 2 1 0
0.0298013 37.1166 37.1166 2 1 0
0.0299014 36.8177 36.8177 2 1 0
0.0300031 36.5188 36.5188 2 1 0
0.0301065 36.2198 36.2198 2 1 0
0.0302116 35.9207 35.9207 2 1 0
0.0303183 35.6215 35.6215 2 1 0
0.0304269 35.3222 35.3222 2 1 0
0.0305372 35.0228 35.0228 2 1 0
0.0306494 34.7234 34.7234 2 1 0
0.0307635 34.4238 34.4238 2 1 0
0.0308795 34.1242 34.1242 2 1 0
0.0309975 33.8245 33.8245 2 1 0
0.0311175 33.5247 33.5247 2 1 0
0.0312396 33.2249 33.2249 2 1 0
0.0313638 32.925 32.925 2 1 0
0.0314902 32.625 32.625 2 1 0
0.0316188 32.325 32.325 2 1 0
0.0317497 32.0249 32.0249 2 1 0
0.031883 31.7247 31.7247 2 1 0
0.0320187 31.4245 31.4245 2 1 0
0.0321568 31.1243 31.1243 2 1 0
0.0322975 30.824 30.824 2 1 0
0.0324408 30.5236 30.5236 2 1 0
0.0325867 30.2232 30.2232 2 1 0
0.0327354 29.9228 29.9228 2 1 0
0.0328869 29.6223 29.6223 2 1 0
0.0330413 29.3218 29.3218 2 1 0
0.0331986 29.0213 29.0213 2 1 0
0.033359 28.7208 28.7208 2 1 0
0.0335225 28.4202 28.4202 2 1 0
0.0336893 28.1197 28.1197 2 1 0
0.0338594 27.8191 27.8191 2 1 0
0.0340329 27.5185 27.5185 2 1 0
0.0342099 27.218 27.218 2 1 0
0.0343905 26.9174 26.9174 2 1 0
0.0345748 26.6168 26.6168 2 1 0
0.0347629 26.3163 26.3163 2 1 0
0.034955 26.0158 26.0158 2 1 0
0.0351512 25.7153 25.7153 2 1 0
0.0353516 25.4148 25.4148 2 1 0
0.0355562 25.1144 25.1144 2 1 0
0.0357654 24.814 24.814 2 1 0
0.0359791 24.5137 24.5137 2 1 0
0.0361976 24.2134 24.2134 2 1 0
0.036421 23.9132 23.9132 2 1 0
0.0366494 23.6131 23.6131 2 1 0
0.0368831 23.313 23.313 2 1 0
0.0371221 23.0131 23.0131 2 1 0
0.0373668 22.7132 22.7132 2 1 0
0.0376172 22.4134 22.4134 2 1 0
0.0378736 22.1138 22.1138 2 1 0
0.0381362 21.8143 21.8143 2 1 0
0.0384052 21.5149 21.5149 2 1 0
0.0386809 21.2156 21.2156 2 1 0
0.0389634 20.9165 20.9165 2 1 0
0.0392531 20.6176 20.6176 2 1 0
0.0395501 20.3188 20.3188 2 1 0
0.0398549 20.0202 20.0202 2 1 0
0.0401676 19.7218 19.7218 2 1 0
0.0404885 19.4236 19.4236 2 1 0
0.0408181 19.1256 19.1256 2 1 0
0.0411566 18.8279 18.8279 2 1 0
0.0415045 18.5304 18.5304 2 1 0
0.0418619 18.2332 18.2332 2 1 0
0.0422295 17.9362 17.9362 2 1 0
0.0426076 17.6396 17.6396 2 1 0
0.0429966 17.3432 17.3432 2 1 0
0.043397 17.0472 17.0472 2 1 0
0.0438093 16.7515 16.7515 2 1 0
0.044234 16.4562 16.4562 2 1 0
0.0446717 16.1613 16.1613 2 1 0
0.045123 15.8667 15.8667 2 1 0
0.0455885 15.5726 15.5726 2 1 0
0.0460689 15.279 15.279 2 1 0
0.0465648 14.9858 14.9858 2 1 0
0.047077 14.6931 14.6931 2 1 0
0.0476063 14.401 14.401 2 1 0
0.0481535 14.1093 14.1093 2 1 0
0.0487196 13.8183 13.8183 2 1 0
0.0493056 13.5279 13.5279 2 1 0
0.0499123 13.2381 13.2381 2 1 0
0.050541 12.9491 12.9491 2 1 0
0.0511928 12.6607 12.6607 2 1 0
0.051869 12.3731 12.3731 2 1 0
0.0525709 12.0862 12.0862 2 1 0
0.0532999 11.8002 11.8002 2 1 0
0.0540577 11.5151 11.5151 2 1 0
0.0548459 11.2309 11.2309 2 1 0
0.0556662 10.9477 10.9477 2 1 0
0.0565207 10.6655 10.6655 2 1 0
0.0574113 10.3844 10.3844 2 1 0
0.0583405 10.1044 10.1044 2 1 0
0.0593105 9.82569 9.82569 2 1 0
0.0603241 9.5482 9.5482 2 1 0
0.0613842 9.27205 9.27205 2 1 0
0.0624937 8.99731 8.99731 2 1 0
0.0636562 8.72406 8.72406 2 1 0
0.0648753 8.45238 8.45238 2 1 0
0.066155 8.18237 8.18237 2 1 0
0.0674997 7.91411 7.91411 2 1 0
0.0689142 7.6477 7.6477 2 1 0
0.0704038 7.38324 7.38324 2 1 0
0.0719742 7.12086 7.12086 2 1 0
0.0736316 6.86065 6.86065 2 1 0
0.0753832 6.60276 6.60276 2 1 0
0.0772365 6.3473 6.3473 2 1 0
0.0791997 6.09444 6.09444 2 1 0
0.0812825 5.84431 5.84431 2 1 0
0.0834951 5.59705 5.59705 2 1 0
0.085849 5.35283 5.35283 2 1 0
0.088357 5.11183 5.11183 2 1 0
0.0910332 4.87422 4.87422 2 1 0
0.0938936 4.64018 4.64018 2 1 0
0.0969557 4.40992 4.40992 2 1 0
0.100239 4.18364 4.18364 2 1 0
0.103767 3.96154 3.96154 2 1 0
0.107563 3.74386 3.74386 2 1 0
0.111657 3.5308 3.5308 2 1 0
0.116079 3.32261 3.32261 2 1 0
0.120867 3.11951 3.11951 2 1 0
0.12606 2.92174 2.92174 2 1 0
0.131706 2.72953 2.72953 2 1 0
0.137859 2.54312 2.54312 2 1 0
0.144578 2.36273 2.36273 2 1 0
0.151935 2.18858 2.18858 2 1 0
0.151935 2.18858 2.18858 2 1 0
0.152553 2.17493 2.17493 2 1 0
0.153176 2.16132 2.16132 2 1 0
0.154437 2.13421 2.13421 2 1 0
0.157015 2.08051 2.08051 2 1 0
0.162412 1.97512 1.97512 2 1 0
0.171164 1.82221 1.82221 2 1 0
0.181212 1.66965 1.66965 2 1 0
0.192344 1.52412 1.52412 2 1 0
0.204715 1.38573 1.38573 2 1 0
0.21851 1.2546 1.2546 2 1 0
0.233946 1.13078 1.13078 2 1 0
0.251287 1.01433 1.01433 2 1 0
0.270848 0.905245 0.905245 2 1 0
0.293011 0.803504 0.803504 2 1 0
0.318243 0.709044 0.709044 2 1 0
0.347119 0.62177 0.62177 2 1 0
0.380352 0.541552 0.541552 2 1 0
0.418837 0.468232 0.468232 2 1 0
0.463701 0.401621 0.401621 2 1 0
0.516383 0.341504 0.341504 2 1 0
0.578727 0.287644 0.287644 2 1 0
0.653119 0.239785 0.239785 2 1 0
0.74265 0.197656 0.197656 2 1 0
0.851311 0.160975 0.160975 2 1 0
0.984173 0.129454 0.129454 2 1 0
1.14743 0.102799 0.102799 2 1 0
