0.03 40 40 2 1 0
0.0300014 40 40 1 1 0
0.0300029 40 40 1 1 0
0.0300058 40 40 1 1 0
0.0300115 40 40 1 1 0
0.0300231 40 40 1 1 0
0.0300412 40 40 1 1 0
0.0300593 40 40 1 1 0
0.0300774 40 40 1 1 0
0.0300955 40 40 1 1 0
0.0301137 40 40 1 1 0
0.0301319 40 40 1 1 0
0.0301501 40 40 1 1 0
0.0301683 40 40 1 1 0
0.0301866 40 40 1 1 0
0.0302048 40 40 1 1 0
0.0302231 40 40 1 1 0
0.0302414 40 40 1 1 0
0.0302598 40 40 1 1 0
0.0302781 40 40 1 1 0
0.0302965 40 40 1 1 0
0.0303149 40 40 1 1 0
0.0303334 40 40 1 1 0
0.0303518 40 40 1 1 0
0.0303703 40 40 1 1 0
0.0303888 40 40 1 1 0
0.0304073 40 40 1 1 0
0.0304259 40 40 1 1 0
0.0304445 40 40 1 1 0
0.030463 40 40 1 1 0
0.0304817 40 40 1 1 0
0.0305003 40 40 1 1 0
0.030519 40 40 1 1 0
0.0305377 40 40 1 1 0
0.0305564 40 40 1 1 0
0.0305751 40 40 1 1 0
0.0305939 40 40 1 1 0
0.0306126 40 40 1 1 0
0.0306314 40 40 1 1 0
0.0306503 40 40 1 1 0
0.0306691 40 40 1 1 0
0.030688 40 40 1 1 0
0.0307069 40 40 1 1 0
0.0307258 40 40 1 1 0
0.0307448 40 40 1 1 0
0.0307637 40 40 1 1 0
0.0307827 40 40 1 1 0
0.0308017 40 40 1 1 0
0.0308208 40 40 1 1 0
0.0308399 40 40 1 1 0
0.0308589 40 40 1 1 0
0.0308781 40 40 1 1 0
0.0308972 40 40 1 1 0
0.0309164 40 40 1 1 0
0.0309356 40 40 1 1 0
0.0309548 40 40 1 1 0
0.030974 40 40 1 1 0
0.0309933 40 40 1 1 0
0.0310126 40 40 1 1 0
0.0310319 40 40 1 1 0
0.0310512 40 40 1 1 0
0.0310706 40 40 1 1 0
0.0310899 40 40 1 1 0
0.0311094 40 40 1 1 0
0.0311288 40 40 1 1 0
0.0311483 40 40 1 1 0
0.0311677 40 40 1 1 0
0.0311872 40 40 1 1 0
0.0312068 40 40 1 1 0
0.0312263 40 40 1 1 0
0.0312459 40 40 1 1 0
0.0312655 40 40 1 1 0
0.0312852 40 40 1 1 0
0.0313048 40 40 1 1 0
0.0313245 40 40 1 1 0
0.0313442 40 40 1 1 0
0.031364 40 40 1 1 0
0.0313838 40 40 1 1 0
0.0314035 40 40 1 1 0
0.0314234 40 40 1 1 0
0.0314432 40 40 1 1 0
0.0314631 40 40 1 1 0
0.031483 40 40 1 1 0
0.0315029 40 40 1 1 0
0.0315228 40 40 1 1 0
0.0315428 40 40 1 1 0
0.0315628 40 40 1 1 0
0.0315828 40 40 1 1 0
0.0316029 40 40 1 1 0
0.031623 40 40 1 1 0
0.0316431 40 40 1 1 0
0.0316632 40 40 1 1 0
0.0316834 40 40 1 1 0
0.0317035 40 40 1 1 0
0.0317238 40 40 1 1 0
0.031744 40 40 1 1 0
0.0317643 40 40 1 1 0
0.0317845 40 40 1 1 0
0.0318049 40 40 1 1 0
0.0318252 40 40 1 1 0
0.0318456 40 40 1 1 0
0.031866 40 40 1 1 0
0.0318864 40 40 1 1 0
0.0319069 40 40 1 1 0
0.0319274 40 40 1 1 0
0.0319479 40 40 1 1 0
0.0319684 40 40 1 1 0
0.031989 40 40 1 1 0
0.0320096 40 40 1 1 0
0.0320302 40 40 1 1 0
0.0320508 40 40 1 1 0
0.0320715 40 40 1 1 0
0.0320922 40 40 1 1 0
0.032113 40 40 1 1 0
0.0321337 40 40 1 1 0
0.0321545 40 40 1 1 0
0.0321753 40 40 1 1 0
0.0321962 40 40 1 1 0
0.032217 40 40 1 1 0
0.032238 40 40 1 1 0
0.0322589 40 40 1 1 0
0.0322798 40 40 1 1 0
0.0323008 40 40 1 1 0
0.0323219 40 40 1 1 0
0.0323429 40 40 1 1 0
0.032364 40 40 1 1 0
0.0323851 40 40 1 1 0
0.0324062 40 40 1 1 0
0.0324274 40 40 1 1 0
0.0324486 40 40 1 1 0
0.0324698 40 40 1 1 0
0.0324911 40 40 1 1 0
0.0325123 40 40 1 1 0
0.0325337 40 40 1 1 0
0.032555 40 40 1 1 0
0.0325764 40 40 1 1 0
0.0325978 40 40 1 1 0
0.0326192 40 40 1 1 0
0.0326407 40 40 1 1 0
0.0326621 40 40 1 1 0
0.0326837 40 40 1 1 0
0.0327052 40 40 1 1 0
0.0327268 40 40 1 1 0
0.0327484 40 40 1 1 0
0.0327701 40 40 1 1 0
0.0327917 40 40 1 1 0
0.0328134 40 40 1 1 0
0.0328352 40 40 1 1 0
0.0328569 40 40 1 1 0
0.0328787 40 40 1 1 0
0.0329006 40 40 1 1 0
0.0329224 40 40 1 1 0
0.0329443 40 40 1 1 0
0.0329662 40 40 1 1 0
0.0329882 40 40 1 1 0
0.0330102 40 40 1 1 0
0.0330322 40 40 1 1 0
0.0330542 40 40 1 1 0
0.0330763 40 40 1 1 0
0.0330984 40 40 1 1 0
0.0331206 40 40 1 1 0
0.0331428 40 40 1 1 0
0.033165 40 40 1 1 0
0.0331872 40 40 1 1 0
0.0332095 40 40 1 1 0
0.0332318 40 40 1 1 0
0.0332541 40 40 1 1 0
0.0332765 40 40 1 1 0
0.0332989 40 40 1 1 0
0.0333213 40 40 1 1 0
0.0333438 40 40 1 1 0
0.0333663 40 40 1 1 0
0.0333888 40 40 1 1 0
0.0334114 40 40 1 1 0
0.033434 40 40 1 1 0
0.0334566 40 40 1 1 0
0.0334793 40 40 1 1 0
0.033502 40 40 1 1 0
0.0335248 40 40 1 1 0
0.0335475 40 40 1 1 0
0.0335703 40 40 1 1 0
0.0335932 40 40 1 1 0
0.033616 40 40 1 1 0
0.0336389 40 40 1 1 0
0.0336619 40 40 1 1 0
0.0336849 40 40 1 1 0
0.0337079 40 40 1 1 0
0.0337309 40 40 1 1 0
0.033754 40 40 1 1 0
0.0337771 40 40 1 1 0
0.0338002 40 40 1 1 0
0.0338234 40 40 1 1 0
0.0338466 40 40 1 1 0
0.0338699 40 40 1 1 0
0.0338932 40 40 1 1 0
0.0339165 40 40 1 1 0
0.0339399 40 40 1 1 0
0.0339633 40 40 1 1 0
0.0339867 40 40 1 1 0
0.0340102 40 40 1 1 0
0.0340337 40 40 1 1 0
0.0340572 40 40 1 1 0
0.0340808 40 40 1 1 0
0.0341044 40 40 1 1 0
0.034128 40 40 1 1 0
0.0341517 40 40 1 1 0
0.0341755 40 40 1 1 0
0.0341992 40 40 1 1 0
0.034223 40 40 1 1 0
0.0342468 40 40 1 1 0
0.0342707 40 40 1 1 0
0.0342946 40 40 1 1 0
0.0343186 40 40 1 1 0
0.0343425 40 40 1 1 0
0.0343666 40 40 1 1 0
0.0343906 40 40 1 1 0
0.0344147 40 40 1 1 0
0.0344389 40 40 1 1 0
0.034463 40 40 1 1 0
0.0344872 40 40 1 1 0
0.0345115 40 40 1 1 0
0.0345358 40 40 1 1 0
0.0345601 40 40 1 1 0
0.0345845 40 40 1 1 0
0.0346089 40 40 1 1 0
0.0346333 40 40 1 1 0
0.0346578 40 40 1 1 0
0.0346823 40 40 1 1 0
0.0347069 40 40 1 1 0
0.0347315 40 40 1 1 0
0.0347561 40 40 1 1 0
0.0347808 40 40 1 1 0
0.0348055 40 40 1 1 0
0.0348302 40 40 1 1 0
0.034855 40 40 1 1 0
0.0348799 40 40 1 1 0
0.0349048 40 40 1 1 0
0.0349297 40 40 1 1 0
0.0349546 40 40 1 1 0
0.0349796 40 40 1 1 0
0.0350047 40 40 1 1 0
0.0350298 40 40 1 1 0
0.0350549 40 40 1 1 0
0.0350801 40 40 1 1 0
0.0351053 40 40 1 1 0
0.0351305 40 40 1 1 0
0.0351558 40 40 1 1 0
0.0351811 40 40 1 1 0
0.0352065 40 40 1 1 0
0.0352319 40 40 1 1 0
0.0352574 40 40 1 1 0
0.0352829 40 40 1 1 0
0.0353084 40 40 1 1 0
0.035334 40 40 1 1 0
0.0353596 40 40 1 1 0
0.0353853 40 40 1 1 0
0.035411 40 40 1 1 0
0.0354368 40 40 1 1 0
0.0354626 40 40 1 1 0
0.0354884 40 40 1 1 0
0.0355143 40 40 1 1 0
0.0355402 40 40 1 1 0
0.0355662 40 40 1 1 0
0.0355922 40 40 1 1 0
0.0356183 40 40 1 1 0
0.0356444 40 40 1 1 0
0.0356706 40 40 1 1 0
0.0356968 40 40 1 1 0
0.035723 40 40 1 1 0
0.0357493 40 40 1 1 0
0.0357756 40 40 1 1 0
0.035802 40 40 1 1 0
0.0358284 40 40 1 1 0
0.0358549 40 40 1 1 0
0.0358814 40 40 1 1 0
0.035908 40 40 1 1 0
0.0359346 40 40 1 1 0
0.0359612 40 40 1 1 0
0.0359879 40 40 1 1 0
0.0360147 40 40 1 1 0
0.0360415 40 40 1 1 0
0.0360683 40 40 1 1 0
0.0360952 40 40 1 1 0
0.0361221 40 40 1 1 0
0.0361491 40 40 1 1 0
0.0361762 40 40 1 1 0
0.0362032 40 40 1 1 0
0.0362304 40 40 1 1 0
0.0362575 40 40 1 1 0
0.0362848 40 40 1 1 0
0.036312 40 40 1 1 0
0.0363393 40 40 1 1 0
0.0363667 40 40 1 1 0
0.0363941 40 40 1 1 0
0.0364216 40 40 1 1 0
0.0364491 40 40 1 1 0
0.0364767 40 40 1 1 0
0.0365043 40 40 1 1 0
0.036532 40 40 1 1 0
0.0365597 40 40 1 1 0
0.0365874 40 40 1 1 0
0.0366152 40 40 1 1 0
0.0366431 40 40 1 1 0
0.036671 40 40 1 1 0
0.036699 40 40 1 1 0
0.036727 40 40 1 1 0
0.0367551 40 40 1 1 0
0.0367832 40 40 1 1 0
0.0368114 40 40 1 1 0
0.0368396 40 40 1 1 0
0.0368679 40 40 1 1 0
0.0368962 40 40 1 1 0
0.0369246 40 40 1 1 0
0.036953 40 40 1 1 0
0.0369815 40 40 1 1 0
0.03701 40 40 1 1 0
0.0370386 40 40 1 1 0
0.0370673 40 40 1 1 0
0.037096 40 40 1 1 0
0.0371247 40 40 1 1 0
0.0371535 40 40 1 1 0
0.0371824 40 40 1 1 0
0.0372113 40 40 1 1 0
0.0372403 40 40 1 1 0
0.0372693 40 40 1 1 0
0.0372984 40 40 1 1 0
0.0373275 40 40 1 1 0
0.0373567 40 40 1 1 0
0.0373859 40 40 1 1 0
0.0374152 40 40 1 1 0
0.0374446 40 40 1 1 0
0.037474 40 40 1 1 0
0.0375035 40 40 1 1 0
0.037533 40 40 1 1 0
0.0375626 40 40 1 1 0
0.0375922 40 40 1 1 0
0.0376219 40 40 1 1 0
0.0376517 40 40 1 1 0
0.0376815 40 40 1 1 0
0.0377113 40 40 1 1 0
0.0377413 40 40 1 1 0
0.0377713 40 40 1 1 0
0.0378013 40 40 1 1 0
0.0378314 40 40 1 1 0
0.0378616 40 40 1 1 0
0.0378918 40 40 1 1 0
0.037922 40 40 1 1 0
0.0379524 40 40 1 1 0
0.0379828 40 40 1 1 0
0.0380132 40 40 1 1 0
0.0380437 40 40 1 1 0
0.0380743 40 40 1 1 0
0.038105 40 40 1 1 0
0.0381357 40 40 1 1 0
0.0381664 40 40 1 1 0
0.0381972 40 40 1 1 0
0.0382281 40 40 1 1 0
0.0382591 40 40 1 1 0
0.0382901 40 40 1 1 0
0.0383211 40 40 1 1 0
0.0383523 40 40 1 1 0
0.0383835 40 40 1 1 0
0.0384147 40 40 1 1 0
0.038446 40 40 1 1 0
0.0384774 40 40 1 1 0
0.0385089 40 40 1 1 0
0.0385404 40 40 1 1 0
0.0385719 40 40 1 1 0
0.0386036 40 40 1 1 0
0.0386353 40 40 1 1 0
0.038667 40 40 1 1 0
0.0386989 40 40 1 1 0
0.0387308 40 40 1 1 0
0.0387627 40 40 1 1 0
0.0387947 40 40 1 1 0
0.0388268 40 40 1 1 0
0.038859 40 40 1 1 0
0.0388912 40 40 1 1 0
0.0389235 40 40 1 1 0
0.0389559 40 40 1 1 0
0.0389883 40 40 1 1 0
0.0390208 40 40 1 1 0
0.0390534 40 40 1 1 0
0.039086 40 40 1 1 0
0.0391187 40 40 1 1 0
0.0391515 40 40 1 1 0
0.0391843 40 40 1 1 0
0.0392172 40 40 1 1 0
0.0392502 40 40 1 1 0
0.0392832 40 40 1 1 0
0.0393163 40 40 1 1 0
0.0393495 40 40 1 1 0
0.0393828 40 40 1 1 0
0.0394161 40 40 1 1 0
0.0394495 40 40 1 1 0
0.039483 40 40 1 1 0
0.0395165 40 40 1 1 0
0.0395501 40 40 1 1 0
0.0395838 40 40 1 1 0
0.0396175 40 40 1 1 0
0.0396514 40 40 1 1 0
0.0396853 40 40 1 1 0
0.0397192 40 40 1 1 0
0.0397533 40 40 1 1 0
0.0397874 40 40 1 1 0
0.0398216 40 40 1 1 0
0.0398559 40 40 1 1 0
0.0398902 40 40 1 1 0
0.0399246 40 40 1 1 0
0.0399591 40 40 1 1 0
0.0399937 40 40 1 1 0
0.0400283 40 40 1 1 0
0.040063 40 40 1 1 0
0.0400978 40 40 1 1 0
0.0401327 40 40 1 1 0
0.0401677 40 40 1 1 0
0.0402027 40 40 1 1 0
0.0402378 40 40 1 1 0
0.040273 40 40 1 1 0
0.0403082 40 40 1 1 0
0.0403436 40 40 1 1 0
0.040379 40 40 1 1 0
0.0404145 40 40 1 1 0
0.0404501 40 40 1 1 0
0.0404857 40 40 1 1 0
0.0405214 40 40 1 1 0
0.0405573 40 40 1 1 0
0.0405932 40 40 1 1 0
0.0406291 40 40 1 1 0
0.0406652 40 40 1 1 0
0.0407013 40 40 1 1 0
0.0407375 40 40 1 1 0
0.0407738 40 40 1 1 0
0.0408102 40 40 1 1 0
0.0408467 40 40 1 1 0
0.0408832 40 40 1 1 0
0.0409199 40 40 1 1 0
0.0409566 40 40 1 1 0
0.0409934 40 40 1 1 0
0.0410303 40 40 1 1 0
0.0410673 40 40 1 1 0
0.0411043 40 40 1 1 0
0.0411415 40 40 1 1 0
0.0411787 40 40 1 1 0
0.041216 40 40 1 1 0
0.0412534 40 40 1 1 0
0.0412909 40 40 1 1 0
0.0413285 40 40 1 1 0
0.0413661 40 40 1 1 0
0.0414039 40 40 1 1 0
0.0414417 40 40 1 1 0
0.0414796 40 40 1 1 0
0.0415176 40 40 1 1 0
0.0415557 40 40 1 1 0
0.0415939 40 40 1 1 0
0.0416322 40 40 1 1 0
0.0416706 40 40 1 1 0
0.0417091 40 40 1 1 0
0.0417476 40 40 1 1 0
0.0417863 40 40 1 1 0
0.041825 40 40 1 1 0
0.0418638 40 40 1 1 0
0.0419027 40 40 1 1 0
0.0419418 40 40 1 1 0
0.0419809 40 40 1 1 0
0.0420201 40 40 1 1 0
0.0420594 40 40 1 1 0
0.0420987 40 40 1 1 0
0.0421382 40 40 1 1 0
0.0421778 40 40 1 1 0
0.0422175 40 40 1 1 0
0.0422572 40 40 1 1 0
0.0422971 40 40 1 1 0
0.0423371 40 40 1 1 0
0.0423771 40 40 1 1 0
0.0424173 40 40 1 1 0
0.0424575 40 40 1 1 0
0.0424979 40 40 1 1 0
0.0425383 40 40 1 1 0
0.0425789 40 40 1 1 0
0.0426195 40 40 1 1 0
0.0426603 40 40 1 1 0
0.0427011 40 40 1 1 0
0.0427421 40 40 1 1 0
0.0427831 40 40 1 1 0
0.0428243 40 40 1 1 0
0.0428655 40 40 1 1 0
0.0429068 40 40 1 1 0
0.0429483 40 40 1 1 0
0.0429899 40 40 1 1 0
0.0430315 40 40 1 1 0
0.0430733 40 40 1 1 0
0.0431151 40 40 1 1 0
0.0431571 40 40 1 1 0
0.0431992 40 40 1 1 0
0.0432414 40 40 1 1 0
0.0432836 40 40 1 1 0
0.043326 40 40 1 1 0
0.0433685 40 40 1 1 0
0.0434111 40 40 1 1 0
0.0434538 40 40 1 1 0
0.0434966 40 40 1 1 0
0.0435396 40 40 1 1 0
0.0435826 40 40 1 1 0
0.0436257 40 40 1 1 0
0.043669 40 40 1 1 0
0.0437124 40 40 1 1 0
0.0437558 40 40 1 1 0
0.0437994 40 40 1 1 0
0.0438431 40 40 1 1 0
0.0438869 40 40 1 1 0
0.0439308 40 40 1 1 0
0.0439748 40 40 1 1 0
0.044019 40 40 1 1 0
0.0440632 40 40 1 1 0
0.0441076 40 40 1 1 0
0.0441521 40 40 1 1 0
0.0441966 40 40 1 1 0
0.0442414 40 40 1 1 0
0.0442862 40 40 1 1 0
0.0443311 40 40 1 1 0
0.0443762 40 40 1 1 0
0.0444213 40 40 1 1 0
0.0444666 40 40 1 1 0
0.044512 40 40 1 1 0
0.0445575 40 40 1 1 0
0.0446032 40 40 1 1 0
0.0446489 40 40 1 1 0
0.0446948 40 40 1 1 0
0.0447408 40 40 1 1 0
0.0447869 40 40 1 1 0
0.0448331 40 40 1 1 0
0.0448795 40 40 1 1 0
0.044926 40 40 1 1 0
0.0449726 40 40 1 1 0
0.0450193 40 40 1 1 0
0.0450661 40 40 1 1 0
0.0451131 40 40 1 1 0
0.0451602 40 40 1 1 0
0.0452074 40 40 1 1 0
0.0452547 40 40 1 1 0
0.0453022 40 40 1 1 0
0.0453498 40 40 1 1 0
0.0453975 40 40 1 1 0
0.0454453 40 40 1 1 0
0.0454933 40 40 1 1 0
0.0455414 40 40 1 1 0
0.0455896 40 40 1 1 0
0.045638 40 40 1 1 0
0.0456864 40 40 1 1 0
0.045735 40 40 1 1 0
0.0457838 40 40 1 1 0
0.0458326 40 40 1 1 0
0.0458816 40 40 1 1 0
0.0459308 40 40 1 1 0
0.04598 40 40 1 1 0
0.0460294 40 40 1 1 0
0.0460789 40 40 1 1 0
0.0461286 40 40 1 1 0
0.0461783 40 40 1 1 0
0.0462283 40 40 1 1 0
0.0462783 40 40 1 1 0
0.0463285 40 40 1 1 0
0.0463788 40 40 1 1 0
0.0464293 40 40 1 1 0
0.0464799 40 40 1 1 0
0.0465306 40 40 1 1 0
0.0465815 40 40 1 1 0
0.0466325 40 40 1 1 0
0.0466836 40 40 1 1 0
0.0467349 40 40 1 1 0
0.0467863 40 40 1 1 0
0.0468378 40 40 1 1 0
0.0468895 40 40 1 1 0
0.0469414 40 40 1 1 0
0.0469933 40 40 1 1 0
0.0470455 40 40 1 1 0
0.0470977 40 40 1 1 0
0.0471501 40 40 1 1 0
0.0472026 40 40 1 1 0
0.0472553 40 40 1 1 0
0.0473082 40 40 1 1 0
0.0473611 40 40 1 1 0
0.0474142 40 40 1 1 0
0.0474675 40 40 1 1 0
0.0475209 40 40 1 1 0
0.0475744 40 40 1 1 0
0.0476281 40 40 1 1 0
0.047682 40 40 1 1 0
0.0477359 40 40 1 1 0
0.0477901 40 40 1 1 0
0.0478444 40 40 1 1 0
0.0478988 40 40 1 1 0
0.0479534 40 40 1 1 0
0.0480081 40 40 1 1 0
0.048063 40 40 1 1 0
0.048118 40 40 1 1 0
0.0481731 40 40 1 1 0
0.0482285 40 40 1 1 0
0.0482839 40 40 1 1 0
0.0483396 40 40 1 1 0
0.0483953 40 40 1 1 0
0.0484513 40 40 1 1 0
0.0485074 40 40 1 1 0
0.0485636 40 40 1 1 0
0.04862 40 40 1 1 0
0.0486765 40 40 1 1 0
0.0487332 40 40 1 1 0
0.0487901 40 40 1 1 0
0.0488471 40 40 1 1 0
0.0489043 40 40 1 1 0
0.0489616 40 40 1 1 0
0.049019 40 40 1 1 0
0.0490767 40 40 1 1 0
0.0491345 40 40 1 1 0
0.0491924 40 40 1 1 0
0.0492505 40 40 1 1 0
0.0493088 40 40 1 1 0
0.0493672 40 40 1 1 0
0.0494258 40 40 1 1 0
0.0494845 40 40 1 1 0
0.0495434 40 40 1 1 0
0.0496025 40 40 1 1 0
0.0496617 40 40 1 1 0
0.0497211 40 40 1 1 0
0.0497807 40 40 1 1 0
0.0498404 40 40 1 1 0
0.0499002 40 40 1 1 0
0.0499603 40 40 1 1 0
0.0500205 40 40 1 1 0
0.0500808 40 40 1 1 0
0.0501414 40 40 1 1 0
0.050202 40 40 1 1 0
0.0502629 40 40 1 1 0
0.0503239 40 40 1 1 0
0.0503851 40 40 1 1 0
0.0504464 40 40 1 1 0
0.050508 40 40 1 1 0
0.0505696 40 40 1 1 0
0.0506315 40 40 1 1 0
0.0506935 40 40 1 1 0
0.0507557 40 40 1 1 0
0.050818 40 40 1 1 0
0.0508805 40 40 1 1 0
0.0509432 40 40 1 1 0
0.0510061 40 40 1 1 0
0.0510691 40 40 1 1 0
0.0511323 40 40 1 1 0
0.0511957 40 40 1 1 0
0.0512592 40 40 1 1 0
0.0513229 40 40 1 1 0
0.0513867 40 40 1 1 0
0.0514508 40 40 1 1 0
0.051515 40 40 1 1 0
0.0515794 40 40 1 1 0
0.0516439 40 40 1 1 0
0.0517087 40 40 1 1 0
0.0517735 40 40 1 1 0
0.0518386 40 40 1 1 0
0.0519039 40 40 1 1 0
0.0519693 40 40 1 1 0
0.0520348 40 40 1 1 0
0.0521006 40 40 1 1 0
0.0521665 40 40 1 1 0
0.0522326 40 40 1 1 0
0.0522989 40 40 1 1 0
0.0523654 40 40 1 1 0
0.052432 40 40 1 1 0
0.0524988 40 40 1 1 0
0.0525657 40 40 1 1 0
0.0526329 40 40 1 1 0
0.0527002 40 40 1 1 0
0.0527677 40 40 1 1 0
0.0528354 40 40 1 1 0
0.0529032 40 40 1 1 0
0.0529712 40 40 1 1 0
0.0530394 40 40 1 1 0
0.0531078 40 40 1 1 0
0.0531763 40 40 1 1 0
0.0532451 40 40 1 1 0
0.0533139 40 40 1 1 0
0.053383 40 40 1 1 0
0.0534523 40 40 1 1 0
0.0535217 40 40 1 1 0
0.0535913 40 40 1 1 0
0.0536611 40 40 1 1 0
0.053731 40 40 1 1 0
0.0538011 40 40 1 1 0
0.0538714 40 40 1 1 0
0.0539419 40 40 1 1 0
0.0540126 40 40 1 1 0
0.0540834 40 40 1 1 0
0.0541544 40 40 1 1 0
0.0542256 40 40 1 1 0
0.0542969 40 40 1 1 0
0.0543685 40 40 1 1 0
0.0544402 40 40 1 1 0
0.0545121 40 40 1 1 0
0.0545841 40 40 1 1 0
0.0546564 40 40 1 1 0
0.0547288 40 40 1 1 0
0.0548014 40 40 1 1 0
0.0548741 40 40 1 1 0
0.0549471 40 40 1 1 0
0.0550202 40 40 1 1 0
0.0550935 40 40 1 1 0
0.0551669 40 40 1 1 0
0.0552406 40 40 1 1 0
0.0553144 40 40 1 1 0
0.0553884 40 40 1 1 0
0.0554626 40 40 1 1 0
0.0555369 40 40 1 1 0
0.0556114 40 40 1 1 0
0.0556861 40 40 1 1 0
0.055761 40 40 1 1 0
0.055836 40 40 1 1 0
0.0559113 40 40 1 1 0
0.0559866 40 40 1 1 0
0.0560622 40 40 1 1 0
0.0561379 40 40 1 1 0
0.0562139 40 40 1 1 0
0.0562899 40 40 1 1 0
0.0563662 40 40 1 1 0
0.0564426 40 40 1 1 0
0.0565192 40 40 1 1 0
0.056596 40 40 1 1 0
0.056673 40 40 1 1 0
0.0567501 40 40 1 1 0
0.0568274 40 40 1 1 0
0.0569048 40 40 1 1 0
0.0569825 40 40 1 1 0
0.0570603 40 40 1 1 0
0.0571382 40 40 1 1 0
0.0572164 40 40 1 1 0
0.0572947 40 40 1 1 0
0.0573732 40 40 1 1 0
0.0574518 40 40 1 1 0
0.0575306 40 40 1 1 0
0.0576096 40 40 1 1 0
0.0576888 40 40 1 1 0
0.0577681 40 40 1 1 0
0.0578476 40 40 1 1 0
0.0579272 40 40 1 1 0
0.0580071 40 40 1 1 0
0.058087 40 40 1 1 0
0.0581672 40 40 1 1 0
0.0582475 40 40 1 1 0
0.058328 40 40 1 1 0
0.0584086 40 40 1 1 0
0.0584895 40 40 1 1 0
0.0585704 40 40 1 1 0
0.0586516 40 40 1 1 0
0.0587329 40 40 1 1 0
0.0588143 40 40 1 1 0
0.058896 40 40 1 1 0
0.0589777 40 40 1 1 0
0.0590597 40 40 1 1 0
0.0591418 40 40 1 1 0
0.0592241 40 40 1 1 0
0.0593065 40 40 1 1 0
0.0593891 40 40 1 1 0
0.0594718 40 40 1 1 0
0.0595547 40 40 1 1 0
0.0596378 40 40 1 1 0
0.059721 40 40 1 1 0
0.0598044 40 40 1 1 0
0.0598879 40 40 1 1 0
0.0599716 40 40 1 1 0
0.0600554 40 40 1 1 0
0.0601394 40 40 1 1 0
0.0602235 40 40 1 1 0
0.0603078 40 40 1 1 0
0.0603923 40 40 1 1 0
0.0604769 40 40 1 1 0
0.0605616 40 40 1 1 0
0.0606465 40 40 1 1 0
0.0607316 40 40 1 1 0
0.0608167 40 40 1 1 0
0.0609021 40 40 1 1 0
0.0609876 40 40 1 1 0
0.0610732 40 40 1 1 0
0.061159 40 40 1 1 0
0.0612449 40 40 1 1 0
0.061331 40 40 1 1 0
0.0614173 40 40 1 1 0
0.0615036 40 40 1 1 0
0.0615901 40 40 1 1 0
0.0616768 40 40 1 1 0
0.0617636 40 40 1 1 0
0.0618505 40 40 1 1 0
0.0619376 40 40 1 1 0
0.0620248 40 40 1 1 0
0.0621122 40 40 1 1 0
0.0621997 40 40 1 1 0
0.0622873 40 40 1 1 0
0.0623751 40 40 1 1 0
0.062463 40 40 1 1 0
0.062551 40 40 1 1 0
0.0626392 40 40 1 1 0
0.0627275 40 40 1 1 0
0.062816 40 40 1 1 0
0.0629045 40 40 1 1 0
0.0629933 40 40 1 1 0
0.0630821 40 40 1 1 0
0.0631711 40 40 1 1 0
0.0632602 40 40 1 1 0
0.0633494 40 40 1 1 0
0.0634388 40 40 1 1 0
0.0635283 40 40 1 1 0
0.0636179 40 40 1 1 0
0.0637077 40 40 1 1 0
0.0637975 40 40 1 1 0
0.0638875 40 40 1 1 0
0.0639777 40 40 1 1 0
0.0640679 40 40 1 1 0
0.0641583 40 40 1 1 0
0.0642488 40 40 1 1 0
0.0643394 40 40 1 1 0
0.0644301 40 40 1 1 0
0.064521 40 40 1 1 0
0.064612 40 40 1 1 0
0.0647031 40 40 1 1 0
0.0647943 40 40 1 1 0
0.0648856 40 40 1 1 0
0.0649771 40 40 1 1 0
0.0650686 40 40 1 1 0
0.0651603 40 40 1 1 0
0.0652521 40 40 1 1 0
0.065344 40 40 1 1 0
0.0654361 40 40 1 1 0
0.0655282 40 40 1 1 0
0.0656204 40 40 1 1 0
0.0657128 40 40 1 1 0
0.0658053 40 40 1 1 0
0.0658978 40 40 1 1 0
0.0659905 40 40 1 1 0
0.0660833 40 40 1 1 0
0.0661762 40 40 1 1 0
0.0662692 40 40 1 1 0
0.0663623 40 40 1 1 0
0.0664556 40 40 1 1 0
0.0665489 40 40 1 1 0
0.0666423 40 40 1 1 0
0.0667358 40 40 1 1 0
0.0668295 40 40 1 1 0
0.0669232 40 40 1 1 0
0.0670171 40 40 1 1 0
0.067111 40 40 1 1 0
0.067205 40 40 1 1 0
0.0672992 40 40 1 1 0
0.0673934 40 40 1 1 0
0.0674877 40 40 1 1 0
0.0675821 40 40 1 1 0
0.0676767 40 40 1 1 0
0.0677713 40 40 1 1 0
0.067866 40 40 1 1 0
0.0679608 40 40 1 1 0
0.0680557 40 40 1 1 0
0.0681507 40 40 1 1 0
0.0682458 40 40 1 1 0
0.0683409 40 40 1 1 0
0.0684362 40 40 1 1 0
0.0685315 40 40 1 1 0
0.068627 40 40 1 1 0
0.0687225 40 40 1 1 0
0.0688181 40 40 1 1 0
0.0689138 40 40 1 1 0
0.0690096 40 40 1 1 0
0.0691055 40 40 1 1 0
0.0692015 40 40 1 1 0
0.0692975 40 40 1 1 0
0.0693936 40 40 1 1 0
0.0694899 40 40 1 1 0
0.0695861 40 40 1 1 0
0.0696825 40 40 1 1 0
0.069779 40 40 1 1 0
0.0698755 40 40 1 1 0
0.0699721 40 40 1 1 0
0.0700688 40 40 1 1 0
0.0701656 40 40 1 1 0
0.0702625 40 40 1 1 0
0.0703594 40 40 1 1 0
0.0704564 40 40 1 1 0
0.0705535 40 40 1 1 0
0.0706506 40 40 1 1 0
0.0707479 40 40 1 1 0
0.0708452 40 40 1 1 0
0.0709426 40 40 1 1 0
0.07104 40 40 1 1 0
0.0711375 40 40 1 1 0
0.0712351 40 40 1 1 0
0.0713328 40 40 1 1 0
0.0714305 40 40 1 1 0
0.0715283 40 40 1 1 0
0.0716262 40 40 1 1 0
0.0717242 40 40 1 1 0
0.0718222 40 40 1 1 0
0.0719203 40 40 1 1 0
0.0720184 40 40 1 1 0
0.0721166 40 40 1 1 0
0.0722149 40 40 1 1 0
0.0723133 40 40 1 1 0
0.0724117 40 40 1 1 0
0.0725102 40 40 1 1 0
0.0726087 40 40 1 1 0
0.0727073 40 40 1 1 0
0.072806 40 40 1 1 0
0.0729047 40 40 1 1 0
0.0730035 40 40 1 1 0
0.0731023 40 40 1 1 0
0.0732013 40 40 1 1 0
0.0733002 40 40 1 1 0
0.0733993 40 40 1 1 0
0.0734984 40 40 1 1 0
0.0735975 40 40 1 1 0
0.0736967 40 40 1 1 0
0.073796 40 40 1 1 0
0.0738953 40 40 1 1 0
0.0739947 40 40 1 1 0
0.0740941 40 40 1 1 0
0.0741936 40 40 1 1 0
0.0742931 40 40 1 1 0
0.0743927 40 40 1 1 0
0.0744924 40 40 1 1 0
0.0745921 40 40 1 1 0
0.0746919 40 40 1 1 0
0.0747917 40 40 1 1 0
0.0748915 40 40 1 1 0
0.0749914 40 40 1 1 0
0.0750914 40 40 1 1 0
0.0751914 40 40 1 1 0
0.0752915 40 40 1 1 0
0.0753916 40 40 1 1 0
0.0754918 40 40 1 1 0
0.075592 40 40 1 1 0
0.0756923 40 40 1 1 0
0.0757926 40 40 1 1 0
0.0758929 40 40 1 1 0
0.0759933 40 40 1 1 0
0.0760938 40 40 1 1 0
0.0761943 40 40 1 1 0
0.0762949 40 40 1 1 0
0.0763954 40 40 1 1 0
0.0764961 40 40 1 1 0
0.0765968 40 40 1 1 0
0.0766975 40 40 1 1 0
0.0767983 40 40 1 1 0
0.0768991 40 40 1 1 0
0.0769999 40 40 1 1 0
0.0771008 40 40 1 1 0
0.0772018 40 40 1 1 0
0.0773028 40 40 1 1 0
0.0774038 40 40 1 1 0
0.0775049 40 40 1 1 0
0.077606 40 40 1 1 0
0.0777071 40 40 1 1 0
0.0778083 40 40 1 1 0
0.0779095 40 40 1 1 0
0.0780108 40 40 1 1 0
0.0781121 40 40 1 1 0
0.0782134 40 40 1 1 0
0.0783148 40 40 1 1 0
0.0784162 40 40 1 1 0
0.0785177 40 40 1 1 0
0.0786192 40 40 1 1 0
0.0787207 40 40 1 1 0
0.0788223 40 40 1 1 0
0.0789239 40 40 1 1 0
0.0790256 40 40 1 1 0
0.0791272 40 40 1 1 0
0.0792289 40 40 1 1 0
0.0793307 40 40 1 1 0
0.0794325 40 40 1 1 0
0.0795343 40 40 1 1 0
0.0796361 40 40 1 1 0
0.079738 40 40 1 1 0
0.0798399 40 40 1 1 0
0.0799419 40 40 1 1 0
0.0800439 40 40 1 1 0
0.0801459 40 40 1 1 0
0.0802479 40 40 1 1 0
0.08035 40 40 1 1 0
0.0804521 40 40 1 1 0
0.0805543 40 40 1 1 0
0.0806565 40 40 1 1 0
0.0807587 40 40 1 1 0
0.0808609 40 40 1 1 0
0.0809632 40 40 1 1 0
0.0810655 40 40 1 1 0
0.0811678 40 40 1 1 0
0.0812701 40 40 1 1 0
0.0813725 40 40 1 1 0
0.0814749 40 40 1 1 0
0.0815774 40 40 1 1 0
0.0816798 40 40 1 1 0
0.0817823 40 40 1 1 0
0.0818849 40 40 1 1 0
0.0819874 40 40 1 1 0
0.08209 40 40 1 1 0
0.0821926 40 40 1 1 0
0.0822952 40 40 1 1 0
0.0823979 40 40 1 1 0
0.0825006 40 40 1 1 0
0.0826033 40 40 1 1 0
0.082706 40 40 1 1 0
0.0828088 40 40 1 1 0
0.0829116 40 40 1 1 0
0.0830144 40 40 1 1 0
0.0831172 40 40 1 1 0
0.0832201 40 40 1 1 0
0.083323 40 40 1 1 0
0.0834259 40 40 1 1 0
0.0835288 40 40 1 1 0
0.0836318 40 40 1 1 0
0.0837347 40 40 1 1 0
0.0838378 40 40 1 1 0
0.0839408 40 40 1 1 0
0.0840438 40 40 1 1 0
0.0841469 40 40 1 1 0
0.08425 40 40 1 1 0
0.0843531 40 40 1 1 0
0.0844563 40 40 1 1 0
0.0845594 40 40 1 1 0
0.0846626 40 40 1 1 0
0.0847658 40 40 1 1 0
0.084869 40 40 1 1 0
0.0849723 40 40 1 1 0
0.0850756 40 40 1 1 0
0.0851788 40 40 1 1 0
0.0852822 40 40 1 1 0
0.0853855 40 40 1 1 0
0.0854888 40 40 1 1 0
0.0855922 40 40 1 1 0
0.0856956 40 40 1 1 0
0.085799 40 40 1 1 0
0.0859024 40 40 1 1 0
0.0860059 40 40 1 1 0
0.0861093 40 40 1 1 0
0.0862128 40 40 1 1 0
0.0863163 40 40 1 1 0
0.0864198 40 40 1 1 0
0.0865234 40 40 1 1 0
0.0866269 40 40 1 1 0
0.0867305 40 40 1 1 0
0.0868341 40 40 1 1 0
0.0869377 40 40 1 1 0
0.0870414 40 40 1 1 0
0.087145 40 40 1 1 0
0.0872487 40 40 1 1 0
0.0873523 40 40 1 1 0
0.087456 40 40 1 1 0
0.0875598 40 40 1 1 0
0.0876635 40 40 1 1 0
0.0877672 40 40 1 1 0
0.087871 40 40 1 1 0
0.0879748 40 40 1 1 0
0.0880786 40 40 1 1 0
0.0881824 40 40 1 1 0
0.0882862 40 40 1 1 0
0.0883901 40 40 1 1 0
0.0884939 40 40 1 1 0
0.0885978 40 40 1 1 0
0.0887017 40 40 1 1 0
0.0888056 40 40 1 1 0
0.0889095 40 40 1 1 0
0.0890134 40 40 1 1 0
0.0891174 40 40 1 1 0
0.0892214 40 40 1 1 0
0.0893253 40 40 1 1 0
0.0894293 40 40 1 1 0
0.0895333 40 40 1 1 0
0.0896373 40 40 1 1 0
0.0897414 40 40 1 1 0
0.0898454 40 40 1 1 0
0.0899495 40 40 1 1 0
0.0900536 40 40 1 1 0
0.0901576 40 40 1 1 0
0.0902617 40 40 1 1 0
0.0903659 40 40 1 1 0
0.09047 40 40 1 1 0
0.0905741 40 40 1 1 0
0.0906783 40 40 1 1 0
0.0907824 40 40 1 1 0
0.0908866 40 40 1 1 0
0.0909908 40 40 1 1 0
0.091095 40 40 1 1 0
0.0911992 40 40 1 1 0
0.0913035 40 40 1 1 0
0.0914077 40 40 1 1 0
0.0915119 40 40 1 1 0
0.0916162 40 40 1 1 0
0.0917205 40 40 1 1 0
0.0918248 40 40 1 1 0
0.0919291 40 40 1 1 0
0.0920334 40 40 1 1 0
0.0921377 40 40 1 1 0
0.092242 40 40 1 1 0
0.0923464 40 40 1 1 0
0.0924507 40 40 1 1 0
0.0925551 40 40 1 1 0
0.0926595 40 40 1 1 0
0.0927638 40 40 1 1 0
0.0928682 40 40 1 1 0
0.0929726 40 40 1 1 0
0.0930771 40 40 1 1 0
0.0931815 40 40 1 1 0
0.0932859 40 40 1 1 0
0.0933904 40 40 1 1 0
0.0934948 40 40 1 1 0
0.0935993 40 40 1 1 0
0.0937038 40 40 1 1 0
0.0938083 40 40 1 1 0
0.0939128 40 40 1 1 0
0.0940173 40 40 1 1 0
0.0941218 40 40 1 1 0
0.0942263 40 40 1 1 0
0.0943308 40 40 1 1 0
0.0944354 40 40 1 1 0
0.0945399 40 40 1 1 0
0.0946445 40 40 1 1 0
0.0947491 40 40 1 1 0
0.0948537 40 40 1 1 0
0.0949582 40 40 1 1 0
0.0950628 40 40 1 1 0
0.0951674 40 40 1 1 0
0.0952721 40 40 1 1 0
0.0953767 40 40 1 1 0
0.0954813 40 40 1 1 0
0.095586 40 40 1 1 0
0.0956906 40 40 1 1 0
0.0957953 40 40 1 1 0
0.0958999 40 40 1 1 0
0.0960046 40 40 1 1 0
0.0961093 40 40 1 1 0
0.096214 40 40 1 1 0
0.0963187 40 40 1 1 0
0.0964234 40 40 1 1 0
0.0965281 40 40 1 1 0
0.0966328 40 40 1 1 0
0.0967376 40 40 1 1 0
0.0968423 40 40 1 1 0
0.096947 40 40 1 1 0
0.0970518 40 40 1 1 0
0.0971566 40 40 1 1 0
0.0972613 40 40 1 1 0
0.0973661 40 40 1 1 0
0.0974709 40 40 1 1 0
0.0975757 40 40 1 1 0
0.0976805 40 40 1 1 0
0.0977853 40 40 1 1 0
0.0978901 40 40 1 1 0
0.0979949 40 40 1 1 0
0.0980997 40 40 1 1 0
0.0982046 40 40 1 1 0
0.0983094 40 40 1 1 0
0.0984143 40 40 1 1 0
0.0985191 40 40 1 1 0
0.098624 40 40 1 1 0
0.0987288 40 40 1 1 0
0.0988337 40 40 1 1 0
0.0989386 40 40 1 1 0
0.0990435 40 40 1 1 0
0.0991484 40 40 1 1 0
0.0992533 40 40 1 1 0
0.0993582 40 40 1 1 0
0.0994631 40 40 1 1 0
0.099568 40 40 1 1 0
0.0996729 40 40 1 1 0
0.0997778 40 40 1 1 0
0.0998828 40 40 1 1 0
0.0999877 40 40 1 1 0
0.100093 40 40 1 1 0
0.100198 40 40 1 1 0
0.100303 40 40 1 1 0
0.100408 40 40 1 1 0
0.100513 40 40 1 1 0
0.100617 40 40 1 1 0
0.100722 40 40 1 1 0
0.100827 40 40 1 1 0
0.100932 40 40 1 1 0
0.101037 40 40 1 1 0
0.101142 40 40 1 1 0
0.101247 40 40 1 1 0
0.101352 40 40 1 1 0
0.101457 40 40 1 1 0
0.101563 40 40 1 1 0
0.101668 40 40 1 1 0
0.101773 40 40 1 1 0
0.101878 40 40 1 1 0
0.101983 40 40 1 1 0
0.102088 40 40 1 1 0
0.102193 40 40 1 1 0
0.102298 40 40 1 1 0
0.102403 40 40 1 1 0
0.102508 40 40 1 1 0
0.102613 40 40 1 1 0
0.102718 40 40 1 1 0
0.102823 40 40 1 1 0
0.102928 40 40 1 1 0
0.103033 40 40 1 1 0
0.103138 40 40 1 1 0
0.103244 40 40 1 1 0
0.103349 40 40 1 1 0
0.103454 40 40 1 1 0
0.103559 40 40 1 1 0
0.103664 40 40 1 1 0
0.103769 40 40 1 1 0
0.103874 40 40 1 1 0
0.103979 40 40 1 1 0
0.104085 40 40 1 1 0
0.10419 40 40 1 1 0
0.104295 40 40 1 1 0
0.1044 40 40 1 1 0
0.104505 40 40 1 1 0
0.10461 40 40 1 1 0
0.104716 40 40 1 1 0
0.104821 40 40 1 1 0
0.104926 40 40 1 1 0
0.105031 40 40 1 1 0
0.105136 40 40 1 1 0
0.105241 40 40 1 1 0
0.105347 40 40 1 1 0
0.105452 40 40 1 1 0
0.105557 40 40 1 1 0
0.105662 40 40 1 1 0
0.105767 40 40 1 1 0
0.105873 40 40 1 1 0
0.105978 40 40 1 1 0
0.106083 40 40 1 1 0
0.106188 40 40 1 1 0
0.106294 40 40 1 1 0
0.106399 40 40 1 1 0
0.106504 40 40 1 1 0
0.106609 40 40 1 1 0
0.106714 40 40 1 1 0
0.10682 40 40 1 1 0
0.106925 40 40 1 1 0
0.10703 40 40 1 1 0
0.107135 40 40 1 1 0
0.107241 40 40 1 1 0
0.107346 40 40 1 1 0
0.107451 40 40 1 1 0
0.107556 40 40 1 1 0
0.107662 40 40 1 1 0
0.107767 40 40 1 1 0
0.107872 40 40 1 1 0
0.107978 40 40 1 1 0
0.108083 40 40 1 1 0
0.108188 40 40 1 1 0
0.108293 40 40 1 1 0
0.108399 40 40 1 1 0
0.108504 40 40 1 1 0
0.108609 40 40 1 1 0
0.108715 40 40 1 1 0
0.10882 40 40 1 1 0
0.108925 40 40 1 1 0
0.109031 40 40 1 1 0
0.109136 40 40 1 1 0
0.109241 40 40 1 1 0
0.109347 40 40 1 1 0
0.109452 40 40 1 1 0
0.109557 40 40 1 1 0
0.109663 40 40 1 1 0
0.109768 40 40 1 1 0
0.109873 40 40 1 1 0
0.109979 40 40 1 1 0
0.110084 40 40 1 1 0
0.110189 40 40 1 1 0
0.110295 40 40 1 1 0
0.1104 40 40 1 1 0
0.110505 40 40 1 1 0
0.110611 40 40 1 1 0
0.110716 40 40 1 1 0
0.110821 40 40 1 1 0
0.110927 40 40 1 1 0
0.111032 40 40 1 1 0
0.111137 40 40 1 1 0
0.111243 40 40 1 1 0
0.111348 40 40 1 1 0
0.111454 40 40 1 1 0
0.111559 40 40 1 1 0
0.111664 40 40 1 1 0
0.11177 40 40 1 1 0
0.111875 40 40 1 1 0
0.11198 40 40 1 1 0
0.112086 40 40 1 1 0
0.112191 40 40 1 1 0
0.112297 40 40 1 1 0
0.112402 40 40 1 1 0
0.112507 40 40 1 1 0
0.112613 40 40 1 1 0
0.112718 40 40 1 1 0
0.112824 40 40 1 1 0
0.112929 40 40 1 1 0
0.113035 40 40 1 1 0
0.11314 40 40 1 1 0
0.113245 40 40 1 1 0
0.113351 40 40 1 1 0
0.113456 40 40 1 1 0
0.113562 40 40 1 1 0
0.113667 40 40 1 1 0
0.113773 40 40 1 1 0
0.113878 40 40 1 1 0
0.113983 40 40 1 1 0
0.114089 40 40 1 1 0
0.114194 40 40 1 1 0
0.1143 40 40 1 1 0
0.114405 40 40 1 1 0
0.114511 40 40 1 1 0
0.114616 40 40 1 1 0
0.114721 40 40 1 1 0
0.114827 40 40 1 1 0
0.114932 40 40 1 1 0
0.115038 40 40 1 1 0
0.115143 40 40 1 1 0
0.115249 40 40 1 1 0
0.115354 40 40 1 1 0
0.11546 40 40 1 1 0
0.115565 40 40 1 1 0
0.115671 40 40 1 1 0
0.115776 40 40 1 1 0
0.115882 40 40 1 1 0
0.115987 40 40 1 1 0
0.116093 40 40 1 1 0
0.116198 40 40 1 1 0
0.116303 40 40 1 1 0
0.116409 40 40 1 1 0
0.116514 40 40 1 1 0
0.11662 40 40 1 1 0
0.116725 40 40 1 1 0
0.116831 40 40 1 1 0
0.116936 40 40 1 1 0
0.117042 40 40 1 1 0
0.117147 40 40 1 1 0
0.117253 40 40 1 1 0
0.117358 40 40 1 1 0
0.117464 40 40 1 1 0
0.117569 40 40 1 1 0
0.117675 40 40 1 1 0
0.11778 40 40 1 1 0
0.117886 40 40 1 1 0
0.117991 40 40 1 1 0
0.118097 40 40 1 1 0
0.118202 40 40 1 1 0
0.118308 40 40 1 1 0
0.118413 40 40 1 1 0
0.118519 40 40 1 1 0
0.118625 40 40 1 1 0
0.11873 40 40 1 1 0
0.118836 40 40 1 1 0
0.118941 40 40 1 1 0
0.119047 40 40 1 1 0
0.119152 40 40 1 1 0
0.119258 40 40 1 1 0
0.119363 40 40 1 1 0
0.119469 40 40 1 1 0
0.119574 40 40 1 1 0
0.11968 40 40 1 1 0
0.119785 40 40 1 1 0
0.119891 40 40 1 1 0
0.119996 40 40 1 1 0
0.120102 40 40 1 1 0
0.120207 40 40 1 1 0
0.120313 40 40 1 1 0
0.120419 40 40 1 1 0
0.120524 40 40 1 1 0
0.12063 40 40 1 1 0
0.120735 40 40 1 1 0
0.120841 40 40 1 1 0
0.120946 40 40 1 1 0
0.121052 40 40 1 1 0
0.121157 40 40 1 1 0
0.121263 40 40 1 1 0
0.121369 40 40 1 1 0
0.121474 40 40 1 1 0
0.12158 40 40 1 1 0
0.121685 40 40 1 1 0
0.121791 40 40 1 1 0
0.121896 40 40 1 1 0
0.122002 40 40 1 1 0
0.122107 40 40 1 1 0
0.122213 40 40 1 1 0
0.122319 40 40 1 1 0
0.122424 40 40 1 1 0
0.12253 40 40 1 1 0
0.122635 40 40 1 1 0
0.122741 40 40 1 1 0
0.122847 40 40 1 1 0
0.122952 40 40 1 1 0
0.123058 40 40 1 1 0
0.123163 40 40 1 1 0
0.123269 40 40 1 1 0
0.123374 40 40 1 1 0
0.12348 40 40 1 1 0
0.123586 40 40 1 1 0
0.123691 40 40 1 1 0
0.123797 40 40 1 1 0
0.123902 40 40 1 1 0
0.124008 40 40 1 1 0
0.124114 40 40 1 1 0
0.124219 40 40 1 1 0
0.124325 40 40 1 1 0
0.12443 40 40 1 1 0
0.124536 40 40 1 1 0
0.124641 40 40 1 1 0
0.124747 40 40 1 1 0
0.124853 40 40 1 1 0
0.124958 40 40 1 1 0
0.125064 40 40 1 1 0
0.12517 40 40 1 1 0
0.125275 40 40 1 1 0
0.125381 40 40 1 1 0
0.125486 40 40 1 1 0
0.125592 40 40 1 1 0
0.125698 40 40 1 1 0
0.125803 40 40 1 1 0
0.125909 40 40 1 1 0
0.126014 40 40 1 1 0
0.12612 40 40 1 1 0
0.126226 40 40 1 1 0
0.126331 40 40 1 1 0
0.126437 40 40 1 1 0
0.126542 40 40 1 1 0
0.126648 40 40 1 1 0
0.126754 40 40 1 1 0
0.126859 40 40 1 1 0
0.126965 40 40 1 1 0
0.127071 40 40 1 1 0
0.127176 40 40 1 1 0
0.127282 40 40 1 1 0
0.127387 40 40 1 1 0
0.127493 40 40 1 1 0
0.127599 40 40 1 1 0
0.127704 40 40 1 1 0
0.12781 40 40 1 1 0
0.127916 40 40 1 1 0
0.128021 40 40 1 1 0
0.128127 40 40 1 1 0
0.128232 40 40 1 1 0
0.128338 40 40 1 1 0
0.128444 40 40 1 1 0
0.128549 40 40 1 1 0
0.128655 40 40 1 1 0
0.128761 40 40 1 1 0
0.128866 40 40 1 1 0
0.128972 40 40 1 1 0
0.129078 40 40 1 1 0
0.129183 40 40 1 1 0
0.129289 40 40 1 1 0
0.129394 40 40 1 1 0
0.1295 40 40 1 1 0
0.129606 40 40 1 1 0
0.129711 40 40 1 1 0
0.129817 40 40 1 1 0
0.129923 40 40 1 1 0
0.130028 40 40 1 1 0
0.130134 40 40 1 1 0
0.13024 40 40 1 1 0
0.130345 40 40 1 1 0
0.130451 40 40 1 1 0
0.130557 40 40 1 1 0
0.130662 40 40 1 1 0
0.130768 40 40 1 1 0
0.130874 40 40 1 1 0
0.130979 40 40 1 1 0
0.131085 40 40 1 1 0
0.131191 40 40 1 1 0
0.131296 40 40 1 1 0
0.131402 40 40 1 1 0
0.131508 40 40 1 1 0
0.131613 40 40 1 1 0
0.131719 40 40 1 1 0
0.131825 40 40 1 1 0
0.13193 40 40 1 1 0
0.132036 40 40 1 1 0
0.132142 40 40 1 1 0
0.132247 40 40 1 1 0
0.132353 40 40 1 1 0
0.132459 40 40 1 1 0
0.132564 40 40 1 1 0
0.13267 40 40 1 1 0
0.132776 40 40 1 1 0
0.132881 40 40 1 1 0
0.132987 40 40 1 1 0
0.133093 40 40 1 1 0
0.133198 40 40 1 1 0
0.133304 40 40 1 1 0
0.13341 40 40 1 1 0
0.133515 40 40 1 1 0
0.133621 40 40 1 1 0
0.133727 40 40 1 1 0
0.133832 40 40 1 1 0
0.133938 40 40 1 1 0
0.134044 40 40 1 1 0
0.134149 40 40 1 1 0
0.134255 40 40 1 1 0
0.134361 40 40 1 1 0
0.134466 40 40 1 1 0
0.134572 40 40 1 1 0
0.134678 40 40 1 1 0
0.134783 40 40 1 1 0
0.134889 40 40 1 1 0
0.134995 40 40 1 1 0
0.1351 40 40 1 1 0
0.135206 40 40 1 1 0
0.135312 40 40 1 1 0
0.135417 40 40 1 1 0
0.135523 40 40 1 1 0
0.135629 40 40 1 1 0
0.135735 40 40 1 1 0
0.13584 40 40 1 1 0
0.135946 40 40 1 1 0
0.136052 40 40 1 1 0
0.136157 40 40 1 1 0
0.136263 40 40 1 1 0
0.136369 40 40 1 1 0
0.136474 40 40 1 1 0
0.13658 40 40 1 1 0
0.136686 40 40 1 1 0
0.136791 40 40 1 1 0
0.136897 40 40 1 1 0
0.137003 40 40 1 1 0
0.137109 40 40 1 1 0
0.137214 40 40 1 1 0
0.13732 40 40 1 1 0
0.137426 40 40 1 1 0
0.137531 40 40 1 1 0
0.137637 40 40 1 1 0
0.137743 40 40 1 1 0
0.137848 40 40 1 1 0
0.137954 40 40 1 1 0
0.13806 40 40 1 1 0
0.138166 40 40 1 1 0
0.138271 40 40 1 1 0
0.138377 40 40 1 1 0
0.138483 40 40 1 1 0
0.138588 40 40 1 1 0
0.138694 40 40 1 1 0
0.1388 40 40 1 1 0
0.138906 40 40 1 1 0
0.139011 40 40 1 1 0
0.139117 40 40 1 1 0
0.139223 40 40 1 1 0
0.139328 40 40 1 1 0
0.139434 40 40 1 1 0
0.13954 40 40 1 1 0
0.139645 40 40 1 1 0
0.139751 40 40 1 1 0
0.139857 40 40 1 1 0
0.139963 40 40 1 1 0
0.140068 40 40 1 1 0
0.140174 40 40 1 1 0
0.14028 40 40 1 1 0
0.140385 40 40 1 1 0
0.140491 40 40 1 1 0
0.140597 40 40 1 1 0
0.140703 40 40 1 1 0
0.140808 40 40 1 1 0
0.140914 40 40 1 1 0
0.14102 40 40 1 1 0
0.141125 40 40 1 1 0
0.141231 40 40 1 1 0
0.141337 40 40 1 1 0
0.141443 40 40 1 1 0
0.141548 40 40 1 1 0
0.141654 40 40 1 1 0
0.14176 40 40 1 1 0
0.141866 40 40 1 1 0
0.141971 40 40 1 1 0
0.142077 40 40 1 1 0
0.142183 40 40 1 1 0
0.142288 40 40 1 1 0
0.142394 40 40 1 1 0
0.1425 40 40 1 1 0
0.142606 40 40 1 1 0
0.142711 40 40 1 1 0
0.142817 40 40 1 1 0
0.142923 40 40 1 1 0
0.143028 40 40 1 1 0
0.143134 40 40 1 1 0
0.14324 40 40 1 1 0
0.143346 40 40 1 1 0
0.143451 40 40 1 1 0
0.143557 40 40 1 1 0
0.143663 40 40 1 1 0
0.143769 40 40 1 1 0
0.143874 40 40 1 1 0
0.14398 40 40 1 1 0
0.144086 40 40 1 1 0
0.144192 40 40 1 1 0
0.144297 40 40 1 1 0
0.144403 40 40 1 1 0
0.144509 40 40 1 1 0
0.144614 40 40 1 1 0
0.14472 40 40 1 1 0
0.144826 40 40 1 1 0
0.144932 40 40 1 1 0
0.145037 40 40 1 1 0
0.145143 40 40 1 1 0
0.145249 40 40 1 1 0
0.145355 40 40 1 1 0
0.14546 40 40 1 1 0
0.145566 40 40 1 1 0
0.145672 40 40 1 1 0
0.145778 40 40 1 1 0
0.145883 40 40 1 1 0
0.145989 40 40 1 1 0
0.146095 40 40 1 1 0
0.146201 40 40 1 1 0
0.146306 40 40 1 1 0
0.146412 40 40 1 1 0
0.146518 40 40 1 1 0
0.146623 40 40 1 1 0
0.146729 40 40 1 1 0
0.146835 40 40 1 1 0
0.146941 40 40 1 1 0
0.147046 40 40 1 1 0
0.147152 40 40 1 1 0
0.147258 40 40 1 1 0
0.147364 40 40 1 1 0
0.147469 40 40 1 1 0
0.147575 40 40 1 1 0
0.147681 40 40 1 1 0
0.147787 40 40 1 1 0
0.147892 40 40 1 1 0
0.147998 40 40 1 1 0
0.148104 40 40 1 1 0
0.14821 40 40 1 1 0
0.148315 40 40 1 1 0
0.148421 40 40 1 1 0
0.148527 40 40 1 1 0
0.148633 40 40 1 1 0
0.148738 40 40 1 1 0
0.148844 40 40 1 1 0
0.14895 40 40 1 1 0
0.149056 40 40 1 1 0
0.149161 40 40 1 1 0
0.149267 40 40 1 1 0
0.149373 40 40 1 1 0
0.149479 40 40 1 1 0
0.149584 40 40 1 1 0
0.14969 40 40 1 1 0
0.149796 40 40 1 1 0
0.149902 40 40 1 1 0
0.150007 40 40 1 1 0
0.03 40 40 2 1 0
0.0299986 40 40 1 1 0
0.0299971 40 40 1 1 0
0.0299942 40 40 1 1 0
0.0299885 40 40 1 1 0
0.0299769 40 40 1 1 0
0.0299589 40 40 1 1 0
0.029941 40 40 1 1 0
0.029923 40 40 1 1 0
0.0299051 40 40 1 1 0
0.0298872 40 40 1 1 0
0.0298693 40 40 1 1 0
0.0298514 40 40 1 1 0
0.0298336 40 40 1 1 0
0.0298158 40 40 1 1 0
0.029798 40 40 1 1 0
0.0297802 40 40 1 1 0
0.0297625 40 40 1 1 0
0.0297447 40 40 1 1 0
0.029727 40 40 1 1 0
0.0297093 40 40 1 1 0
0.0296917 40 40 1 1 0
0.029674 40 40 1 1 0
0.0296564 40 40 1 1 0
0.0296388 40 40 1 1 0
0.0296212 40 40 1 1 0
0.0296037 40 40 1 1 0
0.0295861 40 40 1 1 0
0.0295686 40 40 1 1 0
0.0295511 40 40 1 1 0
0.0295336 40 40 1 1 0
0.0295162 40 40 1 1 0
0.0294987 40 40 1 1 0
0.0294813 40 40 1 1 0
0.0294639 40 40 1 1 0
0.0294466 40 40 1 1 0
0.0294292 40 40 1 1 0
0.0294119 40 40 1 1 0
0.0293946 40 40 1 1 0
0.0293773 40 40 1 1 0
0.02936 40 40 1 1 0
0.0293428 40 40 1 1 0
0.0293256 40 40 1 1 0
0.0293084 40 40 1 1 0
0.0292912 40 40 1 1 0
0.029274 40 40 1 1 0
0.0292569 40 40 1 1 0
0.0292398 40 40 1 1 0
0.0292227 40 40 1 1 0
0.0292056 40 40 1 1 0
0.0291885 40 40 1 1 0
0.0291715 40 40 1 1 0
0.0291545 40 40 1 1 0
0.0291375 40 40 1 1 0
0.0291205 40 40 1 1 0
0.0291036 40 40 1 1 0
0.0290866 40 40 1 1 0
0.0290697 40 40 1 1 0
0.0290528 40 40 1 1 0
0.0290359 40 40 1 1 0
0.0290191 40 40 1 1 0
0.0290023 40 40 1 1 0
0.0289854 40 40 1 1 0
0.0289687 40 40 1 1 0
0.0289519 40 40 1 1 0
0.0289351 40 40 1 1 0
0.0289184 40 40 1 1 0
0.0289017 40 40 1 1 0
0.028885 40 40 1 1 0
0.0288683 40 40 1 1 0
0.0288517 40 40 1 1 0
0.028835 40 40 1 1 0
0.0288184 40 40 1 1 0
0.0288018 40 40 1 1 0
0.0287853 40 40 1 1 0
0.0287687 40 40 1 1 0
0.0287522 40 40 1 1 0
0.0287357 40 40 1 1 0
0.0287192 40 40 1 1 0
0.0287027 40 40 1 1 0
0.0286863 40 40 1 1 0
0.0286698 40 40 1 1 0
0.0286534 40 40 1 1 0
0.028637 40 40 1 1 0
0.0286207 40 40 1 1 0
0.0286043 40 40 1 1 0
0.028588 40 40 1 1 0
0.0285717 40 40 1 1 0
0.0285554 40 40 1 1 0
0.0285391 40 40 1 1 0
0.0285228 40 40 1 1 0
0.0285066 40 40 1 1 0
0.0284904 40 40 1 1 0
0.0284742 40 40 1 1 0
0.028458 40 40 1 1 0
0.0284419 40 40 1 1 0
0.0284257 40 40 1 1 0
0.0284096 40 40 1 1 0
0.0283935 40 40 1 1 0
0.0283774 40 40 1 1 0
0.0283614 40 40 1 1 0
0.0283453 40 40 1 1 0
0.0283293 40 40 1 1 0
0.0283133 40 40 1 1 0
0.0282973 40 40 1 1 0
0.0282814 40 40 1 1 0
0.0282654 40 40 1 1 0
0.0282495 40 40 1 1 0
0.0282336 40 40 1 1 0
0.0282177 40 40 1 1 0
0.0282018 40 40 1 1 0
0.028186 40 40 1 1 0
0.0281702 40 40 1 1 0
0.0281544 40 40 1 1 0
0.0281386 40 40 1 1 0
0.0281228 40 40 1 1 0
0.028107 40 40 1 1 0
0.0280913 40 40 1 1 0
0.0280756 40 40 1 1 0
0.0280599 40 40 1 1 0
0.0280442 40 40 1 1 0
0.0280286 40 40 1 1 0
0.0280129 40 40 1 1 0
0.0279973 40 40 1 1 0
0.0279817 40 40 1 1 0
0.0279662 40 40 1 1 0
0.0279506 40 40 1 1 0
0.0279351 40 40 1 1 0
0.0279195 40 40 1 1 0
0.027904 40 40 1 1 0
0.0278885 40 40 1 1 0
0.0278731 40 40 1 1 0
0.0278576 40 40 1 1 0
0.0278422 40 40 1 1 0
0.0278268 40 40 1 1 0
0.0278114 40 40 1 1 0
0.027796 40 40 1 1 0
0.0277807 40 40 1 1 0
0.0277654 40 40 1 1 0
0.0277501 40 40 1 1 0
0.0277348 40 40 1 1 0
0.0277195 40 40 1 1 0
0.0277042 40 40 1 1 0
0.027689 40 40 1 1 0
0.0276738 40 40 1 1 0
0.0276586 40 40 1 1 0
0.0276434 40 40 1 1 0
0.0276282 40 40 1 1 0
0.0276131 40 40 1 1 0
0.027598 40 40 1 1 0
0.0275829 40 40 1 1 0
0.0275678 40 40 1 1 0
0.0275527 40 40 1 1 0
0.0275377 40 40 1 1 0
0.0275226 40 40 1 1 0
0.0275076 40 40 1 1 0
0.0274926 40 40 1 1 0
0.0274776 40 40 1 1 0
0.0274627 40 40 1 1 0
0.0274478 40 40 1 1 0
0.0274328 40 40 1 1 0
0.0274179 40 40 1 1 0
0.0274031 40 40 1 1 0
0.0273882 40 40 1 1 0
0.0273733 40 40 1 1 0
0.0273585 40 40 1 1 0
0.0273437 40 40 1 1 0
0.0273289 40 40 1 1 0
0.0273142 40 40 1 1 0
0.0272994 40 40 1 1 0
0.0272847 40 40 1 1 0
0.02727 40 40 1 1 0
0.0272553 40 40 1 1 0
0.0272406 40 40 1 1 0
0.0272259 40 40 1 1 0
0.0272113 40 40 1 1 0
0.0271967 40 40 1 1 0
0.0271821 40 40 1 1 0
0.0271675 40 40 1 1 0
0.0271529 40 40 1 1 0
0.0271384 40 40 1 1 0
0.0271239 40 40 1 1 0
0.0271094 40 40 1 1 0
0.0270949 40 40 1 1 0
0.0270804 40 40 1 1 0
0.0270659 40 40 1 1 0
0.0270515 40 40 1 1 0
0.0270371 40 40 1 1 0
0.0270227 40 40 1 1 0
0.0270083 40 40 1 1 0
0.026994 40 40 1 1 0
0.0269796 40 40 1 1 0
0.0269653 40 40 1 1 0
0.026951 40 40 1 1 0
0.0269367 40 40 1 1 0
0.0269225 40 40 1 1 0
0.0269082 40 40 1 1 0
0.026894 40 40 1 1 0
0.0268798 40 40 1 1 0
0.0268656 40 40 1 1 0
0.0268514 40 40 1 1 0
0.0268373 40 40 1 1 0
0.0268231 40 40 1 1 0
0.026809 40 40 1 1 0
0.0267949 40 40 1 1 0
0.0267808 40 40 1 1 0
0.0267668 40 40 1 1 0
0.0267527 40 40 1 1 0
0.0267387 40 40 1 1 0
0.0267247 40 40 1 1 0
0.0267107 40 40 1 1 0
0.0266967 40 40 1 1 0
0.0266828 40 40 1 1 0
0.0266688 40 40 1 1 0
0.0266549 40 40 1 1 0
0.026641 40 40 1 1 0
0.0266272 40 40 1 1 0
0.0266133 40 40 1 1 0
0.0265995 40 40 1 1 0
0.0265857 40 40 1 1 0
0.0265718 40 40 1 1 0
0.0265581 40 40 1 1 0
0.0265443 40 40 1 1 0
0.0265306 40 40 1 1 0
0.0265168 40 40 1 1 0
0.0265031 40 40 1 1 0
0.0264894 40 40 1 1 0
0.0264758 40 40 1 1 0
0.0264621 40 40 1 1 0
0.0264485 40 40 1 1 0
0.0264349 40 40 1 1 0
0.0264213 40 40 1 1 0
0.0264077 40 40 1 1 0
0.0263941 40 40 1 1 0
0.0263806 40 40 1 1 0
0.0263671 40 40 1 1 0
0.0263536 40 40 1 1 0
0.0263401 40 40 1 1 0
0.0263266 40 40 1 1 0
0.0263132 40 40 1 1 0
0.0262997 40 40 1 1 0
0.0262863 40 40 1 1 0
0.0262729 40 40 1 1 0
0.0262596 40 40 1 1 0
0.0262462 40 40 1 1 0
0.0262329 40 40 1 1 0
0.0262196 40 40 1 1 0
0.0262063 40 40 1 1 0
0.026193 40 40 1 1 0
0.0261797 40 40 1 1 0
0.0261665 40 40 1 1 0
0.0261533 40 40 1 1 0
0.0261401 40 40 1 1 0
0.0261269 40 40 1 1 0
0.0261137 40 40 1 1 0
0.0261006 40 40 1 1 0
0.0260874 40 40 1 1 0
0.0260743 40 40 1 1 0
0.0260612 40 40 1 1 0
0.0260482 40 40 1 1 0
0.0260351 40 40 1 1 0
0.0260221 40 40 1 1 0
0.026009 40 40 1 1 0
0.0259961 40 40 1 1 0
0.0259831 40 40 1 1 0
0.0259701 40 40 1 1 0
0.0259572 40 40 1 1 0
0.0259442 40 40 1 1 0
0.0259313 40 40 1 1 0
0.0259185 40 40 1 1 0
0.0259056 40 40 1 1 0
0.0258928 40 40 1 1 0
0.0258799 40 40 1 1 0
0.0258671 40 40 1 1 0
0.0258543 40 40 1 1 0
0.0258416 40 40 1 1 0
0.0258288 40 40 1 1 0
0.0258161 40 40 1 1 0
0.0258034 40 40 1 1 0
0.0257907 40 40 1 1 0
0.025778 40 40 1 1 0
0.0257653 40 40 1 1 0
0.0257527 40 40 1 1 0
0.0257401 40 40 1 1 0
0.0257275 40 40 1 1 0
0.0257149 40 40 1 1 0
0.0257023 40 40 1 1 0
0.0256898 40 40 1 1 0
0.0256773 40 40 1 1 0
0.0256648 40 40 1 1 0
0.0256523 40 40 1 1 0
0.0256398 40 40 1 1 0
0.0256274 40 40 1 1 0
0.0256149 40 40 1 1 0
0.0256025 40 40 1 1 0
0.0255901 40 40 1 1 0
0.0255778 40 40 1 1 0
0.0255654 40 40 1 1 0
0.0255531 40 40 1 1 0
0.0255408 40 40 1 1 0
0.0255285 40 40 1 1 0
0.0255162 40 40 1 1 0
0.0255039 40 40 1 1 0
0.0254917 40 40 1 1 0
0.0254795 40 40 1 1 0
0.0254673 40 40 1 1 0
0.0254551 40 40 1 1 0
0.0254429 40 40 1 1 0
0.0254308 40 40 1 1 0
0.0254187 40 40 1 1 0
0.0254066 40 40 1 1 0
0.0253945 40 40 1 1 0
0.0253824 40 40 1 1 0
0.0253704 40 40 1 1 0
0.0253584 40 40 1 1 0
0.0253464 40 40 1 1 0
0.0253344 40 40 1 1 0
0.0253224 40 40 1 1 0
0.0253105 40 40 1 1 0
0.0252985 40 40 1 1 0
0.0252866 40 40 1 1 0
0.0252747 40 40 1 1 0
0.0252629 40 40 1 1 0
0.025251 40 40 1 1 0
0.0252392 40 40 1 1 0
0.0252274 40 40 1 1 0
0.0252156 40 40 1 1 0
0.0252038 40 40 1 1 0
0.0251921 40 40 1 1 0
0.0251803 40 40 1 1 0
0.0251686 40 40 1 1 0
0.0251569 40 40 1 1 0
0.0251453 40 40 1 1 0
0.0251336 40 40 1 1 0
0.025122 40 40 1 1 0
0.0251104 40 40 1 1 0
0.0250988 40 40 1 1 0
0.0250872 40 40 1 1 0
0.0250756 40 40 1 1 0
0.0250641 40 40 1 1 0
0.0250526 40 40 1 1 0
0.0250411 40 40 1 1 0
0.0250296 40 40 1 1 0
0.0250182 40 40 1 1 0
0.0250067 40 40 1 1 0
0.0249953 40 40 1 1 0
0.0249839 40 40 1 1 0
0.0249725 40 40 1 1 0
0.0249612 40 40 1 1 0
0.0249498 40 40 1 1 0
0.0249385 40 40 1 1 0
0.0249272 40 40 1 1 0
0.024916 40 40 1 1 0
0.0249047 40 40 1 1 0
0.0248935 40 40 1 1 0
0.0248822 40 40 1 1 0
0.024871 40 40 1 1 0
0.0248599 40 40 1 1 0
0.0248487 40 40 1 1 0
0.0248376 40 40 1 1 0
0.0248265 40 40 1 1 0
0.0248154 40 40 1 1 0
0.0248043 40 40 1 1 0
0.0247932 40 40 1 1 0
0.0247822 40 40 1 1 0
0.0247712 40 40 1 1 0
0.0247602 40 40 1 1 0
0.0247492 40 40 1 1 0
0.0247383 40 40 1 1 0
0.0247273 40 40 1 1 0
0.0247164 40 40 1 1 0
0.0247055 40 40 1 1 0
0.0246946 40 40 1 1 0
0.0246838 40 40 1 1 0
0.024673 40 40 1 1 0
0.0246621 40 40 1 1 0
0.0246514 40 40 1 1 0
0.0246406 40 40 1 1 0
0.0246298 40 40 1 1 0
0.0246191 40 40 1 1 0
0.0246084 40 40 1 1 0
0.0245977 40 40 1 1 0
0.024587 40 40 1 1 0
0.0245764 40 40 1 1 0
0.0245658 40 40 1 1 0
0.0245552 40 40 1 1 0
0.0245446 40 40 1 1 0
0.024534 40 40 1 1 0
0.0245235 40 40 1 1 0
0.0245129 40 40 1 1 0
0.0245024 40 40 1 1 0
0.024492 40 40 1 1 0
0.0244815 40 40 1 1 0
0.0244711 40 40 1 1 0
0.0244606 40 40 1 1 0
0.0244502 40 40 1 1 0
0.0244399 40 40 1 1 0
0.0244295 40 40 1 1 0
0.0244192 40 40 1 1 0
0.0244089 40 40 1 1 0
0.0243986 40 40 1 1 0
0.0243883 40 40 1 1 0
0.024378 40 40 1 1 0
0.0243678 40 40 1 1 0
0.0243576 40 40 1 1 0
0.0243474 40 40 1 1 0
0.0243372 40 40 1 1 0
0.0243271 40 40 1 1 0
0.024317 40 40 1 1 0
0.0243069 40 40 1 1 0
0.0242968 40 40 1 1 0
0.0242867 40 40 1 1 0
0.0242767 40 40 1 1 0
0.0242667 40 40 1 1 0
0.0242567 40 40 1 1 0
0.0242467 40 40 1 1 0
0.0242367 40 40 1 1 0
0.0242268 40 40 1 1 0
0.0242169 40 40 1 1 0
0.024207 40 40 1 1 0
0.0241971 40 40 1 1 0
0.0241873 40 40 1 1 0
0.0241775 40 40 1 1 0
0.0241677 40 40 1 1 0
0.0241579 40 40 1 1 0
0.0241481 40 40 1 1 0
0.0241384 40 40 1 1 0
0.0241287 40 40 1 1 0
0.024119 40 40 1 1 0
0.0241093 40 40 1 1 0
0.0240996 40 40 1 1 0
0.02409 40 40 1 1 0
0.0240804 40 40 1 1 0
0.0240708 40 40 1 1 0
0.0240612 40 40 1 1 0
0.0240517 40 40 1 1 0
0.0240422 40 40 1 1 0
0.0240327 40 40 1 1 0
0.0240232 40 40 1 1 0
0.0240138 40 40 1 1 0
0.0240043 40 40 1 1 0
0.0239949 40 40 1 1 0
0.0239855 40 40 1 1 0
0.0239762 40 40 1 1 0
0.0239668 40 40 1 1 0
0.0239575 40 40 1 1 0
0.0239482 40 40 1 1 0
0.0239389 40 40 1 1 0
0.0239297 40 40 1 1 0
0.0239204 40 40 1 1 0
0.0239112 40 40 1 1 0
0.023902 40 40 1 1 0
0.0238929 40 40 1 1 0
0.0238837 40 40 1 1 0
0.0238746 40 40 1 1 0
0.0238655 40 40 1 1 0
0.0238565 40 40 1 1 0
0.0238474 40 40 1 1 0
0.0238384 40 40 1 1 0
0.0238294 40 40 1 1 0
0.0238204 40 40 1 1 0
0.0238114 40 40 1 1 0
0.0238025 40 40 1 1 0
0.0237936 40 40 1 1 0
0.0237847 40 40 1 1 0
0.0237758 40 40 1 1 0
0.023767 40 40 1 1 0
0.0237582 40 40 1 1 0
0.0237494 40 40 1 1 0
0.0237406 40 40 1 1 0
0.0237318 40 40 1 1 0
0.0237231 40 40 1 1 0
0.0237144 40 40 1 1 0
0.0237057 40 40 1 1 0
0.023697 40 40 1 1 0
0.0236884 40 40 1 1 0
0.0236798 40 40 1 1 0
0.0236712 40 40 1 1 0
0.0236626 40 40 1 1 0
0.0236541 40 40 1 1 0
0.0236456 40 40 1 1 0
0.0236371 40 40 1 1 0
0.0236286 40 40 1 1 0
0.0236202 40 40 1 1 0
0.0236117 40 40 1 1 0
0.0236033 40 40 1 1 0
0.023595 40 40 1 1 0
0.0235866 40 40 1 1 0
0.0235783 40 40 1 1 0
0.02357 40 40 1 1 0
0.0235617 40 40 1 1 0
0.0235535 40 40 1 1 0
0.0235452 40 40 1 1 0
0.023537 40 40 1 1 0
0.0235288 40 40 1 1 0
0.0235207 40 40 1 1 0
0.0235125 40 40 1 1 0
0.0235044 40 40 1 1 0
0.0234963 40 40 1 1 0
0.0234883 40 40 1 1 0
0.0234802 40 40 1 1 0
0.0234722 40 40 1 1 0
0.0234642 40 40 1 1 0
0.0234563 40 40 1 1 0
0.0234483 40 40 1 1 0
0.0234404 40 40 1 1 0
0.0234325 40 40 1 1 0
0.0234247 40 40 1 1 0
0.0234168 40 40 1 1 0
0.023409 40 40 1 1 0
0.0234012 40 40 1 1 0
0.0233934 40 40 1 1 0
0.0233857 40 40 1 1 0
0.023378 40 40 1 1 0
0.0233703 40 40 1 1 0
0.0233626 40 40 1 1 0
0.023355 40 40 1 1 0
0.0233474 40 40 1 1 0
0.0233398 40 40 1 1 0
0.0233322 40 40 1 1 0
0.0233247 40 40 1 1 0
0.0233172 40 40 1 1 0
0.0233097 40 40 1 1 0
0.0233022 40 40 1 1 0
0.0232948 40 40 1 1 0
0.0232874 40 40 1 1 0
0.02328 40 40 1 1 0
0.0232726 40 40 1 1 0
0.0232653 40 40 1 1 0
0.023258 40 40 1 1 0
0.0232507 40 40 1 1 0
0.0232435 40 40 1 1 0
0.0232362 40 40 1 1 0
0.023229 40 40 1 1 0
0.0232219 40 40 1 1 0
0.0232147 40 40 1 1 0
0.0232076 40 40 1 1 0
0.0232005 40 40 1 1 0
0.0231934 40 40 1 1 0
0.0231864 40 40 1 1 0
0.0231794 40 40 1 1 0
0.0231724 40 40 1 1 0
0.0231654 40 40 1 1 0
0.0231585 40 40 1 1 0
0.0231516 40 40 1 1 0
0.0231447 40 40 1 1 0
0.0231378 40 40 1 1 0
0.023131 40 40 1 1 0
0.0231242 40 40 1 1 0
0.0231174 40 40 1 1 0
0.0231107 40 40 1 1 0
0.023104 40 40 1 1 0
0.0230973 40 40 1 1 0
0.0230906 40 40 1 1 0
0.023084 40 40 1 1 0
0.0230774 40 40 1 1 0
0.0230708 40 40 1 1 0
0.0230642 40 40 1 1 0
0.0230577 40 40 1 1 0
0.0230512 40 40 1 1 0
0.0230447 40 40 1 1 0
0.0230383 40 40 1 1 0
0.0230319 40 40 1 1 0
0.0230255 40 40 1 1 0
0.0230191 40 40 1 1 0
0.0230128 40 40 1 1 0
0.0230065 40 40 1 1 0
0.0230002 40 40 1 1 0
0.022994 40 40 1 1 0
0.0229878 40 40 1 1 0
0.0229816 40 40 1 1 0
0.0229755 40 40 1 1 0
0.0229693 40 40 1 1 0
0.0229632 40 40 1 1 0
0.0229572 40 40 1 1 0
0.0229511 40 40 1 1 0
0.0229451 40 40 1 1 0
0.0229391 40 40 1 1 0
0.0229332 40 40 1 1 0
0.0229273 40 40 1 1 0
0.0229214 40 40 1 1 0
0.0229155 40 40 1 1 0
0.0229097 40 40 1 1 0
0.0229039 40 40 1 1 0
0.0228981 40 40 1 1 0
0.0228924 40 40 1 1 0
0.0228866 40 40 1 1 0
0.022881 40 40 1 1 0
0.0228753 40 40 1 1 0
0.0228697 40 40 1 1 0
0.0228641 40 40 1 1 0
0.0228585 40 40 1 1 0
0.022853 40 40 1 1 0
0.0228475 40 40 1 1 0
0.022842 40 40 1 1 0
0.0228366 40 40 1 1 0
0.0228312 40 40 1 1 0
0.0228258 40 40 1 1 0
0.0228205 40 40 1 1 0
0.0228152 40 40 1 1 0
0.0228099 40 40 1 1 0
0.0228046 40 40 1 1 0
0.0227994 40 40 1 1 0
0.0227942 40 40 1 1 0
0.0227891 40 40 1 1 0
0.022784 40 40 1 1 0
0.0227789 40 40 1 1 0
0.0227738 40 40 1 1 0
0.0227688 40 40 1 1 0
0.0227638 40 40 1 1 0
0.0227588 40 40 1 1 0
0.0227539 40 40 1 1 0
0.022749 40 40 1 1 0
0.0227442 40 40 1 1 0
0.0227393 40 40 1 1 0
0.0227345 40 40 1 1 0
0.0227298 40 40 1 1 0
0.0227251 40 40 1 1 0
0.0227204 40 40 1 1 0
0.0227157 40 40 1 1 0
0.0227111 40 40 1 1 0
0.0227065 40 40 1 1 0
0.0227019 40 40 1 1 0
0.0226974 40 40 1 1 0
0.0226929 40 40 1 1 0
0.0226884 40 40 1 1 0
0.022684 40 40 1 1 0
0.0226796 40 40 1 1 0
0.0226753 40 40 1 1 0
0.022671 40 40 1 1 0
0.0226667 40 40 1 1 0
0.0226624 40 40 1 1 0
0.0226582 40 40 1 1 0
0.022654 40 40 1 1 0
0.0226499 40 40 1 1 0
0.0226458 40 40 1 1 0
0.0226417 40 40 1 1 0
0.0226377 40 40 1 1 0
0.0226337 40 40 1 1 0
0.0226297 40 40 1 1 0
0.0226258 40 40 1 1 0
0.0226219 40 40 1 1 0
0.022618 40 40 1 1 0
0.0226142 40 40 1 1 0
0.0226104 40 40 1 1 0
0.0226067 40 40 1 1 0
0.022603 40 40 1 1 0
0.0225993 40 40 1 1 0
0.0225957 40 40 1 1 0
0.0225921 40 40 1 1 0
0.0225885 40 40 1 1 0
0.022585 40 40 1 1 0
0.0225815 40 40 1 1 0
0.0225781 40 40 1 1 0
0.0225747 40 40 1 1 0
0.0225713 40 40 1 1 0
0.022568 40 40 1 1 0
0.0225647 40 40 1 1 0
0.0225615 40 40 1 1 0
0.0225583 40 40 1 1 0
0.0225551 40 40 1 1 0
0.022552 40 40 1 1 0
0.0225489 40 40 1 1 0
0.0225458 40 40 1 1 0
0.0225428 40 40 1 1 0
0.0225398 40 40 1 1 0
0.0225369 40 40 1 1 0
0.022534 40 40 1 1 0
0.0225312 40 40 1 1 0
0.0225284 40 40 1 1 0
0.0225256 40 40 1 1 0
0.0225229 40 40 1 1 0
0.0225202 40 40 1 1 0
0.0225175 40 40 1 1 0
0.0225149 40 40 1 1 0
0.0225124 40 40 1 1 0
0.0225099 40 40 1 1 0
0.0225074 40 40 1 1 0
0.022505 40 40 1 1 0
0.0225026 40 40 1 1 0
0.0225002 40 40 1 1 0
0.0224979 40 40 1 1 0
0.0224957 40 40 1 1 0
0.0224934 40 40 1 1 0
0.0224913 40 40 1 1 0
0.0224891 40 40 1 1 0
0.022487 40 40 1 1 0
0.022485 40 40 1 1 0
0.022483 40 40 1 1 0
0.0224811 40 40 1 1 0
0.0224792 40 40 1 1 0
0.0224773 40 40 1 1 0
0.0224755 40 40 1 1 0
0.0224737 40 40 1 1 0
0.022472 40 40 1 1 0
0.0224703 40 40 1 1 0
0.0224687 40 40 1 1 0
0.0224671 40 40 1 1 0
0.0224655 40 40 1 1 0
0.0224641 40 40 1 1 0
0.0224626 40 40 1 1 0
0.0224612 40 40 1 1 0
0.0224599 40 40 1 1 0
0.0224586 40 40 1 1 0
0.0224573 40 40 1 1 0
0.0224561 40 40 1 1 0
0.022455 40 40 1 1 0
0.0224538 40 40 1 1 0
0.0224528 40 40 1 1 0
0.0224518 40 40 1 1 0
0.0224508 40 40 1 1 0
0.0224499 40 40 1 1 0
0.0224491 40 40 1 1 0
0.0224483 40 40 1 1 0
0.0224475 40 40 1 1 0
0.0224468 40 40 1 1 0
0.0224461 40 40 1 1 0
0.0224455 40 40 1 1 0
0.022445 40 40 1 1 0
0.0224445 40 40 1 1 0
0.022444 40 40 1 1 0
0.0224436 40 40 1 1 0
0.0224433 40 40 1 1 0
0.022443 40 40 1 1 0
0.0224428 40 40 1 1 0
0.0224426 40 40 1 1 0
0.0224425 40 40 1 1 0
0.0224424 40 40 1 1 0
0.0224424 40 40 1 1 0
0.0224424 40 40 2 1 0
0.0224425 40 40 2 1 0
0.0224426 40 40 2 1 0
0.0224428 40 40 2 1 0
0.0224431 40 40 2 1 0
0.0224434 40 40 2 1 0
0.0224438 40 40 2 1 0
0.0224442 40 40 2 1 0
0.0224447 40 40 2 1 0
0.0224452 40 40 2 1 0
0.0224458 40 40 2 1 0
0.0224464 40 40 2 1 0
0.0224472 40 40 2 1 0
0.0224479 40 40 2 1 0
0.0224488 40 40 2 1 0
0.0224496 40 40 2 1 0
0.0224506 40 40 2 1 0
0.0224516 40 40 2 1 0
0.0224527 40 40 2 1 0
0.0224538 40 40 2 1 0
0.022455 40 40 2 1 0
0.0224563 40 40 2 1 0
0.0224576 40 40 2 1 0
0.022459 40 40 2 1 0
0.0224604 40 40 2 1 0
0.0224619 40 40 2 1 0
0.0224635 40 40 2 1 0
0.0224652 40 40 2 1 0
0.0224669 40 40 2 1 0
0.0224686 40 40 2 1 0
0.0224705 40 40 2 1 0
0.0224724 40 40 2 1 0
0.0224743 40 40 2 1 0
0.0224764 40 40 2 1 0
0.0224785 40 40 2 1 0
0.0224806 40 40 2 1 0
0.0224829 40 40 2 1 0
0.0224852 40 40 2 1 0
0.0224876 40 40 2 1 0
0.02249 40 40 2 1 0
0.0224925 40 40 2 1 0
0.0224951 40 40 2 1 0
0.0224978 40 40 2 1 0
0.0225005 40 40 2 1 0
0.0225033 40 40 2 1 0
0.0225062 40 40 2 1 0
0.0225091 40 40 2 1 0
0.0225121 40 40 2 1 0
0.0225152 40 40 2 1 0
0.0225184 40 40 2 1 0
0.0225216 40 40 2 1 0
0.022525 40 40 2 1 0
0.0225284 40 40 2 1 0
0.0225318 40 40 2 1 0
0.0225354 40 40 2 1 0
0.022539 40 40 2 1 0
0.0225427 40 40 2 1 0
0.0225465 40 40 2 1 0
0.0225503 40 40 2 1 0
0.0225543 40 40 2 1 0
0.0225583 40 40 2 1 0
0.0225624 40 40 2 1 0
0.0225666 40 40 2 1 0
0.0225708 40 40 2 1 0
0.0225752 40 40 2 1 0
0.0225796 40 40 2 1 0
0.0225841 40 40 2 1 0
0.0225887 40 40 2 1 0
0.0225934 40 40 2 1 0
0.0225982 40 40 2 1 0
0.022603 40 40 2 1 0
0.022608 40 40 2 1 0
0.022613 40 40 2 1 0
0.0226181 40 40 2 1 0
0.0226233 40 40 2 1 0
0.0226286 40 40 2 1 0
0.022634 40 40 2 1 0
0.0226395 40 40 2 1 0
0.022645 40 40 2 1 0
0.0226507 40 40 2 1 0
0.0226564 40 40 2 1 0
0.0226623 40 40 2 1 0
0.0226682 40 40 2 1 0
0.0226742 40 40 2 1 0
0.0226804 40 40 2 1 0
0.0226866 40 40 2 1 0
0.0226929 40 40 2 1 0
0.0226993 40 40 2 1 0
0.0227058 40 40 2 1 0
0.0227124 40 40 2 1 0
0.0227192 40 40 2 1 0
0.022726 40 40 2 1 0
0.0227329 40 40 2 1 0
0.0227399 40 40 2 1 0
0.022747 40 40 2 1 0
0.0227543 40 40 2 1 0
0.0227616 40 40 2 1 0
0.022769 40 40 2 1 0
0.0227766 40 40 2 1 0
0.0227842 40 40 2 1 0
0.022792 40 40 2 1 0
0.0227999 40 40 2 1 0
0.0228078 40 40 2 1 0
0.0228159 40 40 2 1 0
0.0228241 40 40 2 1 0
0.0228325 40 40 2 1 0
0.0228409 40 40 2 1 0
0.0228494 40 40 2 1 0
0.0228581 40 40 2 1 0
0.0228669 40 40 2 1 0
0.0228758 40 40 2 1 0
0.0228848 40 40 2 1 0
0.0228939 40 40 2 1 0
0.0229032 40 40 2 1 0
0.0229125 40 40 2 1 0
0.022922 40 40 2 1 0
0.0229317 40 40 2 1 0
0.0229414 40 40 2 1 0
0.0229513 40 40 2 1 0
0.0229613 40 40 2 1 0
0.0229714 40 40 2 1 0
0.0229817 40 40 2 1 0
0.022992 40 40 2 1 0
0.0230026 40 40 2 1 0
0.0230132 40 40 2 1 0
0.023024 40 40 2 1 0
0.0230349 40 40 2 1 0
0.023046 40 40 2 1 0
0.0230572 40 40 2 1 0
0.0230685 40 40 2 1 0
0.02308 40 40 2 1 0
0.0230916 40 40 2 1 0
0.0231034 40 40 2 1 0
0.0231153 40 40 2 1 0
0.0231273 40 40 2 1 0
0.0231395 40 40 2 1 0
0.0231518 40 40 2 1 0
0.0231643 40 40 2 1 0
0.023177 40 40 2 1 0
0.0231898 40 40 2 1 0
0.0232027 40 40 2 1 0
0.0232158 40 40 2 1 0
0.0232291 40 40 2 1 0
0.0232425 40 40 2 1 0
0.0232561 40 40 2 1 0
0.0232698 40 40 2 1 0
0.0232837 40 40 2 1 0
0.0232978 40 40 2 1 0
0.023312 40 40 2 1 0
0.0233264 40 40 2 1 0
0.023341 40 40 2 1 0
0.0233557 40 40 2 1 0
0.0233707 40 40 2 1 0
0.0233857 40 40 2 1 0
0.023401 40 40 2 1 0
0.0234165 40 40 2 1 0
0.0234321 40 40 2 1 0
0.0234479 40 40 2 1 0
0.0234639 40 40 2 1 0
0.02348 40 40 2 1 0
0.0234964 40 40 2 1 0
0.0235129 40 40 2 1 0
0.0235297 40 40 2 1 0
0.0235466 40 40 2 1 0
0.0235637 40 40 2 1 0
0.0235811 40 40 2 1 0
0.0235986 40 40 2 1 0
0.0236163 40 40 2 1 0
0.0236342 40 40 2 1 0
0.0236524 40 40 2 1 0
0.0236707 40 40 2 1 0
0.0236892 40 40 2 1 0
0.023708 40 40 2 1 0
0.023727 40 40 2 1 0
0.0237462 40 40 2 1 0
0.0237656 40 40 2 1 0
0.0237852 40 40 2 1 0
0.0238051 40 40 2 1 0
0.0238251 40 40 2 1 0
0.0238455 40 40 2 1 0
0.023866 40 40 2 1 0
0.0238868 40 40 2 1 0
0.0239078 40 40 2 1 0
0.023929 40 40 2 1 0
0.0239505 40 40 2 1 0
0.0239723 40 40 2 1 0
0.0239943 40 40 2 1 0
0.0240165 40 40 2 1 0
0.024039 40 40 2 1 0
0.0240617 40 40 2 1 0
0.0240847 40 40 2 1 0
0.024108 40 40 2 1 0
0.0241315 40 40 2 1 0
0.0241553 40 40 2 1 0
0.0241794 40 40 2 1 0
0.0242037 40 40 2 1 0
0.0242284 40 40 2 1 0
0.0242533 40 40 2 1 0
0.0242785 40 40 2 1 0
0.0243039 40 40 2 1 0
0.0243297 40 40 2 1 0
0.0243558 40 40 2 1 0
0.0243821 40 40 2 1 0
0.0244088 40 40 2 1 0
0.0244358 40 40 2 1 0
0.024463 40 40 2 1 0
0.0244906 40 40 2 1 0
0.0245185 40 40 2 1 0
0.0245468 40 40 2 1 0
0.0245753 40 40 2 1 0
0.0246042 40 40 2 1 0
0.0246334 40 40 2 1 0
0.024663 40 40 2 1 0
0.0246929 40 40 2 1 0
0.0247232 40 40 2 1 0
0.0247538 40 40 2 1 0
0.0247847 40 40 2 1 0
0.024816 40 40 2 1 0
0.0248477 40 40 2 1 0
0.0248798 40 40 2 1 0
0.0249122 40 40 2 1 0
0.024945 40 40 2 1 0
0.0249782 40 40 2 1 0
0.0250118 40 40 2 1 0
0.0250458 40 40 2 1 0
0.0250802 40 40 2 1 0
0.025115 40 40 2 1 0
0.0251502 40 40 2 1 0
0.0251858 40 40 2 1 0
0.0252218 40 40 2 1 0
0.0252583 40 40 2 1 0
0.0252952 40 40 2 1 0
0.0253326 40 40 2 1 0
0.0253704 40 40 2 1 0
0.0254086 40 40 2 1 0
0.0254473 40 40 2 1 0
0.0254865 40 40 2 1 0
0.0255262 40 40 2 1 0
0.0255663 40 40 2 1 0
0.025607 40 40 2 1 0
0.0256481 40 40 2 1 0
0.0256897 40 40 2 1 0
0.0257318 40 40 2 1 0
0.0257745 40 40 2 1 0
0.0258177 40 40 2 1 0
0.0258614 40 40 2 1 0
0.0259057 40 40 2 1 0
0.0259505 40 40 2 1 0
0.0259958 40 40 2 1 0
0.0260418 40 40 2 1 0
0.0260883 40 40 2 1 0
0.0261354 40 40 2 1 0
0.0261831 40 40 2 1 0
0.0262314 40 40 2 1 0
0.0262803 40 40 2 1 0
0.0263298 40 40 2 1 0
0.02638 40 40 2 1 0
0.0264308 40 40 2 1 0
0.0264823 40 40 2 1 0
0.0265344 40 40 2 1 0
0.0265872 40 40 2 1 0
0.0266407 40 40 2 1 0
0.0266948 40 40 2 1 0
0.0267497 40 40 2 1 0
0.0268054 40 40 2 1 0
0.0268617 40 40 2 1 0
0.0269188 40 40 2 1 0
0.0269767 40 40 2 1 0
0.0270353 40 40 2 1 0
0.0270947 40 40 2 1 0
0.0271549 40 40 2 1 0
0.0272159 40 40 2 1 0
0.0272778 40 40 2 1 0
0.0273405 40 40 2 1 0
0.027404 40 40 2 1 0
0.0274684 40 40 2 1 0
0.0275337 40 40 2 1 0
0.0276 40 40 2 1 0
0.0276671 40 40 2 1 0
0.0277352 40 40 2 1 0
0.0278042 40 40 2 1 0
0.0278742 40 40 2 1 0
0.0279452 40 40 2 1 0
0.0280172 40 40 2 1 0
0.0280902 40 40 2 1 0
0.0281643 40 40 2 1 0
0.0282394 40 40 2 1 0
0.0283156 40 40 2 1 0
0.028393 40 40 2 1 0
0.0284715 40 40 2 1 0
0.0285511 40 40 2 1 0
0.0286319 40 40 2 1 0
0.0287139 40 40 2 1 0
0.0287971 40 40 2 1 0
0.0288816 40 40 2 1 0
0.0289674 40 40 2 1 0
0.0290545 40 40 2 1 0
0.0291429 40 40 2 1 0
0.0292326 40 40 2 1 0
0.0293238 40 40 2 1 0
0.0294163 40 40 2 1 0
0.0295103 40 40 2 1 0
0.0296058 40 40 2 1 0
0.0297028 40 40 2 1 0
0.0298013 40 40 2 1 0
0.0299014 40 40 2 1 0
0.0300031 40 40 2 1 0
0.0301065 40 40 2 1 0
0.0302116 40 40 2 1 0
0.0303183 40 40 2 1 0
0.0304269 40 40 2 1 0
0.0305372 40 40 2 1 0
0.0306494 40 40 2 1 0
0.0307635 40 40 2 1 0
0.0308795 40 40 2 1 0
0.0309975 40 40 2 1 0
0.0311175 40 40 2 1 0
0.0312396 40 40 2 1 0
0.0313638 40 40 2 1 0
0.0314902 40 40 2 1 0
0.0316188 40 40 2 1 0
0.0317497 40 40 2 1 0
0.031883 40 40 2 1 0
0.0320187 40 40 2 1 0
0.0321568 40 40 2 1 0
0.0322975 40 40 2 1 0
0.0324408 40 40 2 1 0
0.0325867 40 40 2 1 0
0.0327354 40 40 2 1 0
0.0328869 40 40 2 1 0
0.0330413 40 40 2 1 0
0.0331986 40 40 2 1 0
0.033359 40 40 2 1 0
0.0335225 40 40 2 1 0
0.0336893 40 40 2 1 0
0.0338594 40 40 2 1 0
0.0340329 40 40 2 1 0
0.0342099 40 40 2 1 0
0.0343905 40 40 2 1 0
0.0345748 40 40 2 1 0
0.0347629 40 40 2 1 0
0.034955 40 40 2 1 0
0.0351512 40 40 2 1 0
0.0353516 40 40 2 1 0
0.0355562 40 40 2 1 0
0.0357654 40 40 2 1 0
0.0359791 40 40 2 1 0
0.0361976 40 40 2 1 0
0.036421 40 40 2 1 0
0.0366494 40 40 2 1 0
0.0368831 40 40 2 1 0
0.0371221 40 40 2 1 0
0.0373668 40 40 2 1 0
0.0376172 40 40 2 1 0
0.0378736 40 40 2 1 0
0.0381362 40 40 2 1 0
0.0384052 40 40 2 1 0
0.0386809 40 40 2 1 0
0.0389634 40 40 2 1 0
0.0392531 40 40 2 1 0
0.0395501 40 40 2 1 0
0.0398549 40 40 2 1 0
0.0401676 40 40 2 1 0
0.0404885 40 40 2 1 0
0.0408181 40 40 2 1 0
0.0411566 40 40 2 1 0
0.0415045 40 40 2 1 0
0.0418619 40 40 2 1 0
0.0422295 40 40 2 1 0
0.0426076 40 40 2 1 0
0.0429966 40 40 2 1 0
0.043397 40 40 2 1 0
0.0438093 40 40 2 1 0
0.044234 40 40 2 1 0
0.0446717 40 40 2 1 0
0.045123 40 40 2 1 0
0.0455885 40 40 2 1 0
0.0460689 40 40 2 1 0
0.0465648 40 40 2 1 0
0.047077 40 40 2 1 0
0.0476063 40 40 2 1 0
0.0481535 40 40 2 1 0
0.0487196 40 40 2 1 0
0.0493056 40 40 2 1 0
0.0499123 40 40 2 1 0
0.050541 40 40 2 1 0
0.0511928 40 40 2 1 0
0.051869 40 40 2 1 0
0.0525709 40 40 2 1 0
0.0532999 40 40 2 1 0
0.0540577 40 40 2 1 0
0.0548459 40 40 2 1 0
0.0556662 40 40 2 1 0
0.0565207 40 40 2 1 0
0.0574113 40 40 2 1 0
0.0583405 40 40 2 1 0
0.0593105 40 40 2 1 0
0.0603241 40 40 2 1 0
0.0613842 40 40 2 1 0
0.0624937 40 40 2 1 0
0.0636562 40 40 2 1 0
0.0648753 40 40 2 1 0
0.066155 40 40 2 1 0
0.0674997 40 40 2 1 0
0.0689142 40 40 2 1 0
0.0704038 40 40 2 1 0
0.0719742 40 40 2 1 0
0.0736316 40 40 2 1 0
0.0753832 40 40 2 1 0
0.0772365 40 40 2 1 0
0.0791997 40 40 2 1 0
0.0812825 40 40 2 1 0
0.0834951 40 40 2 1 0
0.085849 40 40 2 1 0
0.088357 40 40 2 1 0
0.0910332 40 40 2 1 0
0.0938936 40 40 2 1 0
0.0969557 40 40 2 1 0
0.100239 40 40 2 1 0
0.103767 40 40 2 1 0
0.107563 40 40 2 1 0
0.111657 40 40 2 1 0
0.116079 40 40 2 1 0
0.120867 40 40 2 1 0
0.12606 40 40 2 1 0
0.131706 40 40 2 1 0
0.137859 40 40 2 1 0
0.144578 40 40 2 1 0
0.151935 40 40 2 1 0
0.151935 40 40 2 1 0
0.152553 40 40 2 1 0
0.153176 40 40 2 1 0
0.154437 40 40 2 1 0
0.157015 40 40 2 1 0
0.162412 40 40 2 1 0
0.171164 40 40 2 1 0
0.181212 40 40 2 1 0
0.192344 40 40 2 1 0
0.204715 40 40 2 1 0
0.21851 40 40 2 1 0
0.233946 40 40 2 1 0
0.251287 40 40 2 1 0
0.270848 40 40 2 1 0
0.293011 40 40 2 1 0
0.318243 40 40 2 1 0
0.347119 40 40 2 1 0
0.380352 40 40 2 1 0
0.418837 40 40 2 1 0
0.463701 40 40 2 1 0
0.516383 40 40 2 1 0
0.578727 40 40 2 1 0
0.653119 40 40 2 1 0
0.74265 40 40 2 1 0
0.851311 40 40 2 1 0
0.984173 40 40 2 1 0
1.14743 40 40 2 1 0
