0.03 80 80 2 1 0
0.0300014 80 80 1 1 0
0.0300029 80 80 1 1 0
0.0300058 80 80 1 1 0
0.0300115 80 80 1 1 0
0.0300231 80 80 1 1 0
0.0300412 80 80 1 1 0
0.0300593 80 80 1 1 0
0.0300774 80 80 1 1 0
0.0300955 80 80 1 1 0
0.0301137 80 80 1 1 0
0.0301319 80 80 1 1 0
0.0301501 80 80 1 1 0
0.0301683 80 80 1 1 0
0.0301866 80 80 1 1 0
0.0302048 80 80 1 1 0
0.0302231 80 80 1 1 0
0.0302414 80 80 1 1 0
0.0302598 80 80 1 1 0
0.0302781 80 80 1 1 0
0.0302965 80 80 1 1 0
0.0303149 80 80 1 1 0
0.0303334 80 80 1 1 0
0.0303518 80 80 1 1 0
0.0303703 80 80 1 1 0
0.0303888 80 80 1 1 0
0.0304073 80 80 1 1 0
0.0304259 80 80 1 1 0
0.0304445 80 80 1 1 0
0.030463 80 80 1 1 0
0.0304817 80 80 1 1 0
0.0305003 80 80 1 1 0
0.030519 80 80 1 1 0
0.0305377 80 80 1 1 0
0.0305564 80 80 1 1 0
0.0305751 80 80 1 1 0
0.0305939 80 80 1 1 0
0.0306126 80 80 1 1 0
0.0306314 80 80 1 1 0
0.0306503 80 80 1 1 0
0.0306691 80 80 1 1 0
0.030688 80 80 1 1 0
0.0307069 80 80 1 1 0
0.0307258 80 80 1 1 0
0.0307448 80 80 1 1 0
0.0307637 80 80 1 1 0
0.0307827 80 80 1 1 0
0.0308017 80 80 1 1 0
0.0308208 80 80 1 1 0
0.0308399 80 80 1 1 0
0.0308589 80 80 1 1 0
0.0308781 80 80 1 1 0
0.0308972 80 80 1 1 0
0.0309164 80 80 1 1 0
0.0309356 80 80 1 1 0
0.0309548 80 80 1 1 0
0.030974 80 80 1 1 0
0.0309933 80 80 1 1 0
0.0310126 80 80 1 1 0
0.0310319 80 80 1 1 0
0.0310512 80 80 1 1 0
0.0310706 80 80 1 1 0
0.0310899 80 80 1 1 0
0.0311094 80 80 1 1 0
0.0311288 80 80 1 1 0
0.0311483 80 80 1 1 0
0.0311677 80 80 1 1 0
0.0311872 80 80 1 1 0
0.0312068 80 80 1 1 0
0.0312263 80 80 1 1 0
0.0312459 80 80 1 1 0
0.0312655 80 80 1 1 0
0.0312852 80 80 1 1 0
0.0313048 80 80 1 1 0
0.0313245 80 80 1 1 0
0.0313442 80 80 1 1 0
0.031364 80 80 1 1 0
0.0313838 80 80 1 1 0
0.0314035 80 80 1 1 0
0.0314234 80 80 1 1 0
0.0314432 80 80 1 1 0
0.0314631 80 80 1 1 0
0.031483 80 80 1 1 0
0.0315029 80 80 1 1 0
0.0315228 80 80 1 1 0
0.0315428 80 80 1 1 0
0.0315628 80 80 1 1 0
0.0315828 80 80 1 1 0
0.0316029 80 80 1 1 0
0.031623 80 80 1 1 0
0.0316431 80 80 1 1 0
0.0316632 80 80 1 1 0
0.0316834 80 80 1 1 0
0.0317035 80 80 1 1 0
0.0317238 80 80 1 1 0
0.031744 80 80 1 1 0
0.0317643 80 80 1 1 0
0.0317845 80 80 1 1 0
0.0318049 80 80 1 1 0
0.0318252 80 80 1 1 0
0.0318456 80 80 1 1 0
0.031866 80 80 1 1 0
0.0318864 80 80 1 1 0
0.0319069 80 80 1 1 0
0.0319274 80 80 1 1 0
0.0319479 80 80 1 1 0
0.0319684 80 80 1 1 0
0.031989 80 80 1 1 0
0.0320096 80 80 1 1 0
0.0320302 80 80 1 1 0
0.0320508 80 80 1 1 0
0.0320715 80 80 1 1 0
0.0320922 80 80 1 1 0
0.032113 80 80 1 1 0
0.0321337 80 80 1 1 0
0.0321545 80 80 1 1 0
0.0321753 80 80 1 1 0
0.0321962 80 80 1 1 0
0.032217 80 80 1 1 0
0.032238 80 80 1 1 0
0.0322589 80 80 1 1 0
0.0322798 80 80 1 1 0
0.0323008 80 80 1 1 0
0.0323219 80 80 1 1 0
0.0323429 80 80 1 1 0
0.032364 80 80 1 1 0
0.0323851 80 80 1 1 0
0.0324062 80 80 1 1 0
0.0324274 80 80 1 1 0
0.0324486 80 80 1 1 0
0.0324698 80 80 1 1 0
0.0324911 80 80 1 1 0
0.0325123 80 80 1 1 0
0.0325337 80 80 1 1 0
0.032555 80 80 1 1 0
0.0325764 80 80 1 1 0
0.0325978 80 80 1 1 0
0.0326192 80 80 1 1 0
0.0326407 80 80 1 1 0
0.0326621 80 80 1 1 0
0.0326837 80 80 1 1 0
0.0327052 80 80 1 1 0
0.0327268 80 80 1 1 0
0.0327484 80 80 1 1 0
0.0327701 80 80 1 1 0
0.0327917 80 80 1 1 0
0.0328134 80 80 1 1 0
0.0328352 80 80 1 1 0
0.0328569 80 80 1 1 0
0.0328787 80 80 1 1 0
0.0329006 80 80 1 1 0
0.0329224 80 80 1 1 0
0.0329443 80 80 1 1 0
0.0329662 80 80 1 1 0
0.0329882 80 80 1 1 0
0.0330102 80 80 1 1 0
0.0330322 80 80 1 1 0
0.0330542 80 80 1 1 0
0.0330763 80 80 1 1 0
0.0330984 80 80 1 1 0
0.0331206 80 80 1 1 0
0.0331428 80 80 1 1 0
0.033165 80 80 1 1 0
0.0331872 80 80 1 1 0
0.0332095 80 80 1 1 0
0.0332318 80 80 1 1 0
0.0332541 80 80 1 1 0
0.0332765 80 80 1 1 0
0.0332989 80 80 1 1 0
0.0333213 80 80 1 1 0
0.0333438 80 80 1 1 0
0.0333663 80 80 1 1 0
0.0333888 80 80 1 1 0
0.0334114 80 80 1 1 0
0.033434 80 80 1 1 0
0.0334566 80 80 1 1 0
0.0334793 80 80 1 1 0
0.033502 80 80 1 1 0
0.0335248 80 80 1 1 0
0.0335475 80 80 1 1 0
0.0335703 80 80 1 1 0
0.0335932 80 80 1 1 0
0.033616 80 80 1 1 0
0.0336389 80 80 1 1 0
0.0336619 80 80 1 1 0
0.0336849 80 80 1 1 0
0.0337079 80 80 1 1 0
0.0337309 80 80 1 1 0
0.033754 80 80 1 1 0
0.0337771 80 80 1 1 0
0.0338002 80 80 1 1 0
0.0338234 80 80 1 1 0
0.0338466 80 80 1 1 0
0.0338699 80 80 1 1 0
0.0338932 80 80 1 1 0
0.0339165 80 80 1 1 0
0.0339399 80 80 1 1 0
0.0339633 80 80 1 1 0
0.0339867 80 80 1 1 0
0.0340102 80 80 1 1 0
0.0340337 80 80 1 1 0
0.0340572 80 80 1 1 0
0.0340808 80 80 1 1 0
0.0341044 80 80 1 1 0
0.034128 80 80 1 1 0
0.0341517 80 80 1 1 0
0.0341755 80 80 1 1 0
0.0341992 80 80 1 1 0
0.034223 80 80 1 1 0
0.0342468 80 80 1 1 0
0.0342707 80 80 1 1 0
0.0342946 80 80 1 1 0
0.0343186 80 80 1 1 0
0.0343425 80 80 1 1 0
0.0343666 80 80 1 1 0
0.0343906 80 80 1 1 0
0.0344147 80 80 1 1 0
0.0344389 80 80 1 1 0
0.034463 80 80 1 1 0
0.0344872 80 80 1 1 0
0.0345115 80 80 1 1 0
0.0345358 80 80 1 1 0
0.0345601 80 80 1 1 0
0.0345845 80 80 1 1 0
0.0346089 80 80 1 1 0
0.0346333 80 80 1 1 0
0.0346578 80 80 1 1 0
0.0346823 80 80 1 1 0
0.0347069 80 80 1 1 0
0.0347315 80 80 1 1 0
0.0347561 80 80 1 1 0
0.0347808 80 80 1 1 0
0.0348055 80 80 1 1 0
0.0348302 80 80 1 1 0
0.034855 80 80 1 1 0
0.0348799 80 80 1 1 0
0.0349048 80 80 1 1 0
0.0349297 80 80 1 1 0
0.0349546 80 80 1 1 0
0.0349796 80 80 1 1 0
0.0350047 80 80 1 1 0
0.0350298 80 80 1 1 0
0.0350549 80 80 1 1 0
0.0350801 80 80 1 1 0
0.0351053 80 80 1 1 0
0.0351305 80 80 1 1 0
0.0351558 80 80 1 1 0
0.0351811 80 80 1 1 0
0.0352065 80 80 1 1 0
0.0352319 80 80 1 1 0
0.0352574 80 80 1 1 0
0.0352829 80 80 1 1 0
0.0353084 80 80 1 1 0
0.035334 80 80 1 1 0
0.0353596 80 80 1 1 0
0.0353853 80 80 1 1 0
0.035411 80 80 1 1 0
0.0354368 80 80 1 1 0
0.0354626 80 80 1 1 0
0.0354884 80 80 1 1 0
0.0355143 80 80 1 1 0
0.0355402 80 80 1 1 0
0.0355662 80 80 1 1 0
0.0355922 80 80 1 1 0
0.0356183 80 80 1 1 0
0.0356444 80 80 1 1 0
0.0356706 80 80 1 1 0
0.0356968 80 80 1 1 0
0.035723 80 80 1 1 0
0.0357493 80 80 1 1 0
0.0357756 80 80 1 1 0
0.035802 80 80 1 1 0
0.0358284 80 80 1 1 0
0.0358549 80 80 1 1 0
0.0358814 80 80 1 1 0
0.035908 80 80 1 1 0
0.0359346 80 80 1 1 0
0.0359612 80 80 1 1 0
0.0359879 80 80 1 1 0
0.0360147 80 80 1 1 0
0.0360415 80 80 1 1 0
0.0360683 80 80 1 1 0
0.0360952 80 80 1 1 0
0.0361221 80 80 1 1 0
0.0361491 80 80 1 1 0
0.0361762 80 80 1 1 0
0.0362032 80 80 1 1 0
0.0362304 80 80 1 1 0
0.0362575 80 80 1 1 0
0.0362848 80 80 1 1 0
0.036312 80 80 1 1 0
0.0363393 80 80 1 1 0
0.0363667 80 80 1 1 0
0.0363941 80 80 1 1 0
0.0364216 80 80 1 1 0
0.0364491 80 80 1 1 0
0.0364767 80 80 1 1 0
0.0365043 80 80 1 1 0
0.036532 80 80 1 1 0
0.0365597 80 80 1 1 0
0.0365874 80 80 1 1 0
0.0366152 80 80 1 1 0
0.0366431 80 80 1 1 0
0.036671 80 80 1 1 0
0.036699 80 80 1 1 0
0.036727 80 80 1 1 0
0.0367551 80 80 1 1 0
0.0367832 80 80 1 1 0
0.0368114 80 80 1 1 0
0.0368396 80 80 1 1 0
0.0368679 80 80 1 1 0
0.0368962 80 80 1 1 0
0.0369246 80 80 1 1 0
0.036953 80 80 1 1 0
0.0369815 80 80 1 1 0
0.03701 80 80 1 1 0
0.0370386 80 80 1 1 0
0.0370673 80 80 1 1 0
0.037096 80 80 1 1 0
0.0371247 80 80 1 1 0
0.0371535 80 80 1 1 0
0.0371824 80 80 1 1 0
0.0372113 80 80 1 1 0
0.0372403 80 80 1 1 0
0.0372693 80 80 1 1 0
0.0372984 80 80 1 1 0
0.0373275 80 80 1 1 0
0.0373567 80 80 1 1 0
0.0373859 80 80 1 1 0
0.0374152 80 80 1 1 0
0.0374446 80 80 1 1 0
0.037474 80 80 1 1 0
0.0375035 80 80 1 1 0
0.037533 80 80 1 1 0
0.0375626 80 80 1 1 0
0.0375922 80 80 1 1 0
0.0376219 80 80 1 1 0
0.0376517 80 80 1 1 0
0.0376815 80 80 1 1 0
0.0377113 80 80 1 1 0
0.0377413 80 80 1 1 0
0.0377713 80 80 1 1 0
0.0378013 80 80 1 1 0
0.0378314 80 80 1 1 0
0.0378616 80 80 1 1 0
0.0378918 80 80 1 1 0
0.037922 80 80 1 1 0
0.0379524 80 80 1 1 0
0.0379828 80 80 1 1 0
0.0380132 80 80 1 1 0
0.0380437 80 80 1 1 0
0.0380743 80 80 1 1 0
0.038105 80 80 1 1 0
0.0381357 80 80 1 1 0
0.0381664 80 80 1 1 0
0.0381972 80 80 1 1 0
0.0382281 80 80 1 1 0
0.0382591 80 80 1 1 0
0.0382901 80 80 1 1 0
0.0383211 80 80 1 1 0
0.0383523 80 80 1 1 0
0.0383835 80 80 1 1 0
0.0384147 80 80 1 1 0
0.038446 80 80 1 1 0
0.0384774 80 80 1 1 0
0.0385089 80 80 1 1 0
0.0385404 80 80 1 1 0
0.0385719 80 80 1 1 0
0.0386036 80 80 1 1 0
0.0386353 80 80 1 1 0
0.038667 80 80 1 1 0
0.0386989 80 80 1 1 0
0.0387308 80 80 1 1 0
0.0387627 80 80 1 1 0
0.0387947 80 80 1 1 0
0.0388268 80 80 1 1 0
0.038859 80 80 1 1 0
0.0388912 80 80 1 1 0
0.0389235 80 80 1 1 0
0.0389559 80 80 1 1 0
0.0389883 80 80 1 1 0
0.0390208 80 80 1 1 0
0.0390534 80 80 1 1 0
0.039086 80 80 1 1 0
0.0391187 80 80 1 1 0
0.0391515 80 80 1 1 0
0.0391843 80 80 1 1 0
0.0392172 80 80 1 1 0
0.0392502 80 80 1 1 0
0.0392832 80 80 1 1 0
0.0393163 80 80 1 1 0
0.0393495 80 80 1 1 0
0.0393828 80 80 1 1 0
0.0394161 80 80 1 1 0
0.0394495 80 80 1 1 0
0.039483 80 80 1 1 0
0.0395165 80 80 1 1 0
0.0395501 80 80 1 1 0
0.0395838 80 80 1 1 0
0.0396175 80 80 1 1 0
0.0396514 80 80 1 1 0
0.0396853 80 80 1 1 0
0.0397192 80 80 1 1 0
0.0397533 80 80 1 1 0
0.0397874 80 80 1 1 0
0.0398216 80 80 1 1 0
0.0398559 80 80 1 1 0
0.0398902 80 80 1 1 0
0.0399246 80 80 1 1 0
0.0399591 80 80 1 1 0
0.0399937 80 80 1 1 0
0.0400283 80 80 1 1 0
0.040063 80 80 1 1 0
0.0400978 80 80 1 1 0
0.0401327 80 80 1 1 0
0.0401677 80 80 1 1 0
0.0402027 80 80 1 1 0
0.0402378 80 80 1 1 0
0.040273 80 80 1 1 0
0.0403082 80 80 1 1 0
0.0403436 80 80 1 1 0
0.040379 80 80 1 1 0
0.0404145 80 80 1 1 0
0.0404501 80 80 1 1 0
0.0404857 80 80 1 1 0
0.0405214 80 80 1 1 0
0.0405573 80 80 1 1 0
0.0405932 80 80 1 1 0
0.0406291 80 80 1 1 0
0.0406652 80 80 1 1 0
0.0407013 80 80 1 1 0
0.0407375 80 80 1 1 0
0.0407738 80 80 1 1 0
0.0408102 80 80 1 1 0
0.0408467 80 80 1 1 0
0.0408832 80 80 1 1 0
0.0409199 80 80 1 1 0
0.0409566 80 80 1 1 0
0.0409934 80 80 1 1 0
0.0410303 80 80 1 1 0
0.0410673 80 80 1 1 0
0.0411043 80 80 1 1 0
0.0411415 80 80 1 1 0
0.0411787 80 80 1 1 0
0.041216 80 80 1 1 0
0.0412534 80 80 1 1 0
0.0412909 80 80 1 1 0
0.0413285 80 80 1 1 0
0.0413661 80 80 1 1 0
0.0414039 80 80 1 1 0
0.0414417 80 80 1 1 0
0.0414796 80 80 1 1 0
0.0415176 80 80 1 1 0
0.0415557 80 80 1 1 0
0.0415939 80 80 1 1 0
0.0416322 80 80 1 1 0
0.0416706 80 80 1 1 0
0.0417091 80 80 1 1 0
0.0417476 80 80 1 1 0
0.0417863 80 80 1 1 0
0.041825 80 80 1 1 0
0.0418638 80 80 1 1 0
0.0419027 80 80 1 1 0
0.0419418 80 80 1 1 0
0.0419809 80 80 1 1 0
0.0420201 80 80 1 1 0
0.0420594 80 80 1 1 0
0.0420987 80 80 1 1 0
0.0421382 80 80 1 1 0
0.0421778 80 80 1 1 0
0.0422175 80 80 1 1 0
0.0422572 80 80 1 1 0
0.0422971 80 80 1 1 0
0.0423371 80 80 1 1 0
0.0423771 80 80 1 1 0
0.0424173 80 80 1 1 0
0.0424575 80 80 1 1 0
0.0424979 80 80 1 1 0
0.0425383 80 80 1 1 0
0.0425789 80 80 1 1 0
0.0426195 80 80 1 1 0
0.0426603 80 80 1 1 0
0.0427011 80 80 1 1 0
0.0427421 80 80 1 1 0
0.0427831 80 80 1 1 0
0.0428243 80 80 1 1 0
0.0428655 80 80 1 1 0
0.0429068 80 80 1 1 0
0.0429483 80 80 1 1 0
0.0429899 80 80 1 1 0
0.0430315 80 80 1 1 0
0.0430733 80 80 1 1 0
0.0431151 80 80 1 1 0
0.0431571 80 80 1 1 0
0.0431992 80 80 1 1 0
0.0432414 80 80 1 1 0
0.0432836 80 80 1 1 0
0.043326 80 80 1 1 0
0.0433685 80 80 1 1 0
0.0434111 80 80 1 1 0
0.0434538 80 80 1 1 0
0.0434966 80 80 1 1 0
0.0435396 80 80 1 1 0
0.0435826 80 80 1 1 0
0.0436257 80 80 1 1 0
0.043669 80 80 1 1 0
0.0437124 80 80 1 1 0
0.0437558 80 80 1 1 0
0.0437994 80 80 1 1 0
0.0438431 80 80 1 1 0
0.0438869 80 80 1 1 0
0.0439308 80 80 1 1 0
0.0439748 80 80 1 1 0
0.044019 80 80 1 1 0
0.0440632 80 80 1 1 0
0.0441076 80 80 1 1 0
0.0441521 80 80 1 1 0
0.0441966 80 80 1 1 0
0.0442414 80 80 1 1 0
0.0442862 80 80 1 1 0
0.0443311 80 80 1 1 0
0.0443762 80 80 1 1 0
0.0444213 80 80 1 1 0
0.0444666 80 80 1 1 0
0.044512 80 80 1 1 0
0.0445575 80 80 1 1 0
0.0446032 80 80 1 1 0
0.0446489 80 80 1 1 0
0.0446948 80 80 1 1 0
0.0447408 80 80 1 1 0
0.0447869 80 80 1 1 0
0.0448331 80 80 1 1 0
0.0448795 80 80 1 1 0
0.044926 80 80 1 1 0
0.0449726 80 80 1 1 0
0.0450193 80 80 1 1 0
0.0450661 80 80 1 1 0
0.0451131 80 80 1 1 0
0.0451602 80 80 1 1 0
0.0452074 80 80 1 1 0
0.0452547 80 80 1 1 0
0.0453022 80 80 1 1 0
0.0453498 80 80 1 1 0
0.0453975 80 80 1 1 0
0.0454453 80 80 1 1 0
0.0454933 80 80 1 1 0
0.0455414 80 80 1 1 0
0.0455896 80 80 1 1 0
0.045638 80 80 1 1 0
0.0456864 80 80 1 1 0
0.045735 80 80 1 1 0
0.0457838 80 80 1 1 0
0.0458326 80 80 1 1 0
0.0458816 80 80 1 1 0
0.0459308 80 80 1 1 0
0.04598 80 80 1 1 0
0.0460294 80 80 1 1 0
0.0460789 80 80 1 1 0
0.0461286 80 80 1 1 0
0.0461783 80 80 1 1 0
0.0462283 80 80 1 1 0
0.0462783 80 80 1 1 0
0.0463285 80 80 1 1 0
0.0463788 80 80 1 1 0
0.0464293 80 80 1 1 0
0.0464799 80 80 1 1 0
0.0465306 80 80 1 1 0
0.0465815 80 80 1 1 0
0.0466325 80 80 1 1 0
0.0466836 80 80 1 1 0
0.0467349 80 80 1 1 0
0.0467863 80 80 1 1 0
0.0468378 80 80 1 1 0
0.0468895 80 80 1 1 0
0.0469414 80 80 1 1 0
0.0469933 80 80 1 1 0
0.0470455 80 80 1 1 0
0.0470977 80 80 1 1 0
0.0471501 80 80 1 1 0
0.0472026 80 80 1 1 0
0.0472553 80 80 1 1 0
0.0473082 80 80 1 1 0
0.0473611 80 80 1 1 0
0.0474142 80 80 1 1 0
0.0474675 80 80 1 1 0
0.0475209 80 80 1 1 0
0.0475744 80 80 1 1 0
0.0476281 80 80 1 1 0
0.047682 80 80 1 1 0
0.0477359 80 80 1 1 0
0.0477901 80 80 1 1 0
0.0478444 80 80 1 1 0
0.0478988 80 80 1 1 0
0.0479534 80 80 1 1 0
0.0480081 80 80 1 1 0
0.048063 80 80 1 1 0
0.048118 80 80 1 1 0
0.0481731 80 80 1 1 0
0.0482285 80 80 1 1 0
0.0482839 80 80 1 1 0
0.0483396 80 80 1 1 0
0.0483953 80 80 1 1 0
0.0484513 80 80 1 1 0
0.0485074 80 80 1 1 0
0.0485636 80 80 1 1 0
0.04862 80 80 1 1 0
0.0486765 80 80 1 1 0
0.0487332 80 80 1 1 0
0.0487901 80 80 1 1 0
0.0488471 80 80 1 1 0
0.0489043 80 80 1 1 0
0.0489616 80 80 1 1 0
0.049019 80 80 1 1 0
0.0490767 80 80 1 1 0
0.0491345 80 80 1 1 0
0.0491924 80 80 1 1 0
0.0492505 80 80 1 1 0
0.0493088 80 80 1 1 0
0.0493672 80 80 1 1 0
0.0494258 80 80 1 1 0
0.0494845 80 80 1 1 0
0.0495434 80 80 1 1 0
0.0496025 80 80 1 1 0
0.0496617 80 80 1 1 0
0.0497211 80 80 1 1 0
0.0497807 80 80 1 1 0
0.0498404 80 80 1 1 0
0.0499002 80 80 1 1 0
0.0499603 80 80 1 1 0
0.0500205 80 80 1 1 0
0.0500808 80 80 1 1 0
0.0501414 80 80 1 1 0
0.050202 80 80 1 1 0
0.0502629 80 80 1 1 0
0.0503239 80 80 1 1 0
0.0503851 80 80 1 1 0
0.0504464 80 80 1 1 0
0.050508 80 80 1 1 0
0.0505696 80 80 1 1 0
0.0506315 80 80 1 1 0
0.0506935 80 80 1 1 0
0.0507557 80 80 1 1 0
0.050818 80 80 1 1 0
0.0508805 80 80 1 1 0
0.0509432 80 80 1 1 0
0.0510061 80 80 1 1 0
0.0510691 80 80 1 1 0
0.0511323 80 80 1 1 0
0.0511957 80 80 1 1 0
0.0512592 80 80 1 1 0
0.0513229 80 80 1 1 0
0.0513867 80 80 1 1 0
0.0514508 80 80 1 1 0
0.051515 80 80 1 1 0
0.0515794 80 80 1 1 0
0.0516439 80 80 1 1 0
0.0517087 80 80 1 1 0
0.0517735 80 80 1 1 0
0.0518386 80 80 1 1 0
0.0519039 80 80 1 1 0
0.0519693 80 80 1 1 0
0.0520348 80 80 1 1 0
0.0521006 80 80 1 1 0
0.0521665 80 80 1 1 0
0.0522326 80 80 1 1 0
0.0522989 80 80 1 1 0
0.0523654 80 80 1 1 0
0.052432 80 80 1 1 0
0.0524988 80 80 1 1 0
0.0525657 80 80 1 1 0
0.0526329 80 80 1 1 0
0.0527002 80 80 1 1 0
0.0527677 80 80 1 1 0
0.0528354 80 80 1 1 0
0.0529032 80 80 1 1 0
0.0529712 80 80 1 1 0
0.0530394 80 80 1 1 0
0.0531078 80 80 1 1 0
0.0531763 80 80 1 1 0
0.0532451 80 80 1 1 0
0.0533139 80 80 1 1 0
0.053383 80 80 1 1 0
0.0534523 80 80 1 1 0
0.0535217 80 80 1 1 0
0.0535913 80 80 1 1 0
0.0536611 80 80 1 1 0
0.053731 80 80 1 1 0
0.0538011 80 80 1 1 0
0.0538714 80 80 1 1 0
0.0539419 80 80 1 1 0
0.0540126 80 80 1 1 0
0.0540834 80 80 1 1 0
0.0541544 80 80 1 1 0
0.0542256 80 80 1 1 0
0.0542969 80 80 1 1 0
0.0543685 80 80 1 1 0
0.0544402 80 80 1 1 0
0.0545121 80 80 1 1 0
0.0545841 80 80 1 1 0
0.0546564 80 80 1 1 0
0.0547288 80 80 1 1 0
0.0548014 80 80 1 1 0
0.0548741 80 80 1 1 0
0.0549471 80 80 1 1 0
0.0550202 80 80 1 1 0
0.0550935 80 80 1 1 0
0.0551669 80 80 1 1 0
0.0552406 80 80 1 1 0
0.0553144 80 80 1 1 0
0.0553884 80 80 1 1 0
0.0554626 80 80 1 1 0
0.0555369 80 80 1 1 0
0.0556114 80 80 1 1 0
0.0556861 80 80 1 1 0
0.055761 80 80 1 1 0
0.055836 80 80 1 1 0
0.0559113 80 80 1 1 0
0.0559866 80 80 1 1 0
0.0560622 80 80 1 1 0
0.0561379 80 80 1 1 0
0.0562139 80 80 1 1 0
0.0562899 80 80 1 1 0
0.0563662 80 80 1 1 0
0.0564426 80 80 1 1 0
0.0565192 80 80 1 1 0
0.056596 80 80 1 1 0
0.056673 80 80 1 1 0
0.0567501 80 80 1 1 0
0.0568274 80 80 1 1 0
0.0569048 80 80 1 1 0
0.0569825 80 80 1 1 0
0.0570603 80 80 1 1 0
0.0571382 80 80 1 1 0
0.0572164 80 80 1 1 0
0.0572947 80 80 1 1 0
0.0573732 80 80 1 1 0
0.0574518 80 80 1 1 0
0.0575306 80 80 1 1 0
0.0576096 80 80 1 1 0
0.0576888 80 80 1 1 0
0.0577681 80 80 1 1 0
0.0578476 80 80 1 1 0
0.0579272 80 80 1 1 0
0.0580071 80 80 1 1 0
0.058087 80 80 1 1 0
0.0581672 80 80 1 1 0
0.0582475 80 80 1 1 0
0.058328 80 80 1 1 0
0.0584086 80 80 1 1 0
0.0584895 80 80 1 1 0
0.0585704 80 80 1 1 0
0.0586516 80 80 1 1 0
0.0587329 80 80 1 1 0
0.0588143 80 80 1 1 0
0.058896 80 80 1 1 0
0.0589777 80 80 1 1 0
0.0590597 80 80 1 1 0
0.0591418 80 80 1 1 0
0.0592241 80 80 1 1 0
0.0593065 80 80 1 1 0
0.0593891 80 80 1 1 0
0.0594718 80 80 1 1 0
0.0595547 80 80 1 1 0
0.0596378 80 80 1 1 0
0.059721 80 80 1 1 0
0.0598044 80 80 1 1 0
0.0598879 80 80 1 1 0
0.0599716 80 80 1 1 0
0.0600554 80 80 1 1 0
0.0601394 80 80 1 1 0
0.0602235 80 80 1 1 0
0.0603078 80 80 1 1 0
0.0603923 80 80 1 1 0
0.0604769 80 80 1 1 0
0.0605616 80 80 1 1 0
0.0606465 80 80 1 1 0
0.0607316 80 80 1 1 0
0.0608167 80 80 1 1 0
0.0609021 80 80 1 1 0
0.0609876 80 80 1 1 0
0.0610732 80 80 1 1 0
0.061159 80 80 1 1 0
0.0612449 80 80 1 1 0
0.061331 80 80 1 1 0
0.0614173 80 80 1 1 0
0.0615036 80 80 1 1 0
0.0615901 80 80 1 1 0
0.0616768 80 80 1 1 0
0.0617636 80 80 1 1 0
0.0618505 80 80 1 1 0
0.0619376 80 80 1 1 0
0.0620248 80 80 1 1 0
0.0621122 80 80 1 1 0
0.0621997 80 80 1 1 0
0.0622873 80 80 1 1 0
0.0623751 80 80 1 1 0
0.062463 80 80 1 1 0
0.062551 80 80 1 1 0
0.0626392 80 80 1 1 0
0.0627275 80 80 1 1 0
0.062816 80 80 1 1 0
0.0629045 80 80 1 1 0
0.0629933 80 80 1 1 0
0.0630821 80 80 1 1 0
0.0631711 80 80 1 1 0
0.0632602 80 80 1 1 0
0.0633494 80 80 1 1 0
0.0634388 80 80 1 1 0
0.0635283 80 80 1 1 0
0.0636179 80 80 1 1 0
0.0637077 80 80 1 1 0
0.0637975 80 80 1 1 0
0.0638875 80 80 1 1 0
0.0639777 80 80 1 1 0
0.0640679 80 80 1 1 0
0.0641583 80 80 1 1 0
0.0642488 80 80 1 1 0
0.0643394 80 80 1 1 0
0.0644301 80 80 1 1 0
0.064521 80 80 1 1 0
0.064612 80 80 1 1 0
0.0647031 80 80 1 1 0
0.0647943 80 80 1 1 0
0.0648856 80 80 1 1 0
0.0649771 80 80 1 1 0
0.0650686 80 80 1 1 0
0.0651603 80 80 1 1 0
0.0652521 80 80 1 1 0
0.065344 80 80 1 1 0
0.0654361 80 80 1 1 0
0.0655282 80 80 1 1 0
0.0656204 80 80 1 1 0
0.0657128 80 80 1 1 0
0.0658053 80 80 1 1 0
0.0658978 80 80 1 1 0
0.0659905 80 80 1 1 0
0.0660833 80 80 1 1 0
0.0661762 80 80 1 1 0
0.0662692 80 80 1 1 0
0.0663623 80 80 1 1 0
0.0664556 80 80 1 1 0
0.0665489 80 80 1 1 0
0.0666423 80 80 1 1 0
0.0667358 80 80 1 1 0
0.0668295 80 80 1 1 0
0.0669232 80 80 1 1 0
0.0670171 80 80 1 1 0
0.067111 80 80 1 1 0
0.067205 80 80 1 1 0
0.0672992 80 80 1 1 0
0.0673934 80 80 1 1 0
0.0674877 80 80 1 1 0
0.0675821 80 80 1 1 0
0.0676767 80 80 1 1 0
0.0677713 80 80 1 1 0
0.067866 80 80 1 1 0
0.0679608 80 80 1 1 0
0.0680557 80 80 1 1 0
0.0681507 80 80 1 1 0
0.0682458 80 80 1 1 0
0.0683409 80 80 1 1 0
0.0684362 80 80 1 1 0
0.0685315 80 80 1 1 0
0.068627 80 80 1 1 0
0.0687225 80 80 1 1 0
0.0688181 80 80 1 1 0
0.0689138 80 80 1 1 0
0.0690096 80 80 1 1 0
0.0691055 80 80 1 1 0
0.0692015 80 80 1 1 0
0.0692975 80 80 1 1 0
0.0693936 80 80 1 1 0
0.0694899 80 80 1 1 0
0.0695861 80 80 1 1 0
0.0696825 80 80 1 1 0
0.069779 80 80 1 1 0
0.0698755 80 80 1 1 0
0.0699721 80 80 1 1 0
0.0700688 80 80 1 1 0
0.0701656 80 80 1 1 0
0.0702625 80 80 1 1 0
0.0703594 80 80 1 1 0
0.0704564 80 80 1 1 0
0.0705535 80 80 1 1 0
0.0706506 80 80 1 1 0
0.0707479 80 80 1 1 0
0.0708452 80 80 1 1 0
0.0709426 80 80 1 1 0
0.07104 80 80 1 1 0
0.0711375 80 80 1 1 0
0.0712351 80 80 1 1 0
0.0713328 80 80 1 1 0
0.0714305 80 80 1 1 0
0.0715283 80 80 1 1 0
0.0716262 80 80 1 1 0
0.0717242 80 80 1 1 0
0.0718222 80 80 1 1 0
0.0719203 80 80 1 1 0
0.0720184 80 80 1 1 0
0.0721166 80 80 1 1 0
0.0722149 80 80 1 1 0
0.0723133 80 80 1 1 0
0.0724117 80 80 1 1 0
0.0725102 80 80 1 1 0
0.0726087 80 80 1 1 0
0.0727073 80 80 1 1 0
0.072806 80 80 1 1 0
0.0729047 80 80 1 1 0
0.0730035 80 80 1 1 0
0.0731023 80 80 1 1 0
0.0732013 80 80 1 1 0
0.0733002 80 80 1 1 0
0.0733993 80 80 1 1 0
0.0734984 80 80 1 1 0
0.0735975 80 80 1 1 0
0.0736967 80 80 1 1 0
0.073796 80 80 1 1 0
0.0738953 80 80 1 1 0
0.0739947 80 80 1 1 0
0.0740941 80 80 1 1 0
0.0741936 80 80 1 1 0
0.0742931 80 80 1 1 0
0.0743927 80 80 1 1 0
0.0744924 80 80 1 1 0
0.0745921 80 80 1 1 0
0.0746919 80 80 1 1 0
0.0747917 80 80 1 1 0
0.0748915 80 80 1 1 0
0.0749914 80 80 1 1 0
0.0750914 80 80 1 1 0
0.0751914 80 80 1 1 0
0.0752915 80 80 1 1 0
0.0753916 80 80 1 1 0
0.0754918 80 80 1 1 0
0.075592 80 80 1 1 0
0.0756923 80 80 1 1 0
0.0757926 80 80 1 1 0
0.0758929 80 80 1 1 0
0.0759933 80 80 1 1 0
0.0760938 80 80 1 1 0
0.0761943 80 80 1 1 0
0.0762949 80 80 1 1 0
0.0763954 80 80 1 1 0
0.0764961 80 80 1 1 0
0.0765968 80 80 1 1 0
0.0766975 80 80 1 1 0
0.0767983 80 80 1 1 0
0.0768991 80 80 1 1 0
0.0769999 80 80 1 1 0
0.0771008 80 80 1 1 0
0.0772018 80 80 1 1 0
0.0773028 80 80 1 1 0
0.0774038 80 80 1 1 0
0.0775049 80 80 1 1 0
0.077606 80 80 1 1 0
0.0777071 80 80 1 1 0
0.0778083 80 80 1 1 0
0.0779095 80 80 1 1 0
0.0780108 80 80 1 1 0
0.0781121 80 80 1 1 0
0.0782134 80 80 1 1 0
0.0783148 80 80 1 1 0
0.0784162 80 80 1 1 0
0.0785177 80 80 1 1 0
0.0786192 80 80 1 1 0
0.0787207 80 80 1 1 0
0.0788223 80 80 1 1 0
0.0789239 80 80 1 1 0
0.0790256 80 80 1 1 0
0.0791272 80 80 1 1 0
0.0792289 80 80 1 1 0
0.0793307 80 80 1 1 0
0.0794325 80 80 1 1 0
0.0795343 80 80 1 1 0
0.0796361 80 80 1 1 0
0.079738 80 80 1 1 0
0.0798399 80 80 1 1 0
0.0799419 80 80 1 1 0
0.0800439 80 80 1 1 0
0.0801459 80 80 1 1 0
0.0802479 80 80 1 1 0
0.08035 80 80 1 1 0
0.0804521 80 80 1 1 0
0.0805543 80 80 1 1 0
0.0806565 80 80 1 1 0
0.0807587 80 80 1 1 0
0.0808609 80 80 1 1 0
0.0809632 80 80 1 1 0
0.0810655 80 80 1 1 0
0.0811678 80 80 1 1 0
0.0812701 80 80 1 1 0
0.0813725 80 80 1 1 0
0.0814749 80 80 1 1 0
0.0815774 80 80 1 1 0
0.0816798 80 80 1 1 0
0.0817823 80 80 1 1 0
0.0818849 80 80 1 1 0
0.0819874 80 80 1 1 0
0.08209 80 80 1 1 0
0.0821926 80 80 1 1 0
0.0822952 80 80 1 1 0
0.0823979 80 80 1 1 0
0.0825006 80 80 1 1 0
0.0826033 80 80 1 1 0
0.082706 80 80 1 1 0
0.0828088 80 80 1 1 0
0.0829116 80 80 1 1 0
0.0830144 80 80 1 1 0
0.0831172 80 80 1 1 0
0.0832201 80 80 1 1 0
0.083323 80 80 1 1 0
0.0834259 80 80 1 1 0
0.0835288 80 80 1 1 0
0.0836318 80 80 1 1 0
0.0837347 80 80 1 1 0
0.0838378 80 80 1 1 0
0.0839408 80 80 1 1 0
0.0840438 80 80 1 1 0
0.0841469 80 80 1 1 0
0.08425 80 80 1 1 0
0.0843531 80 80 1 1 0
0.0844563 80 80 1 1 0
0.0845594 80 80 1 1 0
0.0846626 80 80 1 1 0
0.0847658 80 80 1 1 0
0.084869 80 80 1 1 0
0.0849723 80 80 1 1 0
0.0850756 80 80 1 1 0
0.0851788 80 80 1 1 0
0.0852822 80 80 1 1 0
0.0853855 80 80 1 1 0
0.0854888 80 80 1 1 0
0.0855922 80 80 1 1 0
0.0856956 80 80 1 1 0
0.085799 80 80 1 1 0
0.0859024 80 80 1 1 0
0.0860059 80 80 1 1 0
0.0861093 80 80 1 1 0
0.0862128 80 80 1 1 0
0.0863163 80 80 1 1 0
0.0864198 80 80 1 1 0
0.0865234 80 80 1 1 0
0.0866269 80 80 1 1 0
0.0867305 80 80 1 1 0
0.0868341 80 80 1 1 0
0.0869377 80 80 1 1 0
0.0870414 80 80 1 1 0
0.087145 80 80 1 1 0
0.0872487 80 80 1 1 0
0.0873523 80 80 1 1 0
0.087456 80 80 1 1 0
0.0875598 80 80 1 1 0
0.0876635 80 80 1 1 0
0.0877672 80 80 1 1 0
0.087871 80 80 1 1 0
0.0879748 80 80 1 1 0
0.0880786 80 80 1 1 0
0.0881824 80 80 1 1 0
0.0882862 80 80 1 1 0
0.0883901 80 80 1 1 0
0.0884939 80 80 1 1 0
0.0885978 80 80 1 1 0
0.0887017 80 80 1 1 0
0.0888056 80 80 1 1 0
0.0889095 80 80 1 1 0
0.0890134 80 80 1 1 0
0.0891174 80 80 1 1 0
0.0892214 80 80 1 1 0
0.0893253 80 80 1 1 0
0.0894293 80 80 1 1 0
0.0895333 80 80 1 1 0
0.0896373 80 80 1 1 0
0.0897414 80 80 1 1 0
0.0898454 80 80 1 1 0
0.0899495 80 80 1 1 0
0.0900536 80 80 1 1 0
0.0901576 80 80 1 1 0
0.0902617 80 80 1 1 0
0.0903659 80 80 1 1 0
0.09047 80 80 1 1 0
0.0905741 80 80 1 1 0
0.0906783 80 80 1 1 0
0.0907824 80 80 1 1 0
0.0908866 80 80 1 1 0
0.0909908 80 80 1 1 0
0.091095 80 80 1 1 0
0.0911992 80 80 1 1 0
0.0913035 80 80 1 1 0
0.0914077 80 80 1 1 0
0.0915119 80 80 1 1 0
0.0916162 80 80 1 1 0
0.0917205 80 80 1 1 0
0.0918248 80 80 1 1 0
0.0919291 80 80 1 1 0
0.0920334 80 80 1 1 0
0.0921377 80 80 1 1 0
0.092242 80 80 1 1 0
0.0923464 80 80 1 1 0
0.0924507 80 80 1 1 0
0.0925551 80 80 1 1 0
0.0926595 80 80 1 1 0
0.0927638 80 80 1 1 0
0.0928682 80 80 1 1 0
0.0929726 80 80 1 1 0
0.0930771 80 80 1 1 0
0.0931815 80 80 1 1 0
0.0932859 80 80 1 1 0
0.0933904 80 80 1 1 0
0.0934948 80 80 1 1 0
0.0935993 80 80 1 1 0
0.0937038 80 80 1 1 0
0.0938083 80 80 1 1 0
0.0939128 80 80 1 1 0
0.0940173 80 80 1 1 0
0.0941218 80 80 1 1 0
0.0942263 80 80 1 1 0
0.0943308 80 80 1 1 0
0.0944354 80 80 1 1 0
0.0945399 80 80 1 1 0
0.0946445 80 80 1 1 0
0.0947491 80 80 1 1 0
0.0948537 80 80 1 1 0
0.0949582 80 80 1 1 0
0.0950628 80 80 1 1 0
0.0951674 80 80 1 1 0
0.0952721 80 80 1 1 0
0.0953767 80 80 1 1 0
0.0954813 80 80 1 1 0
0.095586 80 80 1 1 0
0.0956906 80 80 1 1 0
0.0957953 80 80 1 1 0
0.0958999 80 80 1 1 0
0.0960046 80 80 1 1 0
0.0961093 80 80 1 1 0
0.096214 80 80 1 1 0
0.0963187 80 80 1 1 0
0.0964234 80 80 1 1 0
0.0965281 80 80 1 1 0
0.0966328 80 80 1 1 0
0.0967376 80 80 1 1 0
0.0968423 80 80 1 1 0
0.096947 80 80 1 1 0
0.0970518 80 80 1 1 0
0.0971566 80 80 1 1 0
0.0972613 80 80 1 1 0
0.0973661 80 80 1 1 0
0.0974709 80 80 1 1 0
0.0975757 80 80 1 1 0
0.0976805 80 80 1 1 0
0.0977853 80 80 1 1 0
0.0978901 80 80 1 1 0
0.0979949 80 80 1 1 0
0.0980997 80 80 1 1 0
0.0982046 80 80 1 1 0
0.0983094 80 80 1 1 0
0.0984143 80 80 1 1 0
0.0985191 80 80 1 1 0
0.098624 80 80 1 1 0
0.0987288 80 80 1 1 0
0.0988337 80 80 1 1 0
0.0989386 80 80 1 1 0
0.0990435 80 80 1 1 0
0.0991484 80 80 1 1 0
0.0992533 80 80 1 1 0
0.0993582 80 80 1 1 0
0.0994631 80 80 1 1 0
0.099568 80 80 1 1 0
0.0996729 80 80 1 1 0
0.0997778 80 80 1 1 0
0.0998828 80 80 1 1 0
0.0999877 80 80 1 1 0
0.100093 80 80 1 1 0
0.100198 80 80 1 1 0
0.100303 80 80 1 1 0
0.100408 80 80 1 1 0
0.100513 80 80 1 1 0
0.100617 80 80 1 1 0
0.100722 80 80 1 1 0
0.100827 80 80 1 1 0
0.100932 80 80 1 1 0
0.101037 80 80 1 1 0
0.101142 80 80 1 1 0
0.101247 80 80 1 1 0
0.101352 80 80 1 1 0
0.101457 80 80 1 1 0
0.101563 80 80 1 1 0
0.101668 80 80 1 1 0
0.101773 80 80 1 1 0
0.101878 80 80 1 1 0
0.101983 80 80 1 1 0
0.102088 80 80 1 1 0
0.102193 80 80 1 1 0
0.102298 80 80 1 1 0
0.102403 80 80 1 1 0
0.102508 80 80 1 1 0
0.102613 80 80 1 1 0
0.102718 80 80 1 1 0
0.102823 80 80 1 1 0
0.102928 80 80 1 1 0
0.103033 80 80 1 1 0
0.103138 80 80 1 1 0
0.103244 80 80 1 1 0
0.103349 80 80 1 1 0
0.103454 80 80 1 1 0
0.103559 80 80 1 1 0
0.103664 80 80 1 1 0
0.103769 80 80 1 1 0
0.103874 80 80 1 1 0
0.103979 80 80 1 1 0
0.104085 80 80 1 1 0
0.10419 80 80 1 1 0
0.104295 80 80 1 1 0
0.1044 80 80 1 1 0
0.104505 80 80 1 1 0
0.10461 80 80 1 1 0
0.104716 80 80 1 1 0
0.104821 80 80 1 1 0
0.104926 80 80 1 1 0
0.105031 80 80 1 1 0
0.105136 80 80 1 1 0
0.105241 80 80 1 1 0
0.105347 80 80 1 1 0
0.105452 80 80 1 1 0
0.105557 80 80 1 1 0
0.105662 80 80 1 1 0
0.105767 80 80 1 1 0
0.105873 80 80 1 1 0
0.105978 80 80 1 1 0
0.106083 80 80 1 1 0
0.106188 80 80 1 1 0
0.106294 80 80 1 1 0
0.106399 80 80 1 1 0
0.106504 80 80 1 1 0
0.106609 80 80 1 1 0
0.106714 80 80 1 1 0
0.10682 80 80 1 1 0
0.106925 80 80 1 1 0
0.10703 80 80 1 1 0
0.107135 80 80 1 1 0
0.107241 80 80 1 1 0
0.107346 80 80 1 1 0
0.107451 80 80 1 1 0
0.107556 80 80 1 1 0
0.107662 80 80 1 1 0
0.107767 80 80 1 1 0
0.107872 80 80 1 1 0
0.107978 80 80 1 1 0
0.108083 80 80 1 1 0
0.108188 80 80 1 1 0
0.108293 80 80 1 1 0
0.108399 80 80 1 1 0
0.108504 80 80 1 1 0
0.108609 80 80 1 1 0
0.108715 80 80 1 1 0
0.10882 80 80 1 1 0
0.108925 80 80 1 1 0
0.109031 80 80 1 1 0
0.109136 80 80 1 1 0
0.109241 80 80 1 1 0
0.109347 80 80 1 1 0
0.109452 80 80 1 1 0
0.109557 80 80 1 1 0
0.109663 80 80 1 1 0
0.109768 80 80 1 1 0
0.109873 80 80 1 1 0
0.109979 80 80 1 1 0
0.110084 80 80 1 1 0
0.110189 80 80 1 1 0
0.110295 80 80 1 1 0
0.1104 80 80 1 1 0
0.110505 80 80 1 1 0
0.110611 80 80 1 1 0
0.110716 80 80 1 1 0
0.110821 80 80 1 1 0
0.110927 80 80 1 1 0
0.111032 80 80 1 1 0
0.111137 80 80 1 1 0
0.111243 80 80 1 1 0
0.111348 80 80 1 1 0
0.111454 80 80 1 1 0
0.111559 80 80 1 1 0
0.111664 80 80 1 1 0
0.11177 80 80 1 1 0
0.111875 80 80 1 1 0
0.11198 80 80 1 1 0
0.112086 80 80 1 1 0
0.112191 80 80 1 1 0
0.112297 80 80 1 1 0
0.112402 80 80 1 1 0
0.112507 80 80 1 1 0
0.112613 80 80 1 1 0
0.112718 80 80 1 1 0
0.112824 80 80 1 1 0
0.112929 80 80 1 1 0
0.113035 80 80 1 1 0
0.11314 80 80 1 1 0
0.113245 80 80 1 1 0
0.113351 80 80 1 1 0
0.113456 80 80 1 1 0
0.113562 80 80 1 1 0
0.113667 80 80 1 1 0
0.113773 80 80 1 1 0
0.113878 80 80 1 1 0
0.113983 80 80 1 1 0
0.114089 80 80 1 1 0
0.114194 80 80 1 1 0
0.1143 80 80 1 1 0
0.114405 80 80 1 1 0
0.114511 80 80 1 1 0
0.114616 80 80 1 1 0
0.114721 80 80 1 1 0
0.114827 80 80 1 1 0
0.114932 80 80 1 1 0
0.115038 80 80 1 1 0
0.115143 80 80 1 1 0
0.115249 80 80 1 1 0
0.115354 80 80 1 1 0
0.11546 80 80 1 1 0
0.115565 80 80 1 1 0
0.115671 80 80 1 1 0
0.115776 80 80 1 1 0
0.115882 80 80 1 1 0
0.115987 80 80 1 1 0
0.116093 80 80 1 1 0
0.116198 80 80 1 1 0
0.116303 80 80 1 1 0
0.116409 80 80 1 1 0
0.116514 80 80 1 1 0
0.11662 80 80 1 1 0
0.116725 80 80 1 1 0
0.116831 80 80 1 1 0
0.116936 80 80 1 1 0
0.117042 80 80 1 1 0
0.117147 80 80 1 1 0
0.117253 80 80 1 1 0
0.117358 80 80 1 1 0
0.117464 80 80 1 1 0
0.117569 80 80 1 1 0
0.117675 80 80 1 1 0
0.11778 80 80 1 1 0
0.117886 80 80 1 1 0
0.117991 80 80 1 1 0
0.118097 80 80 1 1 0
0.118202 80 80 1 1 0
0.118308 80 80 1 1 0
0.118413 80 80 1 1 0
0.118519 80 80 1 1 0
0.118625 80 80 1 1 0
0.11873 80 80 1 1 0
0.118836 80 80 1 1 0
0.118941 80 80 1 1 0
0.119047 80 80 1 1 0
0.119152 80 80 1 1 0
0.119258 80 80 1 1 0
0.119363 80 80 1 1 0
0.119469 80 80 1 1 0
0.119574 80 80 1 1 0
0.11968 80 80 1 1 0
0.119785 80 80 1 1 0
0.119891 80 80 1 1 0
0.119996 80 80 1 1 0
0.120102 80 80 1 1 0
0.120207 80 80 1 1 0
0.120313 80 80 1 1 0
0.120419 80 80 1 1 0
0.120524 80 80 1 1 0
0.12063 80 80 1 1 0
0.120735 80 80 1 1 0
0.120841 80 80 1 1 0
0.120946 80 80 1 1 0
0.121052 80 80 1 1 0
0.121157 80 80 1 1 0
0.121263 80 80 1 1 0
0.121369 80 80 1 1 0
0.121474 80 80 1 1 0
0.12158 80 80 1 1 0
0.121685 80 80 1 1 0
0.121791 80 80 1 1 0
0.121896 80 80 1 1 0
0.122002 80 80 1 1 0
0.122107 80 80 1 1 0
0.122213 80 80 1 1 0
0.122319 80 80 1 1 0
0.122424 80 80 1 1 0
0.12253 80 80 1 1 0
0.122635 80 80 1 1 0
0.122741 80 80 1 1 0
0.122847 80 80 1 1 0
0.122952 80 80 1 1 0
0.123058 80 80 1 1 0
0.123163 80 80 1 1 0
0.123269 80 80 1 1 0
0.123374 80 80 1 1 0
0.12348 80 80 1 1 0
0.123586 80 80 1 1 0
0.123691 80 80 1 1 0
0.123797 80 80 1 1 0
0.123902 80 80 1 1 0
0.124008 80 80 1 1 0
0.124114 80 80 1 1 0
0.124219 80 80 1 1 0
0.124325 80 80 1 1 0
0.12443 80 80 1 1 0
0.124536 80 80 1 1 0
0.124641 80 80 1 1 0
0.124747 80 80 1 1 0
0.124853 80 80 1 1 0
0.124958 80 80 1 1 0
0.125064 80 80 1 1 0
0.12517 80 80 1 1 0
0.125275 80 80 1 1 0
0.125381 80 80 1 1 0
0.125486 80 80 1 1 0
0.125592 80 80 1 1 0
0.125698 80 80 1 1 0
0.125803 80 80 1 1 0
0.125909 80 80 1 1 0
0.126014 80 80 1 1 0
0.12612 80 80 1 1 0
0.126226 80 80 1 1 0
0.126331 80 80 1 1 0
0.126437 80 80 1 1 0
0.126542 80 80 1 1 0
0.126648 80 80 1 1 0
0.126754 80 80 1 1 0
0.126859 80 80 1 1 0
0.126965 80 80 1 1 0
0.127071 80 80 1 1 0
0.127176 80 80 1 1 0
0.127282 80 80 1 1 0
0.127387 80 80 1 1 0
0.127493 80 80 1 1 0
0.127599 80 80 1 1 0
0.127704 80 80 1 1 0
0.12781 80 80 1 1 0
0.127916 80 80 1 1 0
0.128021 80 80 1 1 0
0.128127 80 80 1 1 0
0.128232 80 80 1 1 0
0.128338 80 80 1 1 0
0.128444 80 80 1 1 0
0.128549 80 80 1 1 0
0.128655 80 80 1 1 0
0.128761 80 80 1 1 0
0.128866 80 80 1 1 0
0.128972 80 80 1 1 0
0.129078 80 80 1 1 0
0.129183 80 80 1 1 0
0.129289 80 80 1 1 0
0.129394 80 80 1 1 0
0.1295 80 80 1 1 0
0.129606 80 80 1 1 0
0.129711 80 80 1 1 0
0.129817 80 80 1 1 0
0.129923 80 80 1 1 0
0.130028 80 80 1 1 0
0.130134 80 80 1 1 0
0.13024 80 80 1 1 0
0.130345 80 80 1 1 0
0.130451 80 80 1 1 0
0.130557 80 80 1 1 0
0.130662 80 80 1 1 0
0.130768 80 80 1 1 0
0.130874 80 80 1 1 0
0.130979 80 80 1 1 0
0.131085 80 80 1 1 0
0.131191 80 80 1 1 0
0.131296 80 80 1 1 0
0.131402 80 80 1 1 0
0.131508 80 80 1 1 0
0.131613 80 80 1 1 0
0.131719 80 80 1 1 0
0.131825 80 80 1 1 0
0.13193 80 80 1 1 0
0.132036 80 80 1 1 0
0.132142 80 80 1 1 0
0.132247 80 80 1 1 0
0.132353 80 80 1 1 0
0.132459 80 80 1 1 0
0.132564 80 80 1 1 0
0.13267 80 80 1 1 0
0.132776 80 80 1 1 0
0.132881 80 80 1 1 0
0.132987 80 80 1 1 0
0.133093 80 80 1 1 0
0.133198 80 80 1 1 0
0.133304 80 80 1 1 0
0.13341 80 80 1 1 0
0.133515 80 80 1 1 0
0.133621 80 80 1 1 0
0.133727 80 80 1 1 0
0.133832 80 80 1 1 0
0.133938 80 80 1 1 0
0.134044 80 80 1 1 0
0.134149 80 80 1 1 0
0.134255 80 80 1 1 0
0.134361 80 80 1 1 0
0.134466 80 80 1 1 0
0.134572 80 80 1 1 0
0.134678 80 80 1 1 0
0.134783 80 80 1 1 0
0.134889 80 80 1 1 0
0.134995 80 80 1 1 0
0.1351 80 80 1 1 0
0.135206 80 80 1 1 0
0.135312 80 80 1 1 0
0.135417 80 80 1 1 0
0.135523 80 80 1 1 0
0.135629 80 80 1 1 0
0.135735 80 80 1 1 0
0.13584 80 80 1 1 0
0.135946 80 80 1 1 0
0.136052 80 80 1 1 0
0.136157 80 80 1 1 0
0.136263 80 80 1 1 0
0.136369 80 80 1 1 0
0.136474 80 80 1 1 0
0.13658 80 80 1 1 0
0.136686 80 80 1 1 0
0.136791 80 80 1 1 0
0.136897 80 80 1 1 0
0.137003 80 80 1 1 0
0.137109 80 80 1 1 0
0.137214 80 80 1 1 0
0.13732 80 80 1 1 0
0.137426 80 80 1 1 0
0.137531 80 80 1 1 0
0.137637 80 80 1 1 0
0.137743 80 80 1 1 0
0.137848 80 80 1 1 0
0.137954 80 80 1 1 0
0.13806 80 80 1 1 0
0.138166 80 80 1 1 0
0.138271 80 80 1 1 0
0.138377 80 80 1 1 0
0.138483 80 80 1 1 0
0.138588 80 80 1 1 0
0.138694 80 80 1 1 0
0.1388 80 80 1 1 0
0.138906 80 80 1 1 0
0.139011 80 80 1 1 0
0.139117 80 80 1 1 0
0.139223 80 80 1 1 0
0.139328 80 80 1 1 0
0.139434 80 80 1 1 0
0.13954 80 80 1 1 0
0.139645 80 80 1 1 0
0.139751 80 80 1 1 0
0.139857 80 80 1 1 0
0.139963 80 80 1 1 0
0.140068 80 80 1 1 0
0.140174 80 80 1 1 0
0.14028 80 80 1 1 0
0.140385 80 80 1 1 0
0.140491 80 80 1 1 0
0.140597 80 80 1 1 0
0.140703 80 80 1 1 0
0.140808 80 80 1 1 0
0.140914 80 80 1 1 0
0.14102 80 80 1 1 0
0.141125 80 80 1 1 0
0.141231 80 80 1 1 0
0.141337 80 80 1 1 0
0.141443 80 80 1 1 0
0.141548 80 80 1 1 0
0.141654 80 80 1 1 0
0.14176 80 80 1 1 0
0.141866 80 80 1 1 0
0.141971 80 80 1 1 0
0.142077 80 80 1 1 0
0.142183 80 80 1 1 0
0.142288 80 80 1 1 0
0.142394 80 80 1 1 0
0.1425 80 80 1 1 0
0.142606 80 80 1 1 0
0.142711 80 80 1 1 0
0.142817 80 80 1 1 0
0.142923 80 80 1 1 0
0.143028 80 80 1 1 0
0.143134 80 80 1 1 0
0.14324 80 80 1 1 0
0.143346 80 80 1 1 0
0.143451 80 80 1 1 0
0.143557 80 80 1 1 0
0.143663 80 80 1 1 0
0.143769 80 80 1 1 0
0.143874 80 80 1 1 0
0.14398 80 80 1 1 0
0.144086 80 80 1 1 0
0.144192 80 80 1 1 0
0.144297 80 80 1 1 0
0.144403 80 80 1 1 0
0.144509 80 80 1 1 0
0.144614 80 80 1 1 0
0.14472 80 80 1 1 0
0.144826 80 80 1 1 0
0.144932 80 80 1 1 0
0.145037 80 80 1 1 0
0.145143 80 80 1 1 0
0.145249 80 80 1 1 0
0.145355 80 80 1 1 0
0.14546 80 80 1 1 0
0.145566 80 80 1 1 0
0.145672 80 80 1 1 0
0.145778 80 80 1 1 0
0.145883 80 80 1 1 0
0.145989 80 80 1 1 0
0.146095 80 80 1 1 0
0.146201 80 80 1 1 0
0.146306 80 80 1 1 0
0.146412 80 80 1 1 0
0.146518 80 80 1 1 0
0.146623 80 80 1 1 0
0.146729 80 80 1 1 0
0.146835 80 80 1 1 0
0.146941 80 80 1 1 0
0.147046 80 80 1 1 0
0.147152 80 80 1 1 0
0.147258 80 80 1 1 0
0.147364 80 80 1 1 0
0.147469 80 80 1 1 0
0.147575 80 80 1 1 0
0.147681 80 80 1 1 0
0.147787 80 80 1 1 0
0.147892 80 80 1 1 0
0.147998 80 80 1 1 0
0.148104 80 80 1 1 0
0.14821 80 80 1 1 0
0.148315 80 80 1 1 0
0.148421 80 80 1 1 0
0.148527 80 80 1 1 0
0.148633 80 80 1 1 0
0.148738 80 80 1 1 0
0.148844 80 80 1 1 0
0.14895 80 80 1 1 0
0.149056 80 80 1 1 0
0.149161 80 80 1 1 0
0.149267 80 80 1 1 0
0.149373 80 80 1 1 0
0.149479 80 80 1 1 0
0.149584 80 80 1 1 0
0.14969 80 80 1 1 0
0.149796 80 80 1 1 0
0.149902 80 80 1 1 0
0.150007 80 80 1 1 0
0.03 80 80 2 1 0
0.0299986 80 80 1 1 0
0.0299971 80 80 1 1 0
0.0299942 80 80 1 1 0
0.0299885 80 80 1 1 0
0.0299769 80 80 1 1 0
0.0299589 80 80 1 1 0
0.029941 80 80 1 1 0
0.029923 80 80 1 1 0
0.0299051 80 80 1 1 0
0.0298872 80 80 1 1 0
0.0298693 80 80 1 1 0
0.0298514 80 80 1 1 0
0.0298336 80 80 1 1 0
0.0298158 80 80 1 1 0
0.029798 80 80 1 1 0
0.0297802 80 80 1 1 0
0.0297625 80 80 1 1 0
0.0297447 80 80 1 1 0
0.029727 80 80 1 1 0
0.0297093 80 80 1 1 0
0.0296917 80 80 1 1 0
0.029674 80 80 1 1 0
0.0296564 80 80 1 1 0
0.0296388 80 80 1 1 0
0.0296212 80 80 1 1 0
0.0296037 80 80 1 1 0
0.0295861 80 80 1 1 0
0.0295686 80 80 1 1 0
0.0295511 80 80 1 1 0
0.0295336 80 80 1 1 0
0.0295162 80 80 1 1 0
0.0294987 80 80 1 1 0
0.0294813 80 80 1 1 0
0.0294639 80 80 1 1 0
0.0294466 80 80 1 1 0
0.0294292 80 80 1 1 0
0.0294119 80 80 1 1 0
0.0293946 80 80 1 1 0
0.0293773 80 80 1 1 0
0.02936 80 80 1 1 0
0.0293428 80 80 1 1 0
0.0293256 80 80 1 1 0
0.0293084 80 80 1 1 0
0.0292912 80 80 1 1 0
0.029274 80 80 1 1 0
0.0292569 80 80 1 1 0
0.0292398 80 80 1 1 0
0.0292227 80 80 1 1 0
0.0292056 80 80 1 1 0
0.0291885 80 80 1 1 0
0.0291715 80 80 1 1 0
0.0291545 80 80 1 1 0
0.0291375 80 80 1 1 0
0.0291205 80 80 1 1 0
0.0291036 80 80 1 1 0
0.0290866 80 80 1 1 0
0.0290697 80 80 1 1 0
0.0290528 80 80 1 1 0
0.0290359 80 80 1 1 0
0.0290191 80 80 1 1 0
0.0290023 80 80 1 1 0
0.0289854 80 80 1 1 0
0.0289687 80 80 1 1 0
0.0289519 80 80 1 1 0
0.0289351 80 80 1 1 0
0.0289184 80 80 1 1 0
0.0289017 80 80 1 1 0
0.028885 80 80 1 1 0
0.0288683 80 80 1 1 0
0.0288517 80 80 1 1 0
0.028835 80 80 1 1 0
0.0288184 80 80 1 1 0
0.0288018 80 80 1 1 0
0.0287853 80 80 1 1 0
0.0287687 80 80 1 1 0
0.0287522 80 80 1 1 0
0.0287357 80 80 1 1 0
0.0287192 80 80 1 1 0
0.0287027 80 80 1 1 0
0.0286863 80 80 1 1 0
0.0286698 80 80 1 1 0
0.0286534 80 80 1 1 0
0.028637 80 80 1 1 0
0.0286207 80 80 1 1 0
0.0286043 80 80 1 1 0
0.028588 80 80 1 1 0
0.0285717 80 80 1 1 0
0.0285554 80 80 1 1 0
0.0285391 80 80 1 1 0
0.0285228 80 80 1 1 0
0.0285066 80 80 1 1 0
0.0284904 80 80 1 1 0
0.0284742 80 80 1 1 0
0.028458 80 80 1 1 0
0.0284419 80 80 1 1 0
0.0284257 80 80 1 1 0
0.0284096 80 80 1 1 0
0.0283935 80 80 1 1 0
0.0283774 80 80 1 1 0
0.0283614 80 80 1 1 0
0.0283453 80 80 1 1 0
0.0283293 80 80 1 1 0
0.0283133 80 80 1 1 0
0.0282973 80 80 1 1 0
0.0282814 80 80 1 1 0
0.0282654 80 80 1 1 0
0.0282495 80 80 1 1 0
0.0282336 80 80 1 1 0
0.0282177 80 80 1 1 0
0.0282018 80 80 1 1 0
0.028186 80 80 1 1 0
0.0281702 80 80 1 1 0
0.0281544 80 80 1 1 0
0.0281386 80 80 1 1 0
0.0281228 80 80 1 1 0
0.028107 80 80 1 1 0
0.0280913 80 80 1 1 0
0.0280756 80 80 1 1 0
0.0280599 80 80 1 1 0
0.0280442 80 80 1 1 0
0.0280286 80 80 1 1 0
0.0280129 80 80 1 1 0
0.0279973 80 80 1 1 0
0.0279817 80 80 1 1 0
0.0279662 80 80 1 1 0
0.0279506 80 80 1 1 0
0.0279351 80 80 1 1 0
0.0279195 80 80 1 1 0
0.027904 80 80 1 1 0
0.0278885 80 80 1 1 0
0.0278731 80 80 1 1 0
0.0278576 80 80 1 1 0
0.0278422 80 80 1 1 0
0.0278268 80 80 1 1 0
0.0278114 80 80 1 1 0
0.027796 80 80 1 1 0
0.0277807 80 80 1 1 0
0.0277654 80 80 1 1 0
0.0277501 80 80 1 1 0
0.0277348 80 80 1 1 0
0.0277195 80 80 1 1 0
0.0277042 80 80 1 1 0
0.027689 80 80 1 1 0
0.0276738 80 80 1 1 0
0.0276586 80 80 1 1 0
0.0276434 80 80 1 1 0
0.0276282 80 80 1 1 0
0.0276131 80 80 1 1 0
0.027598 80 80 1 1 0
0.0275829 80 80 1 1 0
0.0275678 80 80 1 1 0
0.0275527 80 80 1 1 0
0.0275377 80 80 1 1 0
0.0275226 80 80 1 1 0
0.0275076 80 80 1 1 0
0.0274926 80 80 1 1 0
0.0274776 80 80 1 1 0
0.0274627 80 80 1 1 0
0.0274478 80 80 1 1 0
0.0274328 80 80 1 1 0
0.0274179 80 80 1 1 0
0.0274031 80 80 1 1 0
0.0273882 80 80 1 1 0
0.0273733 80 80 1 1 0
0.0273585 80 80 1 1 0
0.0273437 80 80 1 1 0
0.0273289 80 80 1 1 0
0.0273142 80 80 1 1 0
0.0272994 80 80 1 1 0
0.0272847 80 80 1 1 0
0.02727 80 80 1 1 0
0.0272553 80 80 1 1 0
0.0272406 80 80 1 1 0
0.0272259 80 80 1 1 0
0.0272113 80 80 1 1 0
0.0271967 80 80 1 1 0
0.0271821 80 80 1 1 0
0.0271675 80 80 1 1 0
0.0271529 80 80 1 1 0
0.0271384 80 80 1 1 0
0.0271239 80 80 1 1 0
0.0271094 80 80 1 1 0
0.0270949 80 80 1 1 0
0.0270804 80 80 1 1 0
0.0270659 80 80 1 1 0
0.0270515 80 80 1 1 0
0.0270371 80 80 1 1 0
0.0270227 80 80 1 1 0
0.0270083 80 80 1 1 0
0.026994 80 80 1 1 0
0.0269796 80 80 1 1 0
0.0269653 80 80 1 1 0
0.026951 80 80 1 1 0
0.0269367 80 80 1 1 0
0.0269225 80 80 1 1 0
0.0269082 80 80 1 1 0
0.026894 80 80 1 1 0
0.0268798 80 80 1 1 0
0.0268656 80 80 1 1 0
0.0268514 80 80 1 1 0
0.0268373 80 80 1 1 0
0.0268231 80 80 1 1 0
0.026809 80 80 1 1 0
0.0267949 80 80 1 1 0
0.0267808 80 80 1 1 0
0.0267668 80 80 1 1 0
0.0267527 80 80 1 1 0
0.0267387 80 80 1 1 0
0.0267247 80 80 1 1 0
0.0267107 80 80 1 1 0
0.0266967 80 80 1 1 0
0.0266828 80 80 1 1 0
0.0266688 80 80 1 1 0
0.0266549 80 80 1 1 0
0.026641 80 80 1 1 0
0.0266272 80 80 1 1 0
0.0266133 80 80 1 1 0
0.0265995 80 80 1 1 0
0.0265857 80 80 1 1 0
0.0265718 80 80 1 1 0
0.0265581 80 80 1 1 0
0.0265443 80 80 1 1 0
0.0265306 80 80 1 1 0
0.0265168 80 80 1 1 0
0.0265031 80 80 1 1 0
0.0264894 80 80 1 1 0
0.0264758 80 80 1 1 0
0.0264621 80 80 1 1 0
0.0264485 80 80 1 1 0
0.0264349 80 80 1 1 0
0.0264213 80 80 1 1 0
0.0264077 80 80 1 1 0
0.0263941 80 80 1 1 0
0.0263806 80 80 1 1 0
0.0263671 80 80 1 1 0
0.0263536 80 80 1 1 0
0.0263401 80 80 1 1 0
0.0263266 80 80 1 1 0
0.0263132 80 80 1 1 0
0.0262997 80 80 1 1 0
0.0262863 80 80 1 1 0
0.0262729 80 80 1 1 0
0.0262596 80 80 1 1 0
0.0262462 80 80 1 1 0
0.0262329 80 80 1 1 0
0.0262196 80 80 1 1 0
0.0262063 80 80 1 1 0
0.026193 80 80 1 1 0
0.0261797 80 80 1 1 0
0.0261665 80 80 1 1 0
0.0261533 80 80 1 1 0
0.0261401 80 80 1 1 0
0.0261269 80 80 1 1 0
0.0261137 80 80 1 1 0
0.0261006 80 80 1 1 0
0.0260874 80 80 1 1 0
0.0260743 80 80 1 1 0
0.0260612 80 80 1 1 0
0.0260482 80 80 1 1 0
0.0260351 80 80 1 1 0
0.0260221 80 80 1 1 0
0.026009 80 80 1 1 0
0.0259961 80 80 1 1 0
0.0259831 80 80 1 1 0
0.0259701 80 80 1 1 0
0.0259572 80 80 1 1 0
0.0259442 80 80 1 1 0
0.0259313 80 80 1 1 0
0.0259185 80 80 1 1 0
0.0259056 80 80 1 1 0
0.0258928 80 80 1 1 0
0.0258799 80 80 1 1 0
0.0258671 80 80 1 1 0
0.0258543 80 80 1 1 0
0.0258416 80 80 1 1 0
0.0258288 80 80 1 1 0
0.0258161 80 80 1 1 0
0.0258034 80 80 1 1 0
0.0257907 80 80 1 1 0
0.025778 80 80 1 1 0
0.0257653 80 80 1 1 0
0.0257527 80 80 1 1 0
0.0257401 80 80 1 1 0
0.0257275 80 80 1 1 0
0.0257149 80 80 1 1 0
0.0257023 80 80 1 1 0
0.0256898 80 80 1 1 0
0.0256773 80 80 1 1 0
0.0256648 80 80 1 1 0
0.0256523 80 80 1 1 0
0.0256398 80 80 1 1 0
0.0256274 80 80 1 1 0
0.0256149 80 80 1 1 0
0.0256025 80 80 1 1 0
0.0255901 80 80 1 1 0
0.0255778 80 80 1 1 0
0.0255654 80 80 1 1 0
0.0255531 80 80 1 1 0
0.0255408 80 80 1 1 0
0.0255285 80 80 1 1 0
0.0255162 80 80 1 1 0
0.0255039 80 80 1 1 0
0.0254917 80 80 1 1 0
0.0254795 80 80 1 1 0
0.0254673 80 80 1 1 0
0.0254551 80 80 1 1 0
0.0254429 80 80 1 1 0
0.0254308 80 80 1 1 0
0.0254187 80 80 1 1 0
0.0254066 80 80 1 1 0
0.0253945 80 80 1 1 0
0.0253824 80 80 1 1 0
0.0253704 80 80 1 1 0
0.0253584 80 80 1 1 0
0.0253464 80 80 1 1 0
0.0253344 80 80 1 1 0
0.0253224 80 80 1 1 0
0.0253105 80 80 1 1 0
0.0252985 80 80 1 1 0
0.0252866 80 80 1 1 0
0.0252747 80 80 1 1 0
0.0252629 80 80 1 1 0
0.025251 80 80 1 1 0
0.0252392 80 80 1 1 0
0.0252274 80 80 1 1 0
0.0252156 80 80 1 1 0
0.0252038 80 80 1 1 0
0.0251921 80 80 1 1 0
0.0251803 80 80 1 1 0
0.0251686 80 80 1 1 0
0.0251569 80 80 1 1 0
0.0251453 80 80 1 1 0
0.0251336 80 80 1 1 0
0.025122 80 80 1 1 0
0.0251104 80 80 1 1 0
0.0250988 80 80 1 1 0
0.0250872 80 80 1 1 0
0.0250756 80 80 1 1 0
0.0250641 80 80 1 1 0
0.0250526 80 80 1 1 0
0.0250411 80 80 1 1 0
0.0250296 80 80 1 1 0
0.0250182 80 80 1 1 0
0.0250067 80 80 1 1 0
0.0249953 80 80 1 1 0
0.0249839 80 80 1 1 0
0.0249725 80 80 1 1 0
0.0249612 80 80 1 1 0
0.0249498 80 80 1 1 0
0.0249385 80 80 1 1 0
0.0249272 80 80 1 1 0
0.024916 80 80 1 1 0
0.0249047 80 80 1 1 0
0.0248935 80 80 1 1 0
0.0248822 80 80 1 1 0
0.024871 80 80 1 1 0
0.0248599 80 80 1 1 0
0.0248487 80 80 1 1 0
0.0248376 80 80 1 1 0
0.0248265 80 80 1 1 0
0.0248154 80 80 1 1 0
0.0248043 80 80 1 1 0
0.0247932 80 80 1 1 0
0.0247822 80 80 1 1 0
0.0247712 80 80 1 1 0
0.0247602 80 80 1 1 0
0.0247492 80 80 1 1 0
0.0247383 80 80 1 1 0
0.0247273 80 80 1 1 0
0.0247164 80 80 1 1 0
0.0247055 80 80 1 1 0
0.0246946 80 80 1 1 0
0.0246838 80 80 1 1 0
0.024673 80 80 1 1 0
0.0246621 80 80 1 1 0
0.0246514 80 80 1 1 0
0.0246406 80 80 1 1 0
0.0246298 80 80 1 1 0
0.0246191 80 80 1 1 0
0.0246084 80 80 1 1 0
0.0245977 80 80 1 1 0
0.024587 80 80 1 1 0
0.0245764 80 80 1 1 0
0.0245658 80 80 1 1 0
0.0245552 80 80 1 1 0
0.0245446 80 80 1 1 0
0.024534 80 80 1 1 0
0.0245235 80 80 1 1 0
0.0245129 80 80 1 1 0
0.0245024 80 80 1 1 0
0.024492 80 80 1 1 0
0.0244815 80 80 1 1 0
0.0244711 80 80 1 1 0
0.0244606 80 80 1 1 0
0.0244502 80 80 1 1 0
0.0244399 80 80 1 1 0
0.0244295 80 80 1 1 0
0.0244192 80 80 1 1 0
0.0244089 80 80 1 1 0
0.0243986 80 80 1 1 0
0.0243883 80 80 1 1 0
0.024378 80 80 1 1 0
0.0243678 80 80 1 1 0
0.0243576 80 80 1 1 0
0.0243474 80 80 1 1 0
0.0243372 80 80 1 1 0
0.0243271 80 80 1 1 0
0.024317 80 80 1 1 0
0.0243069 80 80 1 1 0
0.0242968 80 80 1 1 0
0.0242867 80 80 1 1 0
0.0242767 80 80 1 1 0
0.0242667 80 80 1 1 0
0.0242567 80 80 1 1 0
0.0242467 80 80 1 1 0
0.0242367 80 80 1 1 0
0.0242268 80 80 1 1 0
0.0242169 80 80 1 1 0
0.024207 80 80 1 1 0
0.0241971 80 80 1 1 0
0.0241873 80 80 1 1 0
0.0241775 80 80 1 1 0
0.0241677 80 80 1 1 0
0.0241579 80 80 1 1 0
0.0241481 80 80 1 1 0
0.0241384 80 80 1 1 0
0.0241287 80 80 1 1 0
0.024119 80 80 1 1 0
0.0241093 80 80 1 1 0
0.0240996 80 80 1 1 0
0.02409 80 80 1 1 0
0.0240804 80 80 1 1 0
0.0240708 80 80 1 1 0
0.0240612 80 80 1 1 0
0.0240517 80 80 1 1 0
0.0240422 80 80 1 1 0
0.0240327 80 80 1 1 0
0.0240232 80 80 1 1 0
0.0240138 80 80 1 1 0
0.0240043 80 80 1 1 0
0.0239949 80 80 1 1 0
0.0239855 80 80 1 1 0
0.0239762 80 80 1 1 0
0.0239668 80 80 1 1 0
0.0239575 80 80 1 1 0
0.0239482 80 80 1 1 0
0.0239389 80 80 1 1 0
0.0239297 80 80 1 1 0
0.0239204 80 80 1 1 0
0.0239112 80 80 1 1 0
0.023902 80 80 1 1 0
0.0238929 80 80 1 1 0
0.0238837 80 80 1 1 0
0.0238746 80 80 1 1 0
0.0238655 80 80 1 1 0
0.0238565 80 80 1 1 0
0.0238474 80 80 1 1 0
0.0238384 80 80 1 1 0
0.0238294 80 80 1 1 0
0.0238204 80 80 1 1 0
0.0238114 80 80 1 1 0
0.0238025 80 80 1 1 0
0.0237936 80 80 1 1 0
0.0237847 80 80 1 1 0
0.0237758 80 80 1 1 0
0.023767 80 80 1 1 0
0.0237582 80 80 1 1 0
0.0237494 80 80 1 1 0
0.0237406 80 80 1 1 0
0.0237318 80 80 1 1 0
0.0237231 80 80 1 1 0
0.0237144 80 80 1 1 0
0.0237057 80 80 1 1 0
0.023697 80 80 1 1 0
0.0236884 80 80 1 1 0
0.0236798 80 80 1 1 0
0.0236712 80 80 1 1 0
0.0236626 80 80 1 1 0
0.0236541 80 80 1 1 0
0.0236456 80 80 1 1 0
0.0236371 80 80 1 1 0
0.0236286 80 80 1 1 0
0.0236202 80 80 1 1 0
0.0236117 80 80 1 1 0
0.0236033 80 80 1 1 0
0.023595 80 80 1 1 0
0.0235866 80 80 1 1 0
0.0235783 80 80 1 1 0
0.02357 80 80 1 1 0
0.0235617 80 80 1 1 0
0.0235535 80 80 1 1 0
0.0235452 80 80 1 1 0
0.023537 80 80 1 1 0
0.0235288 80 80 1 1 0
0.0235207 80 80 1 1 0
0.0235125 80 80 1 1 0
0.0235044 80 80 1 1 0
0.0234963 80 80 1 1 0
0.0234883 80 80 1 1 0
0.0234802 80 80 1 1 0
0.0234722 80 80 1 1 0
0.0234642 80 80 1 1 0
0.0234563 80 80 1 1 0
0.0234483 80 80 1 1 0
0.0234404 80 80 1 1 0
0.0234325 80 80 1 1 0
0.0234247 80 80 1 1 0
0.0234168 80 80 1 1 0
0.023409 80 80 1 1 0
0.0234012 80 80 1 1 0
0.0233934 80 80 1 1 0
0.0233857 80 80 1 1 0
0.023378 80 80 1 1 0
0.0233703 80 80 1 1 0
0.0233626 80 80 1 1 0
0.023355 80 80 1 1 0
0.0233474 80 80 1 1 0
0.0233398 80 80 1 1 0
0.0233322 80 80 1 1 0
0.0233247 80 80 1 1 0
0.0233172 80 80 1 1 0
0.0233097 80 80 1 1 0
0.0233022 80 80 1 1 0
0.0232948 80 80 1 1 0
0.0232874 80 80 1 1 0
0.02328 80 80 1 1 0
0.0232726 80 80 1 1 0
0.0232653 80 80 1 1 0
0.023258 80 80 1 1 0
0.0232507 80 80 1 1 0
0.0232435 80 80 1 1 0
0.0232362 80 80 1 1 0
0.023229 80 80 1 1 0
0.0232219 80 80 1 1 0
0.0232147 80 80 1 1 0
0.0232076 80 80 1 1 0
0.0232005 80 80 1 1 0
0.0231934 80 80 1 1 0
0.0231864 80 80 1 1 0
0.0231794 80 80 1 1 0
0.0231724 80 80 1 1 0
0.0231654 80 80 1 1 0
0.0231585 80 80 1 1 0
0.0231516 80 80 1 1 0
0.0231447 80 80 1 1 0
0.0231378 80 80 1 1 0
0.023131 80 80 1 1 0
0.0231242 80 80 1 1 0
0.0231174 80 80 1 1 0
0.0231107 80 80 1 1 0
0.023104 80 80 1 1 0
0.0230973 80 80 1 1 0
0.0230906 80 80 1 1 0
0.023084 80 80 1 1 0
0.0230774 80 80 1 1 0
0.0230708 80 80 1 1 0
0.0230642 80 80 1 1 0
0.0230577 80 80 1 1 0
0.0230512 80 80 1 1 0
0.0230447 80 80 1 1 0
0.0230383 80 80 1 1 0
0.0230319 80 80 1 1 0
0.0230255 80 80 1 1 0
0.0230191 80 80 1 1 0
0.0230128 80 80 1 1 0
0.0230065 80 80 1 1 0
0.0230002 80 80 1 1 0
0.022994 80 80 1 1 0
0.0229878 80 80 1 1 0
0.0229816 80 80 1 1 0
0.0229755 80 80 1 1 0
0.0229693 80 80 1 1 0
0.0229632 80 80 1 1 0
0.0229572 80 80 1 1 0
0.0229511 80 80 1 1 0
0.0229451 80 80 1 1 0
0.0229391 80 80 1 1 0
0.0229332 80 80 1 1 0
0.0229273 80 80 1 1 0
0.0229214 80 80 1 1 0
0.0229155 80 80 1 1 0
0.0229097 80 80 1 1 0
0.0229039 80 80 1 1 0
0.0228981 80 80 1 1 0
0.0228924 80 80 1 1 0
0.0228866 80 80 1 1 0
0.022881 80 80 1 1 0
0.0228753 80 80 1 1 0
0.0228697 80 80 1 1 0
0.0228641 80 80 1 1 0
0.0228585 80 80 1 1 0
0.022853 80 80 1 1 0
0.0228475 80 80 1 1 0
0.022842 80 80 1 1 0
0.0228366 80 80 1 1 0
0.0228312 80 80 1 1 0
0.0228258 80 80 1 1 0
0.0228205 80 80 1 1 0
0.0228152 80 80 1 1 0
0.0228099 80 80 1 1 0
0.0228046 80 80 1 1 0
0.0227994 80 80 1 1 0
0.0227942 80 80 1 1 0
0.0227891 80 80 1 1 0
0.022784 80 80 1 1 0
0.0227789 80 80 1 1 0
0.0227738 80 80 1 1 0
0.0227688 80 80 1 1 0
0.0227638 80 80 1 1 0
0.0227588 80 80 1 1 0
0.0227539 80 80 1 1 0
0.022749 80 80 1 1 0
0.0227442 80 80 1 1 0
0.0227393 80 80 1 1 0
0.0227345 80 80 1 1 0
0.0227298 80 80 1 1 0
0.0227251 80 80 1 1 0
0.0227204 80 80 1 1 0
0.0227157 80 80 1 1 0
0.0227111 80 80 1 1 0
0.0227065 80 80 1 1 0
0.0227019 80 80 1 1 0
0.0226974 80 80 1 1 0
0.0226929 80 80 1 1 0
0.0226884 80 80 1 1 0
0.022684 80 80 1 1 0
0.0226796 80 80 1 1 0
0.0226753 80 80 1 1 0
0.022671 80 80 1 1 0
0.0226667 80 80 1 1 0
0.0226624 80 80 1 1 0
0.0226582 80 80 1 1 0
0.022654 80 80 1 1 0
0.0226499 80 80 1 1 0
0.0226458 80 80 1 1 0
0.0226417 80 80 1 1 0
0.0226377 80 80 1 1 0
0.0226337 80 80 1 1 0
0.0226297 80 80 1 1 0
0.0226258 80 80 1 1 0
0.0226219 80 80 1 1 0
0.022618 80 80 1 1 0
0.0226142 80 80 1 1 0
0.0226104 80 80 1 1 0
0.0226067 80 80 1 1 0
0.022603 80 80 1 1 0
0.0225993 80 80 1 1 0
0.0225957 80 80 1 1 0
0.0225921 80 80 1 1 0
0.0225885 80 80 1 1 0
0.022585 80 80 1 1 0
0.0225815 80 80 1 1 0
0.0225781 80 80 1 1 0
0.0225747 80 80 1 1 0
0.0225713 80 80 1 1 0
0.022568 80 80 1 1 0
0.0225647 80 80 1 1 0
0.0225615 80 80 1 1 0
0.0225583 80 80 1 1 0
0.0225551 80 80 1 1 0
0.022552 80 80 1 1 0
0.0225489 80 80 1 1 0
0.0225458 80 80 1 1 0
0.0225428 80 80 1 1 0
0.0225398 80 80 1 1 0
0.0225369 80 80 1 1 0
0.022534 80 80 1 1 0
0.0225312 80 80 1 1 0
0.0225284 80 80 1 1 0
0.0225256 80 80 1 1 0
0.0225229 80 80 1 1 0
0.0225202 80 80 1 1 0
0.0225175 80 80 1 1 0
0.0225149 80 80 1 1 0
0.0225124 80 80 1 1 0
0.0225099 80 80 1 1 0
0.0225074 80 80 1 1 0
0.022505 80 80 1 1 0
0.0225026 80 80 1 1 0
0.0225002 80 80 1 1 0
0.0224979 80 80 1 1 0
0.0224957 80 80 1 1 0
0.0224934 80 80 1 1 0
0.0224913 80 80 1 1 0
0.0224891 80 80 1 1 0
0.022487 80 80 1 1 0
0.022485 80 80 1 1 0
0.022483 80 80 1 1 0
0.0224811 80 80 1 1 0
0.0224792 80 80 1 1 0
0.0224773 80 80 1 1 0
0.0224755 80 80 1 1 0
0.0224737 80 80 1 1 0
0.022472 80 80 1 1 0
0.0224703 80 80 1 1 0
0.0224687 80 80 1 1 0
0.0224671 80 80 1 1 0
0.0224655 80 80 1 1 0
0.0224641 80 80 1 1 0
0.0224626 80 80 1 1 0
0.0224612 80 80 1 1 0
0.0224599 80 80 1 1 0
0.0224586 80 80 1 1 0
0.0224573 80 80 1 1 0
0.0224561 80 80 1 1 0
0.022455 80 80 1 1 0
0.0224538 80 80 1 1 0
0.0224528 80 80 1 1 0
0.0224518 80 80 1 1 0
0.0224508 80 80 1 1 0
0.0224499 80 80 1 1 0
0.0224491 80 80 1 1 0
0.0224483 80 80 1 1 0
0.0224475 80 80 1 1 0
0.0224468 80 80 1 1 0
0.0224461 80 80 1 1 0
0.0224455 80 80 1 1 0
0.022445 80 80 1 1 0
0.0224445 80 80 1 1 0
0.022444 80 80 1 1 0
0.0224436 80 80 1 1 0
0.0224433 80 80 1 1 0
0.022443 80 80 1 1 0
0.0224428 80 80 1 1 0
0.0224426 80 80 1 1 0
0.0224425 80 80 1 1 0
0.0224424 80 80 1 1 0
0.0224424 80 80 1 1 0
0.0224424 80 80 2 1 0
0.0224425 80 80 2 1 0
0.0224426 80 80 2 1 0
0.0224428 80 80 2 1 0
0.0224431 80 80 2 1 0
0.0224434 80 80 2 1 0
0.0224438 80 80 2 1 0
0.0224442 80 80 2 1 0
0.0224447 80 80 2 1 0
0.0224452 80 80 2 1 0
0.0224458 80 80 2 1 0
0.0224464 80 80 2 1 0
0.0224472 80 80 2 1 0
0.0224479 80 80 2 1 0
0.0224488 80 80 2 1 0
0.0224496 80 80 2 1 0
0.0224506 80 80 2 1 0
0.0224516 80 80 2 1 0
0.0224527 80 80 2 1 0
0.0224538 80 80 2 1 0
0.022455 80 80 2 1 0
0.0224563 80 80 2 1 0
0.0224576 80 80 2 1 0
0.022459 80 80 2 1 0
0.0224604 80 80 2 1 0
0.0224619 80 80 2 1 0
0.0224635 80 80 2 1 0
0.0224652 80 80 2 1 0
0.0224669 80 80 2 1 0
0.0224686 80 80 2 1 0
0.0224705 80 80 2 1 0
0.0224724 80 80 2 1 0
0.0224743 80 80 2 1 0
0.0224764 80 80 2 1 0
0.0224785 80 80 2 1 0
0.0224806 80 80 2 1 0
0.0224829 80 80 2 1 0
0.0224852 80 80 2 1 0
0.0224876 80 80 2 1 0
0.02249 80 80 2 1 0
0.0224925 80 80 2 1 0
0.0224951 80 80 2 1 0
0.0224978 80 80 2 1 0
0.0225005 80 80 2 1 0
0.0225033 80 80 2 1 0
0.0225062 80 80 2 1 0
0.0225091 80 80 2 1 0
0.0225121 80 80 2 1 0
0.0225152 80 80 2 1 0
0.0225184 80 80 2 1 0
0.0225216 80 80 2 1 0
0.022525 80 80 2 1 0
0.0225284 80 80 2 1 0
0.0225318 80 80 2 1 0
0.0225354 80 80 2 1 0
0.022539 80 80 2 1 0
0.0225427 80 80 2 1 0
0.0225465 80 80 2 1 0
0.0225503 80 80 2 1 0
0.0225543 80 80 2 1 0
0.0225583 80 80 2 1 0
0.0225624 80 80 2 1 0
0.0225666 80 80 2 1 0
0.0225708 80 80 2 1 0
0.0225752 80 80 2 1 0
0.0225796 80 80 2 1 0
0.0225841 80 80 2 1 0
0.0225887 80 80 2 1 0
0.0225934 80 80 2 1 0
0.0225982 80 80 2 1 0
0.022603 80 80 2 1 0
0.022608 80 80 2 1 0
0.022613 80 80 2 1 0
0.0226181 80 80 2 1 0
0.0226233 80 80 2 1 0
0.0226286 80 80 2 1 0
0.022634 80 80 2 1 0
0.0226395 80 80 2 1 0
0.022645 80 80 2 1 0
0.0226507 80 80 2 1 0
0.0226564 80 80 2 1 0
0.0226623 80 80 2 1 0
0.0226682 80 80 2 1 0
0.0226742 80 80 2 1 0
0.0226804 80 80 2 1 0
0.0226866 80 80 2 1 0
0.0226929 80 80 2 1 0
0.0226993 80 80 2 1 0
0.0227058 80 80 2 1 0
0.0227124 80 80 2 1 0
0.0227192 80 80 2 1 0
0.022726 80 80 2 1 0
0.0227329 80 80 2 1 0
0.0227399 80 80 2 1 0
0.022747 80 80 2 1 0
0.0227543 80 80 2 1 0
0.0227616 80 80 2 1 0
0.022769 80 80 2 1 0
0.0227766 80 80 2 1 0
0.0227842 80 80 2 1 0
0.022792 80 80 2 1 0
0.0227999 80 80 2 1 0
0.0228078 80 80 2 1 0
0.0228159 80 80 2 1 0
0.0228241 80 80 2 1 0
0.0228325 80 80 2 1 0
0.0228409 80 80 2 1 0
0.0228494 80 80 2 1 0
0.0228581 80 80 2 1 0
0.0228669 80 80 2 1 0
0.0228758 80 80 2 1 0
0.0228848 80 80 2 1 0
0.0228939 80 80 2 1 0
0.0229032 80 80 2 1 0
0.0229125 80 80 2 1 0
0.022922 80 80 2 1 0
0.0229317 80 80 2 1 0
0.0229414 80 80 2 1 0
0.0229513 80 80 2 1 0
0.0229613 80 80 2 1 0
0.0229714 80 80 2 1 0
0.0229817 80 80 2 1 0
0.022992 80 80 2 1 0
0.0230026 80 80 2 1 0
0.0230132 80 80 2 1 0
0.023024 80 80 2 1 0
0.0230349 80 80 2 1 0
0.023046 80 80 2 1 0
0.0230572 80 80 2 1 0
0.0230685 80 80 2 1 0
0.02308 80 80 2 1 0
0.0230916 80 80 2 1 0
0.0231034 80 80 2 1 0
0.0231153 80 80 2 1 0
0.0231273 80 80 2 1 0
0.0231395 80 80 2 1 0
0.0231518 80 80 2 1 0
0.0231643 80 80 2 1 0
0.023177 80 80 2 1 0
0.0231898 80 80 2 1 0
0.0232027 80 80 2 1 0
0.0232158 80 80 2 1 0
0.0232291 80 80 2 1 0
0.0232425 80 80 2 1 0
0.0232561 80 80 2 1 0
0.0232698 80 80 2 1 0
0.0232837 80 80 2 1 0
0.0232978 80 80 2 1 0
0.023312 80 80 2 1 0
0.0233264 80 80 2 1 0
0.023341 80 80 2 1 0
0.0233557 80 80 2 1 0
0.0233707 80 80 2 1 0
0.0233857 80 80 2 1 0
0.023401 80 80 2 1 0
0.0234165 80 80 2 1 0
0.0234321 80 80 2 1 0
0.0234479 80 80 2 1 0
0.0234639 80 80 2 1 0
0.02348 80 80 2 1 0
0.0234964 80 80 2 1 0
0.0235129 80 80 2 1 0
0.0235297 80 80 2 1 0
0.0235466 80 80 2 1 0
0.0235637 80 80 2 1 0
0.0235811 80 80 2 1 0
0.0235986 80 80 2 1 0
0.0236163 80 80 2 1 0
0.0236342 80 80 2 1 0
0.0236524 80 80 2 1 0
0.0236707 80 80 2 1 0
0.0236892 80 80 2 1 0
0.023708 80 80 2 1 0
0.023727 80 80 2 1 0
0.0237462 80 80 2 1 0
0.0237656 80 80 2 1 0
0.0237852 80 80 2 1 0
0.0238051 80 80 2 1 0
0.0238251 80 80 2 1 0
0.0238455 80 80 2 1 0
0.023866 80 80 2 1 0
0.0238868 80 80 2 1 0
0.0239078 80 80 2 1 0
0.023929 80 80 2 1 0
0.0239505 80 80 2 1 0
0.0239723 80 80 2 1 0
0.0239943 80 80 2 1 0
0.0240165 80 80 2 1 0
0.024039 80 80 2 1 0
0.0240617 80 80 2 1 0
0.0240847 80 80 2 1 0
0.024108 80 80 2 1 0
0.0241315 80 80 2 1 0
0.0241553 80 80 2 1 0
0.0241794 80 80 2 1 0
0.0242037 80 80 2 1 0
0.0242284 80 80 2 1 0
0.0242533 80 80 2 1 0
0.0242785 80 80 2 1 0
0.0243039 80 80 2 1 0
0.0243297 80 80 2 1 0
0.0243558 80 80 2 1 0
0.0243821 80 80 2 1 0
0.0244088 80 80 2 1 0
0.0244358 80 80 2 1 0
0.024463 80 80 2 1 0
0.0244906 80 80 2 1 0
0.0245185 80 80 2 1 0
0.0245468 80 80 2 1 0
0.0245753 80 80 2 1 0
0.0246042 80 80 2 1 0
0.0246334 80 80 2 1 0
0.024663 80 80 2 1 0
0.0246929 80 80 2 1 0
0.0247232 80 80 2 1 0
0.0247538 80 80 2 1 0
0.0247847 80 80 2 1 0
0.024816 80 80 2 1 0
0.0248477 80 80 2 1 0
0.0248798 80 80 2 1 0
0.0249122 80 80 2 1 0
0.024945 80 80 2 1 0
0.0249782 80 80 2 1 0
0.0250118 80 80 2 1 0
0.0250458 80 80 2 1 0
0.0250802 80 80 2 1 0
0.025115 80 80 2 1 0
0.0251502 80 80 2 1 0
0.0251858 80 80 2 1 0
0.0252218 80 80 2 1 0
0.0252583 80 80 2 1 0
0.0252952 80 80 2 1 0
0.0253326 80 80 2 1 0
0.0253704 80 80 2 1 0
0.0254086 80 80 2 1 0
0.0254473 80 80 2 1 0
0.0254865 80 80 2 1 0
0.0255262 80 80 2 1 0
0.0255663 80 80 2 1 0
0.025607 80 80 2 1 0
0.0256481 80 80 2 1 0
0.0256897 80 80 2 1 0
0.0257318 80 80 2 1 0
0.0257745 80 80 2 1 0
0.0258177 80 80 2 1 0
0.0258614 80 80 2 1 0
0.0259057 80 80 2 1 0
0.0259505 80 80 2 1 0
0.0259958 80 80 2 1 0
0.0260418 80 80 2 1 0
0.0260883 80 80 2 1 0
0.0261354 80 80 2 1 0
0.0261831 80 80 2 1 0
0.0262314 80 80 2 1 0
0.0262803 80 80 2 1 0
0.0263298 80 80 2 1 0
0.02638 80 80 2 1 0
0.0264308 80 80 2 1 0
0.0264823 80 80 2 1 0
0.0265344 80 80 2 1 0
0.0265872 80 80 2 1 0
0.0266407 80 80 2 1 0
0.0266948 80 80 2 1 0
0.0267497 80 80 2 1 0
0.0268054 80 80 2 1 0
0.0268617 80 80 2 1 0
0.0269188 80 80 2 1 0
0.0269767 80 80 2 1 0
0.0270353 80 80 2 1 0
0.0270947 80 80 2 1 0
0.0271549 80 80 2 1 0
0.0272159 80 80 2 1 0
0.0272778 80 80 2 1 0
0.0273405 80 80 2 1 0
0.027404 80 80 2 1 0
0.0274684 80 80 2 1 0
0.0275337 80 80 2 1 0
0.0276 80 80 2 1 0
0.0276671 80 80 2 1 0
0.0277352 80 80 2 1 0
0.0278042 80 80 2 1 0
0.0278742 80 80 2 1 0
0.0279452 80 80 2 1 0
0.0280172 80 80 2 1 0
0.0280902 80 80 2 1 0
0.0281643 80 80 2 1 0
0.0282394 80 80 2 1 0
0.0283156 80 80 2 1 0
0.028393 80 80 2 1 0
0.0284715 80 80 2 1 0
0.0285511 80 80 2 1 0
0.0286319 80 80 2 1 0
0.0287139 80 80 2 1 0
0.0287971 80 80 2 1 0
0.0288816 80 80 2 1 0
0.0289674 80 80 2 1 0
0.0290545 80 80 2 1 0
0.0291429 80 80 2 1 0
0.0292326 80 80 2 1 0
0.0293238 80 80 2 1 0
0.0294163 80 80 2 1 0
0.0295103 80 80 2 1 0
0.0296058 80 80 2 1 0
0.0297028 80 80 2 1 0
0.0298013 80 80 2 1 0
0.0299014 80 80 2 1 0
0.0300031 80 80 2 1 0
0.0301065 80 80 2 1 0
0.0302116 80 80 2 1 0
0.0303183 80 80 2 1 0
0.0304269 80 80 2 1 0
0.0305372 80 80 2 1 0
0.0306494 80 80 2 1 0
0.0307635 80 80 2 1 0
0.0308795 80 80 2 1 0
0.0309975 80 80 2 1 0
0.0311175 80 80 2 1 0
0.0312396 80 80 2 1 0
0.0313638 80 80 2 1 0
0.0314902 80 80 2 1 0
0.0316188 80 80 2 1 0
0.0317497 80 80 2 1 0
0.031883 80 80 2 1 0
0.0320187 80 80 2 1 0
0.0321568 80 80 2 1 0
0.0322975 80 80 2 1 0
0.0324408 80 80 2 1 0
0.0325867 80 80 2 1 0
0.0327354 80 80 2 1 0
0.0328869 80 80 2 1 0
0.0330413 80 80 2 1 0
0.0331986 80 80 2 1 0
0.033359 80 80 2 1 0
0.0335225 80 80 2 1 0
0.0336893 80 80 2 1 0
0.0338594 80 80 2 1 0
0.0340329 80 80 2 1 0
0.0342099 80 80 2 1 0
0.0343905 80 80 2 1 0
0.0345748 80 80 2 1 0
0.0347629 80 80 2 1 0
0.034955 80 80 2 1 0
0.0351512 80 80 2 1 0
0.0353516 80 80 2 1 0
0.0355562 80 80 2 1 0
0.0357654 80 80 2 1 0
0.0359791 80 80 2 1 0
0.0361976 80 80 2 1 0
0.036421 80 80 2 1 0
0.0366494 80 80 2 1 0
0.0368831 80 80 2 1 0
0.0371221 80 80 2 1 0
0.0373668 80 80 2 1 0
0.0376172 80 80 2 1 0
0.0378736 80 80 2 1 0
0.0381362 80 80 2 1 0
0.0384052 80 80 2 1 0
0.0386809 80 80 2 1 0
0.0389634 80 80 2 1 0
0.0392531 80 80 2 1 0
0.0395501 80 80 2 1 0
0.0398549 80 80 2 1 0
0.0401676 80 80 2 1 0
0.0404885 80 80 2 1 0
0.0408181 80 80 2 1 0
0.0411566 80 80 2 1 0
0.0415045 80 80 2 1 0
0.0418619 80 80 2 1 0
0.0422295 80 80 2 1 0
0.0426076 80 80 2 1 0
0.0429966 80 80 2 1 0
0.043397 80 80 2 1 0
0.0438093 80 80 2 1 0
0.044234 80 80 2 1 0
0.0446717 80 80 2 1 0
0.045123 80 80 2 1 0
0.0455885 80 80 2 1 0
0.0460689 80 80 2 1 0
0.0465648 80 80 2 1 0
0.047077 80 80 2 1 0
0.0476063 80 80 2 1 0
0.0481535 80 80 2 1 0
0.0487196 80 80 2 1 0
0.0493056 80 80 2 1 0
0.0499123 80 80 2 1 0
0.050541 80 80 2 1 0
0.0511928 80 80 2 1 0
0.051869 80 80 2 1 0
0.0525709 80 80 2 1 0
0.0532999 80 80 2 1 0
0.0540577 80 80 2 1 0
0.0548459 80 80 2 1 0
0.0556662 80 80 2 1 0
0.0565207 80 80 2 1 0
0.0574113 80 80 2 1 0
0.0583405 80 80 2 1 0
0.0593105 80 80 2 1 0
0.0603241 80 80 2 1 0
0.0613842 80 80 2 1 0
0.0624937 80 80 2 1 0
0.0636562 80 80 2 1 0
0.0648753 80 80 2 1 0
0.066155 80 80 2 1 0
0.0674997 80 80 2 1 0
0.0689142 80 80 2 1 0
0.0704038 80 80 2 1 0
0.0719742 80 80 2 1 0
0.0736316 80 80 2 1 0
0.0753832 80 80 2 1 0
0.0772365 80 80 2 1 0
0.0791997 80 80 2 1 0
0.0812825 80 80 2 1 0
0.0834951 80 80 2 1 0
0.085849 80 80 2 1 0
0.088357 80 80 2 1 0
0.0910332 80 80 2 1 0
0.0938936 80 80 2 1 0
0.0969557 80 80 2 1 0
0.100239 80 80 2 1 0
0.103767 80 80 2 1 0
0.107563 80 80 2 1 0
0.111657 80 80 2 1 0
0.116079 80 80 2 1 0
0.120867 80 80 2 1 0
0.12606 80 80 2 1 0
0.131706 80 80 2 1 0
0.137859 80 80 2 1 0
0.144578 80 80 2 1 0
0.151935 80 80 2 1 0
0.151935 80 80 2 1 0
0.152553 80 80 2 1 0
0.153176 80 80 2 1 0
0.154437 80 80 2 1 0
0.157015 80 80 2 1 0
0.162412 80 80 2 1 0
0.171164 80 80 2 1 0
0.181212 80 80 2 1 0
0.192344 80 80 2 1 0
0.204715 80 80 2 1 0
0.21851 80 80 2 1 0
0.233946 80 80 2 1 0
0.251287 80 80 2 1 0
0.270848 80 80 2 1 0
0.293011 80 80 2 1 0
0.318243 80 80 2 1 0
0.347119 80 80 2 1 0
0.380352 80 80 2 1 0
0.418837 80 80 2 1 0
0.463701 80 80 2 1 0
0.516383 80 80 2 1 0
0.578727 80 80 2 1 0
0.653119 80 80 2 1 0
0.74265 80 80 2 1 0
0.851311 80 80 2 1 0
0.984173 80 80 2 1 0
1.14743 80 80 2 1 0
