0.03 209.968 209.968 2 1 0
0.0300014 209.98 209.98 1 1 0
0.0300029 209.993 209.993 1 1 0
0.0300058 210.018 210.018 1 1 0
0.0300115 210.068 210.068 1 1 0
0.0300231 210.168 210.168 1 1 0
0.0300412 210.325 210.325 1 1 0
0.0300593 210.481 210.481 1 1 0
0.0300774 210.637 210.637 1 1 0
0.0300955 210.793 210.793 1 1 0
0.0301137 210.949 210.949 1 1 0
0.0301319 211.105 211.105 1 1 0
0.0301501 211.261 211.261 1 1 0
0.0301683 211.416 211.416 1 1 0
0.0301866 211.572 211.572 1 1 0
0.0302048 211.727 211.727 1 1 0
0.0302231 211.883 211.883 1 1 0
0.0302414 212.038 212.038 1 1 0
0.0302598 212.193 212.193 1 1 0
0.0302781 212.348 212.348 1 1 0
0.0302965 212.502 212.502 1 1 0
0.0303149 212.657 212.657 1 1 0
0.0303334 212.811 212.811 1 1 0
0.0303518 212.966 212.966 1 1 0
0.0303703 213.12 213.12 1 1 0
0.0303888 213.274 213.274 1 1 0
0.0304073 213.428 213.428 1 1 0
0.0304259 213.582 213.582 1 1 0
0.0304445 213.736 213.736 1 1 0
0.030463 213.89 213.89 1 1 0
0.0304817 214.043 214.043 1 1 0
0.0305003 214.196 214.196 1 1 0
0.030519 214.35 214.35 1 1 0
0.0305377 214.503 214.503 1 1 0
0.0305564 214.656 214.656 1 1 0
0.0305751 214.809 214.809 1 1 0
0.0305939 214.962 214.962 1 1 0
0.0306126 215.114 215.114 1 1 0
0.0306314 215.267 215.267 1 1 0
0.0306503 215.419 215.419 1 1 0
0.0306691 215.571 215.571 1 1 0
0.030688 215.724 215.724 1 1 0
0.0307069 215.876 215.876 1 1 0
0.0307258 216.028 216.028 1 1 0
0.0307448 216.179 216.179 1 1 0
0.0307637 216.331 216.331 1 1 0
0.0307827 216.483 216.483 1 1 0
0.0308017 216.634 216.634 1 1 0
0.0308208 216.785 216.785 1 1 0
0.0308399 216.936 216.936 1 1 0
0.0308589 217.088 217.088 1 1 0
0.0308781 217.238 217.238 1 1 0
0.0308972 217.389 217.389 1 1 0
0.0309164 217.54 217.54 1 1 0
0.0309356 217.691 217.691 1 1 0
0.0309548 217.841 217.841 1 1 0
0.030974 217.991 217.991 1 1 0
0.0309933 218.142 218.142 1 1 0
0.0310126 218.292 218.292 1 1 0
0.0310319 218.442 218.442 1 1 0
0.0310512 218.591 218.591 1 1 0
0.0310706 218.741 218.741 1 1 0
0.0310899 218.891 218.891 1 1 0
0.0311094 219.04 219.04 1 1 0
0.0311288 219.19 219.19 1 1 0
0.0311483 219.339 219.339 1 1 0
0.0311677 219.488 219.488 1 1 0
0.0311872 219.637 219.637 1 1 0
0.0312068 219.786 219.786 1 1 0
0.0312263 219.934 219.934 1 1 0
0.0312459 220.083 220.083 1 1 0
0.0312655 220.232 220.232 1 1 0
0.0312852 220.38 220.38 1 1 0
0.0313048 220.528 220.528 1 1 0
0.0313245 220.676 220.676 1 1 0
0.0313442 220.824 220.824 1 1 0
0.031364 220.972 220.972 1 1 0
0.0313838 221.12 221.12 1 1 0
0.0314035 221.268 221.268 1 1 0
0.0314234 221.415 221.415 1 1 0
0.0314432 221.563 221.563 1 1 0
0.0314631 221.71 221.71 1 1 0
0.031483 221.857 221.857 1 1 0
0.0315029 222.004 222.004 1 1 0
0.0315228 222.151 222.151 1 1 0
0.0315428 222.298 222.298 1 1 0
0.0315628 222.445 222.445 1 1 0
0.0315828 222.591 222.591 1 1 0
0.0316029 222.738 222.738 1 1 0
0.031623 222.884 222.884 1 1 0
0.0316431 223.03 223.03 1 1 0
0.0316632 223.176 223.176 1 1 0
0.0316834 223.322 223.322 1 1 0
0.0317035 223.468 223.468 1 1 0
0.0317238 223.614 223.614 1 1 0
0.031744 223.759 223.759 1 1 0
0.0317643 223.905 223.905 1 1 0
0.0317845 224.05 224.05 1 1 0
0.0318049 224.195 224.195 1 1 0
0.0318252 224.34 224.34 1 1 0
0.0318456 224.485 224.485 1 1 0
0.031866 224.63 224.63 1 1 0
0.0318864 224.775 224.775 1 1 0
0.0319069 224.92 224.92 1 1 0
0.0319274 225.064 225.064 1 1 0
0.0319479 225.209 225.209 1 1 0
0.0319684 225.353 225.353 1 1 0
0.031989 225.497 225.497 1 1 0
0.0320096 225.641 225.641 1 1 0
0.0320302 225.785 225.785 1 1 0
0.0320508 225.929 225.929 1 1 0
0.0320715 226.073 226.073 1 1 0
0.0320922 226.216 226.216 1 1 0
0.032113 226.36 226.36 1 1 0
0.0321337 226.503 226.503 1 1 0
0.0321545 226.646 226.646 1 1 0
0.0321753 226.789 226.789 1 1 0
0.0321962 226.932 226.932 1 1 0
0.032217 227.075 227.075 1 1 0
0.032238 227.218 227.218 1 1 0
0.0322589 227.36 227.36 1 1 0
0.0322798 227.503 227.503 1 1 0
0.0323008 227.645 227.645 1 1 0
0.0323219 227.788 227.788 1 1 0
0.0323429 227.93 227.93 1 1 0
0.032364 228.072 228.072 1 1 0
0.0323851 228.214 228.214 1 1 0
0.0324062 228.356 228.356 1 1 0
0.0324274 228.497 228.497 1 1 0
0.0324486 228.639 228.639 1 1 0
0.0324698 228.78 228.78 1 1 0
0.0324911 228.922 228.922 1 1 0
0.0325123 229.063 229.063 1 1 0
0.0325337 229.204 229.204 1 1 0
0.032555 229.345 229.345 1 1 0
0.0325764 229.486 229.486 1 1 0
0.0325978 229.626 229.626 1 1 0
0.0326192 229.767 229.767 1 1 0
0.0326407 229.908 229.908 1 1 0
0.0326621 230.048 230.048 1 1 0
0.0326837 230.188 230.188 1 1 0
0.0327052 230.328 230.328 1 1 0
0.0327268 230.468 230.468 1 1 0
0.0327484 230.608 230.608 1 1 0
0.0327701 230.748 230.748 1 1 0
0.0327917 230.888 230.888 1 1 0
0.0328134 231.027 231.027 1 1 0
0.0328352 231.167 231.167 1 1 0
0.0328569 231.306 231.306 1 1 0
0.0328787 231.446 231.446 1 1 0
0.0329006 231.585 231.585 1 1 0
0.0329224 231.724 231.724 1 1 0
0.0329443 231.863 231.863 1 1 0
0.0329662 232.001 232.001 1 1 0
0.0329882 232.14 232.14 1 1 0
0.0330102 232.278 232.278 1 1 0
0.0330322 232.417 232.417 1 1 0
0.0330542 232.555 232.555 1 1 0
0.0330763 232.693 232.693 1 1 0
0.0330984 232.831 232.831 1 1 0
0.0331206 232.969 232.969 1 1 0
0.0331428 233.107 233.107 1 1 0
0.033165 233.245 233.245 1 1 0
0.0331872 233.383 233.383 1 1 0
0.0332095 233.52 233.52 1 1 0
0.0332318 233.657 233.657 1 1 0
0.0332541 233.795 233.795 1 1 0
0.0332765 233.932 233.932 1 1 0
0.0332989 234.069 234.069 1 1 0
0.0333213 234.206 234.206 1 1 0
0.0333438 234.343 234.343 1 1 0
0.0333663 234.479 234.479 1 1 0
0.0333888 234.616 234.616 1 1 0
0.0334114 234.752 234.752 1 1 0
0.033434 234.889 234.889 1 1 0
0.0334566 235.025 235.025 1 1 0
0.0334793 235.161 235.161 1 1 0
0.033502 235.297 235.297 1 1 0
0.0335248 235.433 235.433 1 1 0
0.0335475 235.569 235.569 1 1 0
0.0335703 235.705 235.705 1 1 0
0.0335932 235.84 235.84 1 1 0
0.033616 235.976 235.976 1 1 0
0.0336389 236.111 236.111 1 1 0
0.0336619 236.246 236.246 1 1 0
0.0336849 236.381 236.381 1 1 0
0.0337079 236.516 236.516 1 1 0
0.0337309 236.651 236.651 1 1 0
0.033754 236.786 236.786 1 1 0
0.0337771 236.921 236.921 1 1 0
0.0338002 237.055 237.055 1 1 0
0.0338234 237.189 237.189 1 1 0
0.0338466 237.324 237.324 1 1 0
0.0338699 237.458 237.458 1 1 0
0.0338932 237.592 237.592 1 1 0
0.0339165 237.726 237.726 1 1 0
0.0339399 237.86 237.86 1 1 0
0.0339633 237.994 237.994 1 1 0
0.0339867 238.127 238.127 1 1 0
0.0340102 238.261 238.261 1 1 0
0.0340337 238.394 238.394 1 1 0
0.0340572 238.528 238.528 1 1 0
0.0340808 238.661 238.661 1 1 0
0.0341044 238.794 238.794 1 1 0
0.034128 238.927 238.927 1 1 0
0.0341517 239.06 239.06 1 1 0
0.0341755 239.193 239.193 1 1 0
0.0341992 239.325 239.325 1 1 0
0.034223 239.458 239.458 1 1 0
0.0342468 239.59 239.59 1 1 0
0.0342707 239.722 239.722 1 1 0
0.0342946 239.855 239.855 1 1 0
0.0343186 239.987 239.987 1 1 0
0.0343425 240.119 240.119 1 1 0
0.0343666 240.251 240.251 1 1 0
0.0343906 240.382 240.382 1 1 0
0.0344147 240.514 240.514 1 1 0
0.0344389 240.645 240.645 1 1 0
0.034463 240.777 240.777 1 1 0
0.0344872 240.908 240.908 1 1 0
0.0345115 241.039 241.039 1 1 0
0.0345358 241.17 241.17 1 1 0
0.0345601 241.301 241.301 1 1 0
0.0345845 241.432 241.432 1 1 0
0.0346089 241.563 241.563 1 1 0
0.0346333 241.694 241.694 1 1 0
0.0346578 241.824 241.824 1 1 0
0.0346823 241.955 241.955 1 1 0
0.0347069 242.085 242.085 1 1 0
0.0347315 242.215 242.215 1 1 0
0.0347561 242.345 242.345 1 1 0
0.0347808 242.475 242.475 1 1 0
0.0348055 242.605 242.605 1 1 0
0.0348302 242.735 242.735 1 1 0
0.034855 242.865 242.865 1 1 0
0.0348799 242.994 242.994 1 1 0
0.0349048 243.124 243.124 1 1 0
0.0349297 243.253 243.253 1 1 0
0.0349546 243.382 243.382 1 1 0
0.0349796 243.511 243.511 1 1 0
0.0350047 243.64 243.64 1 1 0
0.0350298 243.769 243.769 1 1 0
0.0350549 243.898 243.898 1 1 0
0.0350801 244.027 244.027 1 1 0
0.0351053 244.155 244.155 1 1 0
0.0351305 244.284 244.284 1 1 0
0.0351558 244.412 244.412 1 1 0
0.0351811 244.54 244.54 1 1 0
0.0352065 244.669 244.669 1 1 0
0.0352319 244.797 244.797 1 1 0
0.0352574 244.925 244.925 1 1 0
0.0352829 245.052 245.052 1 1 0
0.0353084 245.18 245.18 1 1 0
0.035334 245.308 245.308 1 1 0
0.0353596 245.435 245.435 1 1 0
0.0353853 245.563 245.563 1 1 0
0.035411 245.69 245.69 1 1 0
0.0354368 245.817 245.817 1 1 0
0.0354626 245.944 245.944 1 1 0
0.0354884 246.071 246.071 1 1 0
0.0355143 246.198 246.198 1 1 0
0.0355402 246.325 246.325 1 1 0
0.0355662 246.451 246.451 1 1 0
0.0355922 246.578 246.578 1 1 0
0.0356183 246.704 246.704 1 1 0
0.0356444 246.831 246.831 1 1 0
0.0356706 246.957 246.957 1 1 0
0.0356968 247.083 247.083 1 1 0
0.035723 247.209 247.209 1 1 0
0.0357493 247.335 247.335 1 1 0
0.0357756 247.461 247.461 1 1 0
0.035802 247.586 247.586 1 1 0
0.0358284 247.712 247.712 1 1 0
0.0358549 247.837 247.837 1 1 0
0.0358814 247.963 247.963 1 1 0
0.035908 248.088 248.088 1 1 0
0.0359346 248.213 248.213 1 1 0
0.0359612 248.338 248.338 1 1 0
0.0359879 248.463 248.463 1 1 0
0.0360147 248.588 248.588 1 1 0
0.0360415 248.713 248.713 1 1 0
0.0360683 248.837 248.837 1 1 0
0.0360952 248.962 248.962 1 1 0
0.0361221 249.086 249.086 1 1 0
0.0361491 249.211 249.211 1 1 0
0.0361762 249.335 249.335 1 1 0
0.0362032 249.459 249.459 1 1 0
0.0362304 249.583 249.583 1 1 0
0.0362575 249.707 249.707 1 1 0
0.0362848 249.83 249.83 1 1 0
0.036312 249.954 249.954 1 1 0
0.0363393 250.078 250.078 1 1 0
0.0363667 250.201 250.201 1 1 0
0.0363941 250.325 250.325 1 1 0
0.0364216 250.448 250.448 1 1 0
0.0364491 250.571 250.571 1 1 0
0.0364767 250.694 250.694 1 1 0
0.0365043 250.817 250.817 1 1 0
0.036532 250.94 250.94 1 1 0
0.0365597 251.062 251.062 1 1 0
0.0365874 251.185 251.185 1 1 0
0.0366152 251.308 251.308 1 1 0
0.0366431 251.43 251.43 1 1 0
0.036671 251.552 251.552 1 1 0
0.036699 251.674 251.674 1 1 0
0.036727 251.797 251.797 1 1 0
0.0367551 251.919 251.919 1 1 0
0.0367832 252.04 252.04 1 1 0
0.0368114 252.162 252.162 1 1 0
0.0368396 252.284 252.284 1 1 0
0.0368679 252.405 252.405 1 1 0
0.0368962 252.527 252.527 1 1 0
0.0369246 252.648 252.648 1 1 0
0.036953 252.77 252.77 1 1 0
0.0369815 252.891 252.891 1 1 0
0.03701 253.012 253.012 1 1 0
0.0370386 253.133 253.133 1 1 0
0.0370673 253.254 253.254 1 1 0
0.037096 253.374 253.374 1 1 0
0.0371247 253.495 253.495 1 1 0
0.0371535 253.615 253.615 1 1 0
0.0371824 253.736 253.736 1 1 0
0.0372113 253.856 253.856 1 1 0
0.0372403 253.976 253.976 1 1 0
0.0372693 254.097 254.097 1 1 0
0.0372984 254.217 254.217 1 1 0
0.0373275 254.337 254.337 1 1 0
0.0373567 254.456 254.456 1 1 0
0.0373859 254.576 254.576 1 1 0
0.0374152 254.696 254.696 1 1 0
0.0374446 254.815 254.815 1 1 0
0.037474 254.935 254.935 1 1 0
0.0375035 255.054 255.054 1 1 0
0.037533 255.173 255.173 1 1 0
0.0375626 255.292 255.292 1 1 0
0.0375922 255.411 255.411 1 1 0
0.0376219 255.53 255.53 1 1 0
0.0376517 255.649 255.649 1 1 0
0.0376815 255.767 255.767 1 1 0
0.0377113 255.886 255.886 1 1 0
0.0377413 256.004 256.004 1 1 0
0.0377713 256.123 256.123 1 1 0
0.0378013 256.241 256.241 1 1 0
0.0378314 256.359 256.359 1 1 0
0.0378616 256.477 256.477 1 1 0
0.0378918 256.595 256.595 1 1 0
0.037922 256.713 256.713 1 1 0
0.0379524 256.831 256.831 1 1 0
0.0379828 256.948 256.948 1 1 0
0.0380132 257.066 257.066 1 1 0
0.0380437 257.183 257.183 1 1 0
0.0380743 257.301 257.301 1 1 0
0.038105 257.418 257.418 1 1 0
0.0381357 257.535 257.535 1 1 0
0.0381664 257.652 257.652 1 1 0
0.0381972 257.769 257.769 1 1 0
0.0382281 257.886 257.886 1 1 0
0.0382591 258.003 258.003 1 1 0
0.0382901 258.119 258.119 1 1 0
0.0383211 258.236 258.236 1 1 0
0.0383523 258.352 258.352 1 1 0
0.0383835 258.468 258.468 1 1 0
0.0384147 258.585 258.585 1 1 0
0.038446 258.701 258.701 1 1 0
0.0384774 258.817 258.817 1 1 0
0.0385089 258.933 258.933 1 1 0
0.0385404 259.048 259.048 1 1 0
0.0385719 259.164 259.164 1 1 0
0.0386036 259.28 259.28 1 1 0
0.0386353 259.395 259.395 1 1 0
0.038667 259.511 259.511 1 1 0
0.0386989 259.626 259.626 1 1 0
0.0387308 259.741 259.741 1 1 0
0.0387627 259.856 259.856 1 1 0
0.0387947 259.971 259.971 1 1 0
0.0388268 260.086 260.086 1 1 0
0.038859 260.201 260.201 1 1 0
0.0388912 260.315 260.315 1 1 0
0.0389235 260.43 260.43 1 1 0
0.0389559 260.544 260.544 1 1 0
0.0389883 260.659 260.659 1 1 0
0.0390208 260.773 260.773 1 1 0
0.0390534 260.887 260.887 1 1 0
0.039086 261.001 261.001 1 1 0
0.0391187 261.115 261.115 1 1 0
0.0391515 261.229 261.229 1 1 0
0.0391843 261.343 261.343 1 1 0
0.0392172 261.456 261.456 1 1 0
0.0392502 261.57 261.57 1 1 0
0.0392832 261.683 261.683 1 1 0
0.0393163 261.797 261.797 1 1 0
0.0393495 261.91 261.91 1 1 0
0.0393828 262.023 262.023 1 1 0
0.0394161 262.136 262.136 1 1 0
0.0394495 262.249 262.249 1 1 0
0.039483 262.362 262.362 1 1 0
0.0395165 262.474 262.474 1 1 0
0.0395501 262.587 262.587 1 1 0
0.0395838 262.7 262.7 1 1 0
0.0396175 262.812 262.812 1 1 0
0.0396514 262.924 262.924 1 1 0
0.0396853 263.036 263.036 1 1 0
0.0397192 263.149 263.149 1 1 0
0.0397533 263.261 263.261 1 1 0
0.0397874 263.372 263.372 1 1 0
0.0398216 263.484 263.484 1 1 0
0.0398559 263.596 263.596 1 1 0
0.0398902 263.708 263.708 1 1 0
0.0399246 263.819 263.819 1 1 0
0.0399591 263.93 263.93 1 1 0
0.0399937 264.042 264.042 1 1 0
0.0400283 264.153 264.153 1 1 0
0.040063 264.264 264.264 1 1 0
0.0400978 264.375 264.375 1 1 0
0.0401327 264.486 264.486 1 1 0
0.0401677 264.596 264.596 1 1 0
0.0402027 264.707 264.707 1 1 0
0.0402378 264.818 264.818 1 1 0
0.040273 264.928 264.928 1 1 0
0.0403082 265.038 265.038 1 1 0
0.0403436 265.149 265.149 1 1 0
0.040379 265.259 265.259 1 1 0
0.0404145 265.369 265.369 1 1 0
0.0404501 265.479 265.479 1 1 0
0.0404857 265.589 265.589 1 1 0
0.0405214 265.698 265.698 1 1 0
0.0405573 265.808 265.808 1 1 0
0.0405932 265.917 265.917 1 1 0
0.0406291 266.027 266.027 1 1 0
0.0406652 266.136 266.136 1 1 0
0.0407013 266.245 266.245 1 1 0
0.0407375 266.355 266.355 1 1 0
0.0407738 266.464 266.464 1 1 0
0.0408102 266.572 266.572 1 1 0
0.0408467 266.681 266.681 1 1 0
0.0408832 266.79 266.79 1 1 0
0.0409199 266.898 266.898 1 1 0
0.0409566 267.007 267.007 1 1 0
0.0409934 267.115 267.115 1 1 0
0.0410303 267.224 267.224 1 1 0
0.0410673 267.332 267.332 1 1 0
0.0411043 267.44 267.44 1 1 0
0.0411415 267.548 267.548 1 1 0
0.0411787 267.656 267.656 1 1 0
0.041216 267.763 267.763 1 1 0
0.0412534 267.871 267.871 1 1 0
0.0412909 267.978 267.978 1 1 0
0.0413285 268.086 268.086 1 1 0
0.0413661 268.193 268.193 1 1 0
0.0414039 268.3 268.3 1 1 0
0.0414417 268.408 268.408 1 1 0
0.0414796 268.515 268.515 1 1 0
0.0415176 268.621 268.621 1 1 0
0.0415557 268.728 268.728 1 1 0
0.0415939 268.835 268.835 1 1 0
0.0416322 268.941 268.941 1 1 0
0.0416706 269.048 269.048 1 1 0
0.0417091 269.154 269.154 1 1 0
0.0417476 269.261 269.261 1 1 0
0.0417863 269.367 269.367 1 1 0
0.041825 269.473 269.473 1 1 0
0.0418638 269.579 269.579 1 1 0
0.0419027 269.685 269.685 1 1 0
0.0419418 269.79 269.79 1 1 0
0.0419809 269.896 269.896 1 1 0
0.0420201 270.001 270.001 1 1 0
0.0420594 270.107 270.107 1 1 0
0.0420987 270.212 270.212 1 1 0
0.0421382 270.317 270.317 1 1 0
0.0421778 270.422 270.422 1 1 0
0.0422175 270.527 270.527 1 1 0
0.0422572 270.632 270.632 1 1 0
0.0422971 270.737 270.737 1 1 0
0.0423371 270.842 270.842 1 1 0
0.0423771 270.946 270.946 1 1 0
0.0424173 271.051 271.051 1 1 0
0.0424575 271.155 271.155 1 1 0
0.0424979 271.259 271.259 1 1 0
0.0425383 271.363 271.363 1 1 0
0.0425789 271.467 271.467 1 1 0
0.0426195 271.571 271.571 1 1 0
0.0426603 271.675 271.675 1 1 0
0.0427011 271.779 271.779 1 1 0
0.0427421 271.882 271.882 1 1 0
0.0427831 271.986 271.986 1 1 0
0.0428243 272.089 272.089 1 1 0
0.0428655 272.192 272.192 1 1 0
0.0429068 272.295 272.295 1 1 0
0.0429483 272.398 272.398 1 1 0
0.0429899 272.501 272.501 1 1 0
0.0430315 272.604 272.604 1 1 0
0.0430733 272.707 272.707 1 1 0
0.0431151 272.809 272.809 1 1 0
0.0431571 272.912 272.912 1 1 0
0.0431992 273.014 273.014 1 1 0
0.0432414 273.116 273.116 1 1 0
0.0432836 273.218 273.218 1 1 0
0.043326 273.321 273.321 1 1 0
0.0433685 273.422 273.422 1 1 0
0.0434111 273.524 273.524 1 1 0
0.0434538 273.626 273.626 1 1 0
0.0434966 273.727 273.727 1 1 0
0.0435396 273.829 273.829 1 1 0
0.0435826 273.93 273.93 1 1 0
0.0436257 274.032 274.032 1 1 0
0.043669 274.133 274.133 1 1 0
0.0437124 274.234 274.234 1 1 0
0.0437558 274.335 274.335 1 1 0
0.0437994 274.435 274.435 1 1 0
0.0438431 274.536 274.536 1 1 0
0.0438869 274.637 274.637 1 1 0
0.0439308 274.737 274.737 1 1 0
0.0439748 274.837 274.837 1 1 0
0.044019 274.937 274.937 1 1 0
0.0440632 275.038 275.038 1 1 0
0.0441076 275.138 275.138 1 1 0
0.0441521 275.237 275.237 1 1 0
0.0441966 275.337 275.337 1 1 0
0.0442414 275.437 275.437 1 1 0
0.0442862 275.536 275.536 1 1 0
0.0443311 275.636 275.636 1 1 0
0.0443762 275.735 275.735 1 1 0
0.0444213 275.834 275.834 1 1 0
0.0444666 275.933 275.933 1 1 0
0.044512 276.032 276.032 1 1 0
0.0445575 276.131 276.131 1 1 0
0.0446032 276.23 276.23 1 1 0
0.0446489 276.328 276.328 1 1 0
0.0446948 276.427 276.427 1 1 0
0.0447408 276.525 276.525 1 1 0
0.0447869 276.623 276.623 1 1 0
0.0448331 276.721 276.721 1 1 0
0.0448795 276.819 276.819 1 1 0
0.044926 276.917 276.917 1 1 0
0.0449726 277.015 277.015 1 1 0
0.0450193 277.113 277.113 1 1 0
0.0450661 277.21 277.21 1 1 0
0.0451131 277.307 277.307 1 1 0
0.0451602 277.405 277.405 1 1 0
0.0452074 277.502 277.502 1 1 0
0.0452547 277.599 277.599 1 1 0
0.0453022 277.696 277.696 1 1 0
0.0453498 277.793 277.793 1 1 0
0.0453975 277.889 277.889 1 1 0
0.0454453 277.986 277.986 1 1 0
0.0454933 278.082 278.082 1 1 0
0.0455414 278.179 278.179 1 1 0
0.0455896 278.275 278.275 1 1 0
0.045638 278.371 278.371 1 1 0
0.0456864 278.467 278.467 1 1 0
0.045735 278.562 278.562 1 1 0
0.0457838 278.658 278.658 1 1 0
0.0458326 278.754 278.754 1 1 0
0.0458816 278.849 278.849 1 1 0
0.0459308 278.944 278.944 1 1 0
0.04598 279.04 279.04 1 1 0
0.0460294 279.135 279.135 1 1 0
0.0460789 279.23 279.23 1 1 0
0.0461286 279.324 279.324 1 1 0
0.0461783 279.419 279.419 1 1 0
0.0462283 279.514 279.514 1 1 0
0.0462783 279.608 279.608 1 1 0
0.0463285 279.702 279.702 1 1 0
0.0463788 279.796 279.796 1 1 0
0.0464293 279.89 279.89 1 1 0
0.0464799 279.984 279.984 1 1 0
0.0465306 280.078 280.078 1 1 0
0.0465815 280.172 280.172 1 1 0
0.0466325 280.265 280.265 1 1 0
0.0466836 280.359 280.359 1 1 0
0.0467349 280.452 280.452 1 1 0
0.0467863 280.545 280.545 1 1 0
0.0468378 280.638 280.638 1 1 0
0.0468895 280.731 280.731 1 1 0
0.0469414 280.824 280.824 1 1 0
0.0469933 280.916 280.916 1 1 0
0.0470455 281.009 281.009 1 1 0
0.0470977 281.101 281.101 1 1 0
0.0471501 281.193 281.193 1 1 0
0.0472026 281.285 281.285 1 1 0
0.0472553 281.377 281.377 1 1 0
0.0473082 281.469 281.469 1 1 0
0.0473611 281.561 281.561 1 1 0
0.0474142 281.652 281.652 1 1 0
0.0474675 281.744 281.744 1 1 0
0.0475209 281.835 281.835 1 1 0
0.0475744 281.926 281.926 1 1 0
0.0476281 282.017 282.017 1 1 0
0.047682 282.108 282.108 1 1 0
0.0477359 282.198 282.198 1 1 0
0.0477901 282.289 282.289 1 1 0
0.0478444 282.379 282.379 1 1 0
0.0478988 282.47 282.47 1 1 0
0.0479534 282.56 282.56 1 1 0
0.0480081 282.65 282.65 1 1 0
0.048063 282.74 282.74 1 1 0
0.048118 282.83 282.83 1 1 0
0.0481731 282.919 282.919 1 1 0
0.0482285 283.009 283.009 1 1 0
0.0482839 283.098 283.098 1 1 0
0.0483396 283.187 283.187 1 1 0
0.0483953 283.276 283.276 1 1 0
0.0484513 283.365 283.365 1 1 0
0.0485074 283.454 283.454 1 1 0
0.0485636 283.542 283.542 1 1 0
0.04862 283.631 283.631 1 1 0
0.0486765 283.719 283.719 1 1 0
0.0487332 283.807 283.807 1 1 0
0.0487901 283.895 283.895 1 1 0
0.0488471 283.983 283.983 1 1 0
0.0489043 284.071 284.071 1 1 0
0.0489616 284.158 284.158 1 1 0
0.049019 284.246 284.246 1 1 0
0.0490767 284.333 284.333 1 1 0
0.0491345 284.42 284.42 1 1 0
0.0491924 284.507 284.507 1 1 0
0.0492505 284.594 284.594 1 1 0
0.0493088 284.681 284.681 1 1 0
0.0493672 284.767 284.767 1 1 0
0.0494258 284.854 284.854 1 1 0
0.0494845 284.94 284.94 1 1 0
0.0495434 285.026 285.026 1 1 0
0.0496025 285.112 285.112 1 1 0
0.0496617 285.198 285.198 1 1 0
0.0497211 285.283 285.283 1 1 0
0.0497807 285.369 285.369 1 1 0
0.0498404 285.454 285.454 1 1 0
0.0499002 285.539 285.539 1 1 0
0.0499603 285.624 285.624 1 1 0
0.0500205 285.709 285.709 1 1 0
0.0500808 285.794 285.794 1 1 0
0.0501414 285.878 285.878 1 1 0
0.050202 285.963 285.963 1 1 0
0.0502629 286.047 286.047 1 1 0
0.0503239 286.131 286.131 1 1 0
0.0503851 286.215 286.215 1 1 0
0.0504464 286.299 286.299 1 1 0
0.050508 286.382 286.382 1 1 0
0.0505696 286.466 286.466 1 1 0
0.0506315 286.549 286.549 1 1 0
0.0506935 286.632 286.632 1 1 0
0.0507557 286.715 286.715 1 1 0
0.050818 286.798 286.798 1 1 0
0.0508805 286.88 286.88 1 1 0
0.0509432 286.963 286.963 1 1 0
0.0510061 287.045 287.045 1 1 0
0.0510691 287.127 287.127 1 1 0
0.0511323 287.209 287.209 1 1 0
0.0511957 287.291 287.291 1 1 0
0.0512592 287.373 287.373 1 1 0
0.0513229 287.454 287.454 1 1 0
0.0513867 287.535 287.535 1 1 0
0.0514508 287.616 287.616 1 1 0
0.051515 287.697 287.697 1 1 0
0.0515794 287.778 287.778 1 1 0
0.0516439 287.859 287.859 1 1 0
0.0517087 287.939 287.939 1 1 0
0.0517735 288.02 288.02 1 1 0
0.0518386 288.1 288.1 1 1 0
0.0519039 288.18 288.18 1 1 0
0.0519693 288.259 288.259 1 1 0
0.0520348 288.339 288.339 1 1 0
0.0521006 288.419 288.419 1 1 0
0.0521665 288.498 288.498 1 1 0
0.0522326 288.577 288.577 1 1 0
0.0522989 288.656 288.656 1 1 0
0.0523654 288.735 288.735 1 1 0
0.052432 288.813 288.813 1 1 0
0.0524988 288.892 288.892 1 1 0
0.0525657 288.97 288.97 1 1 0
0.0526329 289.048 289.048 1 1 0
0.0527002 289.126 289.126 1 1 0
0.0527677 289.203 289.203 1 1 0
0.0528354 289.281 289.281 1 1 0
0.0529032 289.358 289.358 1 1 0
0.0529712 289.435 289.435 1 1 0
0.0530394 289.512 289.512 1 1 0
0.0531078 289.589 289.589 1 1 0
0.0531763 289.666 289.666 1 1 0
0.0532451 289.742 289.742 1 1 0
0.0533139 289.818 289.818 1 1 0
0.053383 289.894 289.894 1 1 0
0.0534523 289.97 289.97 1 1 0
0.0535217 290.046 290.046 1 1 0
0.0535913 290.122 290.122 1 1 0
0.0536611 290.197 290.197 1 1 0
0.053731 290.272 290.272 1 1 0
0.0538011 290.347 290.347 1 1 0
0.0538714 290.422 290.422 1 1 0
0.0539419 290.496 290.496 1 1 0
0.0540126 290.571 290.571 1 1 0
0.0540834 290.645 290.645 1 1 0
0.0541544 290.719 290.719 1 1 0
0.0542256 290.793 290.793 1 1 0
0.0542969 290.867 290.867 1 1 0
0.0543685 290.94 290.94 1 1 0
0.0544402 291.013 291.013 1 1 0
0.0545121 291.086 291.086 1 1 0
0.0545841 291.159 291.159 1 1 0
0.0546564 291.232 291.232 1 1 0
0.0547288 291.305 291.305 1 1 0
0.0548014 291.377 291.377 1 1 0
0.0548741 291.449 291.449 1 1 0
0.0549471 291.521 291.521 1 1 0
0.0550202 291.593 291.593 1 1 0
0.0550935 291.664 291.664 1 1 0
0.0551669 291.736 291.736 1 1 0
0.0552406 291.807 291.807 1 1 0
0.0553144 291.878 291.878 1 1 0
0.0553884 291.949 291.949 1 1 0
0.0554626 292.019 292.019 1 1 0
0.0555369 292.09 292.09 1 1 0
0.0556114 292.16 292.16 1 1 0
0.0556861 292.23 292.23 1 1 0
0.055761 292.3 292.3 1 1 0
0.055836 292.369 292.369 1 1 0
0.0559113 292.439 292.439 1 1 0
0.0559866 292.508 292.508 1 1 0
0.0560622 292.577 292.577 1 1 0
0.0561379 292.646 292.646 1 1 0
0.0562139 292.714 292.714 1 1 0
0.0562899 292.783 292.783 1 1 0
0.0563662 292.851 292.851 1 1 0
0.0564426 292.919 292.919 1 1 0
0.0565192 292.987 292.987 1 1 0
0.056596 293.054 293.054 1 1 0
0.056673 293.122 293.122 1 1 0
0.0567501 293.189 293.189 1 1 0
0.0568274 293.256 293.256 1 1 0
0.0569048 293.323 293.323 1 1 0
0.0569825 293.389 293.389 1 1 0
0.0570603 293.456 293.456 1 1 0
0.0571382 293.522 293.522 1 1 0
0.0572164 293.588 293.588 1 1 0
0.0572947 293.654 293.654 1 1 0
0.0573732 293.719 293.719 1 1 0
0.0574518 293.785 293.785 1 1 0
0.0575306 293.85 293.85 1 1 0
0.0576096 293.915 293.915 1 1 0
0.0576888 293.98 293.98 1 1 0
0.0577681 294.044 294.044 1 1 0
0.0578476 294.109 294.109 1 1 0
0.0579272 294.173 294.173 1 1 0
0.0580071 294.237 294.237 1 1 0
0.058087 294.3 294.3 1 1 0
0.0581672 294.364 294.364 1 1 0
0.0582475 294.427 294.427 1 1 0
0.058328 294.49 294.49 1 1 0
0.0584086 294.553 294.553 1 1 0
0.0584895 294.616 294.616 1 1 0
0.0585704 294.678 294.678 1 1 0
0.0586516 294.741 294.741 1 1 0
0.0587329 294.803 294.803 1 1 0
0.0588143 294.865 294.865 1 1 0
0.058896 294.926 294.926 1 1 0
0.0589777 294.988 294.988 1 1 0
0.0590597 295.049 295.049 1 1 0
0.0591418 295.11 295.11 1 1 0
0.0592241 295.171 295.171 1 1 0
0.0593065 295.232 295.232 1 1 0
0.0593891 295.292 295.292 1 1 0
0.0594718 295.352 295.352 1 1 0
0.0595547 295.412 295.412 1 1 0
0.0596378 295.472 295.472 1 1 0
0.059721 295.532 295.532 1 1 0
0.0598044 295.591 295.591 1 1 0
0.0598879 295.65 295.65 1 1 0
0.0599716 295.709 295.709 1 1 0
0.0600554 295.768 295.768 1 1 0
0.0601394 295.826 295.826 1 1 0
0.0602235 295.885 295.885 1 1 0
0.0603078 295.943 295.943 1 1 0
0.0603923 296.001 296.001 1 1 0
0.0604769 296.058 296.058 1 1 0
0.0605616 296.116 296.116 1 1 0
0.0606465 296.173 296.173 1 1 0
0.0607316 296.23 296.23 1 1 0
0.0608167 296.287 296.287 1 1 0
0.0609021 296.344 296.344 1 1 0
0.0609876 296.4 296.4 1 1 0
0.0610732 296.456 296.456 1 1 0
0.061159 296.513 296.513 1 1 0
0.0612449 296.568 296.568 1 1 0
0.061331 296.624 296.624 1 1 0
0.0614173 296.679 296.679 1 1 0
0.0615036 296.735 296.735 1 1 0
0.0615901 296.79 296.79 1 1 0
0.0616768 296.844 296.844 1 1 0
0.0617636 296.899 296.899 1 1 0
0.0618505 296.953 296.953 1 1 0
0.0619376 297.007 297.007 1 1 0
0.0620248 297.061 297.061 1 1 0
0.0621122 297.115 297.115 1 1 0
0.0621997 297.169 297.169 1 1 0
0.0622873 297.222 297.222 1 1 0
0.0623751 297.275 297.275 1 1 0
0.062463 297.328 297.328 1 1 0
0.062551 297.381 297.381 1 1 0
0.0626392 297.433 297.433 1 1 0
0.0627275 297.485 297.485 1 1 0
0.062816 297.537 297.537 1 1 0
0.0629045 297.589 297.589 1 1 0
0.0629933 297.641 297.641 1 1 0
0.0630821 297.692 297.692 1 1 0
0.0631711 297.744 297.744 1 1 0
0.0632602 297.795 297.795 1 1 0
0.0633494 297.846 297.846 1 1 0
0.0634388 297.896 297.896 1 1 0
0.0635283 297.947 297.947 1 1 0
0.0636179 297.997 297.997 1 1 0
0.0637077 298.047 298.047 1 1 0
0.0637975 298.097 298.097 1 1 0
0.0638875 298.146 298.146 1 1 0
0.0639777 298.196 298.196 1 1 0
0.0640679 298.245 298.245 1 1 0
0.0641583 298.294 298.294 1 1 0
0.0642488 298.343 298.343 1 1 0
0.0643394 298.391 298.391 1 1 0
0.0644301 298.44 298.44 1 1 0
0.064521 298.488 298.488 1 1 0
0.064612 298.536 298.536 1 1 0
0.0647031 298.584 298.584 1 1 0
0.0647943 298.631 298.631 1 1 0
0.0648856 298.679 298.679 1 1 0
0.0649771 298.726 298.726 1 1 0
0.0650686 298.773 298.773 1 1 0
0.0651603 298.82 298.82 1 1 0
0.0652521 298.866 298.866 1 1 0
0.065344 298.913 298.913 1 1 0
0.0654361 298.959 298.959 1 1 0
0.0655282 299.005 299.005 1 1 0
0.0656204 299.051 299.051 1 1 0
0.0657128 299.097 299.097 1 1 0
0.0658053 299.142 299.142 1 1 0
0.0658978 299.187 299.187 1 1 0
0.0659905 299.232 299.232 1 1 0
0.0660833 299.277 299.277 1 1 0
0.0661762 299.322 299.322 1 1 0
0.0662692 299.366 299.366 1 1 0
0.0663623 299.411 299.411 1 1 0
0.0664556 299.455 299.455 1 1 0
0.0665489 299.499 299.499 1 1 0
0.0666423 299.542 299.542 1 1 0
0.0667358 299.586 299.586 1 1 0
0.0668295 299.629 299.629 1 1 0
0.0669232 299.672 299.672 1 1 0
0.0670171 299.715 299.715 1 1 0
0.067111 299.758 299.758 1 1 0
0.067205 299.8 299.8 1 1 0
0.0672992 299.843 299.843 1 1 0
0.0673934 299.885 299.885 1 1 0
0.0674877 299.927 299.927 1 1 0
0.0675821 299.969 299.969 1 1 0
0.0676767 300.011 300.011 1 1 0
0.0677713 300.052 300.052 1 1 0
0.067866 300.093 300.093 1 1 0
0.0679608 300.134 300.134 1 1 0
0.0680557 300.175 300.175 1 1 0
0.0681507 300.216 300.216 1 1 0
0.0682458 300.256 300.256 1 1 0
0.0683409 300.297 300.297 1 1 0
0.0684362 300.337 300.337 1 1 0
0.0685315 300.377 300.377 1 1 0
0.068627 300.417 300.417 1 1 0
0.0687225 300.456 300.456 1 1 0
0.0688181 300.496 300.496 1 1 0
0.0689138 300.535 300.535 1 1 0
0.0690096 300.574 300.574 1 1 0
0.0691055 300.613 300.613 1 1 0
0.0692015 300.652 300.652 1 1 0
0.0692975 300.69 300.69 1 1 0
0.0693936 300.729 300.729 1 1 0
0.0694899 300.767 300.767 1 1 0
0.0695861 300.805 300.805 1 1 0
0.0696825 300.843 300.843 1 1 0
0.069779 300.881 300.881 1 1 0
0.0698755 300.918 300.918 1 1 0
0.0699721 300.956 300.956 1 1 0
0.0700688 300.993 300.993 1 1 0
0.0701656 301.03 301.03 1 1 0
0.0702625 301.067 301.067 1 1 0
0.0703594 301.103 301.103 1 1 0
0.0704564 301.14 301.14 1 1 0
0.0705535 301.176 301.176 1 1 0
0.0706506 301.212 301.212 1 1 0
0.0707479 301.248 301.248 1 1 0
0.0708452 301.284 301.284 1 1 0
0.0709426 301.32 301.32 1 1 0
0.07104 301.355 301.355 1 1 0
0.0711375 301.391 301.391 1 1 0
0.0712351 301.426 301.426 1 1 0
0.0713328 301.461 301.461 1 1 0
0.0714305 301.496 301.496 1 1 0
0.0715283 301.53 301.53 1 1 0
0.0716262 301.565 301.565 1 1 0
0.0717242 301.599 301.599 1 1 0
0.0718222 301.633 301.633 1 1 0
0.0719203 301.667 301.667 1 1 0
0.0720184 301.701 301.701 1 1 0
0.0721166 301.735 301.735 1 1 0
0.0722149 301.769 301.769 1 1 0
0.0723133 301.802 301.802 1 1 0
0.0724117 301.835 301.835 1 1 0
0.0725102 301.868 301.868 1 1 0
0.0726087 301.901 301.901 1 1 0
0.0727073 301.934 301.934 1 1 0
0.072806 301.967 301.967 1 1 0
0.0729047 301.999 301.999 1 1 0
0.0730035 302.032 302.032 1 1 0
0.0731023 302.064 302.064 1 1 0
0.0732013 302.096 302.096 1 1 0
0.0733002 302.128 302.128 1 1 0
0.0733993 302.16 302.16 1 1 0
0.0734984 302.191 302.191 1 1 0
0.0735975 302.223 302.223 1 1 0
0.0736967 302.254 302.254 1 1 0
0.073796 302.285 302.285 1 1 0
0.0738953 302.316 302.316 1 1 0
0.0739947 302.347 302.347 1 1 0
0.0740941 302.378 302.378 1 1 0
0.0741936 302.408 302.408 1 1 0
0.0742931 302.439 302.439 1 1 0
0.0743927 302.469 302.469 1 1 0
0.0744924 302.499 302.499 1 1 0
0.0745921 302.529 302.529 1 1 0
0.0746919 302.559 302.559 1 1 0
0.0747917 302.589 302.589 1 1 0
0.0748915 302.618 302.618 1 1 0
0.0749914 302.648 302.648 1 1 0
0.0750914 302.677 302.677 1 1 0
0.0751914 302.706 302.706 1 1 0
0.0752915 302.735 302.735 1 1 0
0.0753916 302.764 302.764 1 1 0
0.0754918 302.793 302.793 1 1 0
0.075592 302.821 302.821 1 1 0
0.0756923 302.85 302.85 1 1 0
0.0757926 302.878 302.878 1 1 0
0.0758929 302.906 302.906 1 1 0
0.0759933 302.934 302.934 1 1 0
0.0760938 302.962 302.962 1 1 0
0.0761943 302.99 302.99 1 1 0
0.0762949 303.018 303.018 1 1 0
0.0763954 303.045 303.045 1 1 0
0.0764961 303.073 303.073 1 1 0
0.0765968 303.1 303.1 1 1 0
0.0766975 303.127 303.127 1 1 0
0.0767983 303.154 303.154 1 1 0
0.0768991 303.181 303.181 1 1 0
0.0769999 303.208 303.208 1 1 0
0.0771008 303.235 303.235 1 1 0
0.0772018 303.261 303.261 1 1 0
0.0773028 303.288 303.288 1 1 0
0.0774038 303.314 303.314 1 1 0
0.0775049 303.34 303.34 1 1 0
0.077606 303.366 303.366 1 1 0
0.0777071 303.392 303.392 1 1 0
0.0778083 303.418 303.418 1 1 0
0.0779095 303.443 303.443 1 1 0
0.0780108 303.469 303.469 1 1 0
0.0781121 303.494 303.494 1 1 0
0.0782134 303.52 303.52 1 1 0
0.0783148 303.545 303.545 1 1 0
0.0784162 303.57 303.57 1 1 0
0.0785177 303.595 303.595 1 1 0
0.0786192 303.62 303.62 1 1 0
0.0787207 303.644 303.644 1 1 0
0.0788223 303.669 303.669 1 1 0
0.0789239 303.693 303.693 1 1 0
0.0790256 303.718 303.718 1 1 0
0.0791272 303.742 303.742 1 1 0
0.0792289 303.766 303.766 1 1 0
0.0793307 303.79 303.79 1 1 0
0.0794325 303.814 303.814 1 1 0
0.0795343 303.838 303.838 1 1 0
0.0796361 303.862 303.862 1 1 0
0.079738 303.885 303.885 1 1 0
0.0798399 303.909 303.909 1 1 0
0.0799419 303.932 303.932 1 1 0
0.0800439 303.955 303.955 1 1 0
0.0801459 303.978 303.978 1 1 0
0.0802479 304.001 304.001 1 1 0
0.08035 304.024 304.024 1 1 0
0.0804521 304.047 304.047 1 1 0
0.0805543 304.07 304.07 1 1 0
0.0806565 304.092 304.092 1 1 0
0.0807587 304.115 304.115 1 1 0
0.0808609 304.137 304.137 1 1 0
0.0809632 304.159 304.159 1 1 0
0.0810655 304.182 304.182 1 1 0
0.0811678 304.204 304.204 1 1 0
0.0812701 304.226 304.226 1 1 0
0.0813725 304.248 304.248 1 1 0
0.0814749 304.269 304.269 1 1 0
0.0815774 304.291 304.291 1 1 0
0.0816798 304.313 304.313 1 1 0
0.0817823 304.334 304.334 1 1 0
0.0818849 304.355 304.355 1 1 0
0.0819874 304.377 304.377 1 1 0
0.08209 304.398 304.398 1 1 0
0.0821926 304.419 304.419 1 1 0
0.0822952 304.44 304.44 1 1 0
0.0823979 304.461 304.461 1 1 0
0.0825006 304.481 304.481 1 1 0
0.0826033 304.502 304.502 1 1 0
0.082706 304.523 304.523 1 1 0
0.0828088 304.543 304.543 1 1 0
0.0829116 304.564 304.564 1 1 0
0.0830144 304.584 304.584 1 1 0
0.0831172 304.604 304.604 1 1 0
0.0832201 304.624 304.624 1 1 0
0.083323 304.644 304.644 1 1 0
0.0834259 304.664 304.664 1 1 0
0.0835288 304.684 304.684 1 1 0
0.0836318 304.704 304.704 1 1 0
0.0837347 304.723 304.723 1 1 0
0.0838378 304.743 304.743 1 1 0
0.0839408 304.762 304.762 1 1 0
0.0840438 304.782 304.782 1 1 0
0.0841469 304.801 304.801 1 1 0
0.08425 304.82 304.82 1 1 0
0.0843531 304.839 304.839 1 1 0
0.0844563 304.858 304.858 1 1 0
0.0845594 304.877 304.877 1 1 0
0.0846626 304.896 304.896 1 1 0
0.0847658 304.915 304.915 1 1 0
0.084869 304.933 304.933 1 1 0
0.0849723 304.952 304.952 1 1 0
0.0850756 304.971 304.971 1 1 0
0.0851788 304.989 304.989 1 1 0
0.0852822 305.007 305.007 1 1 0
0.0853855 305.026 305.026 1 1 0
0.0854888 305.044 305.044 1 1 0
0.0855922 305.062 305.062 1 1 0
0.0856956 305.08 305.08 1 1 0
0.085799 305.098 305.098 1 1 0
0.0859024 305.116 305.116 1 1 0
0.0860059 305.133 305.133 1 1 0
0.0861093 305.151 305.151 1 1 0
0.0862128 305.169 305.169 1 1 0
0.0863163 305.186 305.186 1 1 0
0.0864198 305.203 305.203 1 1 0
0.0865234 305.221 305.221 1 1 0
0.0866269 305.238 305.238 1 1 0
0.0867305 305.255 305.255 1 1 0
0.0868341 305.272 305.272 1 1 0
0.0869377 305.289 305.289 1 1 0
0.0870414 305.306 305.306 1 1 0
0.087145 305.323 305.323 1 1 0
0.0872487 305.34 305.34 1 1 0
0.0873523 305.357 305.357 1 1 0
0.087456 305.373 305.373 1 1 0
0.0875598 305.39 305.39 1 1 0
0.0876635 305.407 305.407 1 1 0
0.0877672 305.423 305.423 1 1 0
0.087871 305.439 305.439 1 1 0
0.0879748 305.456 305.456 1 1 0
0.0880786 305.472 305.472 1 1 0
0.0881824 305.488 305.488 1 1 0
0.0882862 305.504 305.504 1 1 0
0.0883901 305.52 305.52 1 1 0
0.0884939 305.536 305.536 1 1 0
0.0885978 305.552 305.552 1 1 0
0.0887017 305.568 305.568 1 1 0
0.0888056 305.583 305.583 1 1 0
0.0889095 305.599 305.599 1 1 0
0.0890134 305.614 305.614 1 1 0
0.0891174 305.63 305.63 1 1 0
0.0892214 305.645 305.645 1 1 0
0.0893253 305.661 305.661 1 1 0
0.0894293 305.676 305.676 1 1 0
0.0895333 305.691 305.691 1 1 0
0.0896373 305.706 305.706 1 1 0
0.0897414 305.722 305.722 1 1 0
0.0898454 305.737 305.737 1 1 0
0.0899495 305.751 305.751 1 1 0
0.0900536 305.766 305.766 1 1 0
0.0901576 305.781 305.781 1 1 0
0.0902617 305.796 305.796 1 1 0
0.0903659 305.811 305.811 1 1 0
0.09047 305.825 305.825 1 1 0
0.0905741 305.84 305.84 1 1 0
0.0906783 305.854 305.854 1 1 0
0.0907824 305.869 305.869 1 1 0
0.0908866 305.883 305.883 1 1 0
0.0909908 305.897 305.897 1 1 0
0.091095 305.912 305.912 1 1 0
0.0911992 305.926 305.926 1 1 0
0.0913035 305.94 305.94 1 1 0
0.0914077 305.954 305.954 1 1 0
0.0915119 305.968 305.968 1 1 0
0.0916162 305.982 305.982 1 1 0
0.0917205 305.996 305.996 1 1 0
0.0918248 306.01 306.01 1 1 0
0.0919291 306.023 306.023 1 1 0
0.0920334 306.037 306.037 1 1 0
0.0921377 306.051 306.051 1 1 0
0.092242 306.064 306.064 1 1 0
0.0923464 306.078 306.078 1 1 0
0.0924507 306.091 306.091 1 1 0
0.0925551 306.105 306.105 1 1 0
0.0926595 306.118 306.118 1 1 0
0.0927638 306.131 306.131 1 1 0
0.0928682 306.144 306.144 1 1 0
0.0929726 306.158 306.158 1 1 0
0.0930771 306.171 306.171 1 1 0
0.0931815 306.184 306.184 1 1 0
0.0932859 306.197 306.197 1 1 0
0.0933904 306.21 306.21 1 1 0
0.0934948 306.223 306.223 1 1 0
0.0935993 306.235 306.235 1 1 0
0.0937038 306.248 306.248 1 1 0
0.0938083 306.261 306.261 1 1 0
0.0939128 306.273 306.273 1 1 0
0.0940173 306.286 306.286 1 1 0
0.0941218 306.299 306.299 1 1 0
0.0942263 306.311 306.311 1 1 0
0.0943308 306.324 306.324 1 1 0
0.0944354 306.336 306.336 1 1 0
0.0945399 306.348 306.348 1 1 0
0.0946445 306.361 306.361 1 1 0
0.0947491 306.373 306.373 1 1 0
0.0948537 306.385 306.385 1 1 0
0.0949582 306.397 306.397 1 1 0
0.0950628 306.409 306.409 1 1 0
0.0951674 306.421 306.421 1 1 0
0.0952721 306.433 306.433 1 1 0
0.0953767 306.445 306.445 1 1 0
0.0954813 306.457 306.457 1 1 0
0.095586 306.469 306.469 1 1 0
0.0956906 306.481 306.481 1 1 0
0.0957953 306.492 306.492 1 1 0
0.0958999 306.504 306.504 1 1 0
0.0960046 306.516 306.516 1 1 0
0.0961093 306.527 306.527 1 1 0
0.096214 306.539 306.539 1 1 0
0.0963187 306.55 306.55 1 1 0
0.0964234 306.562 306.562 1 1 0
0.0965281 306.573 306.573 1 1 0
0.0966328 306.584 306.584 1 1 0
0.0967376 306.595 306.595 1 1 0
0.0968423 306.607 306.607 1 1 0
0.096947 306.618 306.618 1 1 0
0.0970518 306.629 306.629 1 1 0
0.0971566 306.64 306.64 1 1 0
0.0972613 306.651 306.651 1 1 0
0.0973661 306.662 306.662 1 1 0
0.0974709 306.673 306.673 1 1 0
0.0975757 306.684 306.684 1 1 0
0.0976805 306.695 306.695 1 1 0
0.0977853 306.706 306.706 1 1 0
0.0978901 306.716 306.716 1 1 0
0.0979949 306.727 306.727 1 1 0
0.0980997 306.738 306.738 1 1 0
0.0982046 306.749 306.749 1 1 0
0.0983094 306.759 306.759 1 1 0
0.0984143 306.77 306.77 1 1 0
0.0985191 306.78 306.78 1 1 0
0.098624 306.791 306.791 1 1 0
0.0987288 306.801 306.801 1 1 0
0.0988337 306.811 306.811 1 1 0
0.0989386 306.822 306.822 1 1 0
0.0990435 306.832 306.832 1 1 0
0.0991484 306.842 306.842 1 1 0
0.0992533 306.852 306.852 1 1 0
0.0993582 306.863 306.863 1 1 0
0.0994631 306.873 306.873 1 1 0
0.099568 306.883 306.883 1 1 0
0.0996729 306.893 306.893 1 1 0
0.0997778 306.903 306.903 1 1 0
0.0998828 306.913 306.913 1 1 0
0.0999877 306.923 306.923 1 1 0
0.100093 306.933 306.933 1 1 0
0.100198 306.942 306.942 1 1 0
0.100303 306.952 306.952 1 1 0
0.100408 306.962 306.962 1 1 0
0.100513 306.972 306.972 1 1 0
0.100617 306.981 306.981 1 1 0
0.100722 306.991 306.991 1 1 0
0.100827 307.001 307.001 1 1 0
0.100932 307.01 307.01 1 1 0
0.101037 307.02 307.02 1 1 0
0.101142 307.029 307.029 1 1 0
0.101247 307.039 307.039 1 1 0
0.101352 307.048 307.048 1 1 0
0.101457 307.057 307.057 1 1 0
0.101563 307.067 307.067 1 1 0
0.101668 307.076 307.076 1 1 0
0.101773 307.085 307.085 1 1 0
0.101878 307.094 307.094 1 1 0
0.101983 307.104 307.104 1 1 0
0.102088 307.113 307.113 1 1 0
0.102193 307.122 307.122 1 1 0
0.102298 307.131 307.131 1 1 0
0.102403 307.14 307.14 1 1 0
0.102508 307.149 307.149 1 1 0
0.102613 307.158 307.158 1 1 0
0.102718 307.167 307.167 1 1 0
0.102823 307.176 307.176 1 1 0
0.102928 307.184 307.184 1 1 0
0.103033 307.193 307.193 1 1 0
0.103138 307.202 307.202 1 1 0
0.103244 307.211 307.211 1 1 0
0.103349 307.219 307.219 1 1 0
0.103454 307.228 307.228 1 1 0
0.103559 307.237 307.237 1 1 0
0.103664 307.245 307.245 1 1 0
0.103769 307.254 307.254 1 1 0
0.103874 307.262 307.262 1 1 0
0.103979 307.271 307.271 1 1 0
0.104085 307.279 307.279 1 1 0
0.10419 307.288 307.288 1 1 0
0.104295 307.296 307.296 1 1 0
0.1044 307.305 307.305 1 1 0
0.104505 307.313 307.313 1 1 0
0.10461 307.321 307.321 1 1 0
0.104716 307.33 307.33 1 1 0
0.104821 307.338 307.338 1 1 0
0.104926 307.346 307.346 1 1 0
0.105031 307.354 307.354 1 1 0
0.105136 307.362 307.362 1 1 0
0.105241 307.37 307.37 1 1 0
0.105347 307.378 307.378 1 1 0
0.105452 307.386 307.386 1 1 0
0.105557 307.394 307.394 1 1 0
0.105662 307.402 307.402 1 1 0
0.105767 307.41 307.41 1 1 0
0.105873 307.418 307.418 1 1 0
0.105978 307.426 307.426 1 1 0
0.106083 307.434 307.434 1 1 0
0.106188 307.442 307.442 1 1 0
0.106294 307.45 307.45 1 1 0
0.106399 307.457 307.457 1 1 0
0.106504 307.465 307.465 1 1 0
0.106609 307.473 307.473 1 1 0
0.106714 307.481 307.481 1 1 0
0.10682 307.488 307.488 1 1 0
0.106925 307.496 307.496 1 1 0
0.10703 307.503 307.503 1 1 0
0.107135 307.511 307.511 1 1 0
0.107241 307.518 307.518 1 1 0
0.107346 307.526 307.526 1 1 0
0.107451 307.533 307.533 1 1 0
0.107556 307.541 307.541 1 1 0
0.107662 307.548 307.548 1 1 0
0.107767 307.556 307.556 1 1 0
0.107872 307.563 307.563 1 1 0
0.107978 307.57 307.57 1 1 0
0.108083 307.578 307.578 1 1 0
0.108188 307.585 307.585 1 1 0
0.108293 307.592 307.592 1 1 0
0.108399 307.599 307.599 1 1 0
0.108504 307.607 307.607 1 1 0
0.108609 307.614 307.614 1 1 0
0.108715 307.621 307.621 1 1 0
0.10882 307.628 307.628 1 1 0
0.108925 307.635 307.635 1 1 0
0.109031 307.642 307.642 1 1 0
0.109136 307.649 307.649 1 1 0
0.109241 307.656 307.656 1 1 0
0.109347 307.663 307.663 1 1 0
0.109452 307.67 307.67 1 1 0
0.109557 307.677 307.677 1 1 0
0.109663 307.684 307.684 1 1 0
0.109768 307.691 307.691 1 1 0
0.109873 307.698 307.698 1 1 0
0.109979 307.704 307.704 1 1 0
0.110084 307.711 307.711 1 1 0
0.110189 307.718 307.718 1 1 0
0.110295 307.725 307.725 1 1 0
0.1104 307.731 307.731 1 1 0
0.110505 307.738 307.738 1 1 0
0.110611 307.745 307.745 1 1 0
0.110716 307.751 307.751 1 1 0
0.110821 307.758 307.758 1 1 0
0.110927 307.764 307.764 1 1 0
0.111032 307.771 307.771 1 1 0
0.111137 307.778 307.778 1 1 0
0.111243 307.784 307.784 1 1 0
0.111348 307.791 307.791 1 1 0
0.111454 307.797 307.797 1 1 0
0.111559 307.803 307.803 1 1 0
0.111664 307.81 307.81 1 1 0
0.11177 307.816 307.816 1 1 0
0.111875 307.823 307.823 1 1 0
0.11198 307.829 307.829 1 1 0
0.112086 307.835 307.835 1 1 0
0.112191 307.842 307.842 1 1 0
0.112297 307.848 307.848 1 1 0
0.112402 307.854 307.854 1 1 0
0.112507 307.86 307.86 1 1 0
0.112613 307.867 307.867 1 1 0
0.112718 307.873 307.873 1 1 0
0.112824 307.879 307.879 1 1 0
0.112929 307.885 307.885 1 1 0
0.113035 307.891 307.891 1 1 0
0.11314 307.897 307.897 1 1 0
0.113245 307.903 307.903 1 1 0
0.113351 307.909 307.909 1 1 0
0.113456 307.915 307.915 1 1 0
0.113562 307.921 307.921 1 1 0
0.113667 307.927 307.927 1 1 0
0.113773 307.933 307.933 1 1 0
0.113878 307.939 307.939 1 1 0
0.113983 307.945 307.945 1 1 0
0.114089 307.951 307.951 1 1 0
0.114194 307.957 307.957 1 1 0
0.1143 307.963 307.963 1 1 0
0.114405 307.969 307.969 1 1 0
0.114511 307.974 307.974 1 1 0
0.114616 307.98 307.98 1 1 0
0.114721 307.986 307.986 1 1 0
0.114827 307.992 307.992 1 1 0
0.114932 307.997 307.997 1 1 0
0.115038 308.003 308.003 1 1 0
0.115143 308.009 308.009 1 1 0
0.115249 308.015 308.015 1 1 0
0.115354 308.02 308.02 1 1 0
0.11546 308.026 308.026 1 1 0
0.115565 308.031 308.031 1 1 0
0.115671 308.037 308.037 1 1 0
0.115776 308.043 308.043 1 1 0
0.115882 308.048 308.048 1 1 0
0.115987 308.054 308.054 1 1 0
0.116093 308.059 308.059 1 1 0
0.116198 308.065 308.065 1 1 0
0.116303 308.07 308.07 1 1 0
0.116409 308.075 308.075 1 1 0
0.116514 308.081 308.081 1 1 0
0.11662 308.086 308.086 1 1 0
0.116725 308.092 308.092 1 1 0
0.116831 308.097 308.097 1 1 0
0.116936 308.102 308.102 1 1 0
0.117042 308.108 308.108 1 1 0
0.117147 308.113 308.113 1 1 0
0.117253 308.118 308.118 1 1 0
0.117358 308.124 308.124 1 1 0
0.117464 308.129 308.129 1 1 0
0.117569 308.134 308.134 1 1 0
0.117675 308.139 308.139 1 1 0
0.11778 308.144 308.144 1 1 0
0.117886 308.15 308.15 1 1 0
0.117991 308.155 308.155 1 1 0
0.118097 308.16 308.16 1 1 0
0.118202 308.165 308.165 1 1 0
0.118308 308.17 308.17 1 1 0
0.118413 308.175 308.175 1 1 0
0.118519 308.18 308.18 1 1 0
0.118625 308.185 308.185 1 1 0
0.11873 308.19 308.19 1 1 0
0.118836 308.195 308.195 1 1 0
0.118941 308.2 308.2 1 1 0
0.119047 308.205 308.205 1 1 0
0.119152 308.21 308.21 1 1 0
0.119258 308.215 308.215 1 1 0
0.119363 308.22 308.22 1 1 0
0.119469 308.225 308.225 1 1 0
0.119574 308.23 308.23 1 1 0
0.11968 308.235 308.235 1 1 0
0.119785 308.24 308.24 1 1 0
0.119891 308.245 308.245 1 1 0
0.119996 308.249 308.249 1 1 0
0.120102 308.254 308.254 1 1 0
0.120207 308.259 308.259 1 1 0
0.120313 308.264 308.264 1 1 0
0.120419 308.269 308.269 1 1 0
0.120524 308.273 308.273 1 1 0
0.12063 308.278 308.278 1 1 0
0.120735 308.283 308.283 1 1 0
0.120841 308.287 308.287 1 1 0
0.120946 308.292 308.292 1 1 0
0.121052 308.297 308.297 1 1 0
0.121157 308.301 308.301 1 1 0
0.121263 308.306 308.306 1 1 0
0.121369 308.311 308.311 1 1 0
0.121474 308.315 308.315 1 1 0
0.12158 308.32 308.32 1 1 0
0.121685 308.324 308.324 1 1 0
0.121791 308.329 308.329 1 1 0
0.121896 308.333 308.333 1 1 0
0.122002 308.338 308.338 1 1 0
0.122107 308.342 308.342 1 1 0
0.122213 308.347 308.347 1 1 0
0.122319 308.351 308.351 1 1 0
0.122424 308.356 308.356 1 1 0
0.12253 308.36 308.36 1 1 0
0.122635 308.365 308.365 1 1 0
0.122741 308.369 308.369 1 1 0
0.122847 308.374 308.374 1 1 0
0.122952 308.378 308.378 1 1 0
0.123058 308.382 308.382 1 1 0
0.123163 308.387 308.387 1 1 0
0.123269 308.391 308.391 1 1 0
0.123374 308.395 308.395 1 1 0
0.12348 308.4 308.4 1 1 0
0.123586 308.404 308.404 1 1 0
0.123691 308.408 308.408 1 1 0
0.123797 308.412 308.412 1 1 0
0.123902 308.417 308.417 1 1 0
0.124008 308.421 308.421 1 1 0
0.124114 308.425 308.425 1 1 0
0.124219 308.429 308.429 1 1 0
0.124325 308.433 308.433 1 1 0
0.12443 308.438 308.438 1 1 0
0.124536 308.442 308.442 1 1 0
0.124641 308.446 308.446 1 1 0
0.124747 308.45 308.45 1 1 0
0.124853 308.454 308.454 1 1 0
0.124958 308.458 308.458 1 1 0
0.125064 308.462 308.462 1 1 0
0.12517 308.467 308.467 1 1 0
0.125275 308.471 308.471 1 1 0
0.125381 308.475 308.475 1 1 0
0.125486 308.479 308.479 1 1 0
0.125592 308.483 308.483 1 1 0
0.125698 308.487 308.487 1 1 0
0.125803 308.491 308.491 1 1 0
0.125909 308.495 308.495 1 1 0
0.126014 308.499 308.499 1 1 0
0.12612 308.503 308.503 1 1 0
0.126226 308.507 308.507 1 1 0
0.126331 308.511 308.511 1 1 0
0.126437 308.514 308.514 1 1 0
0.126542 308.518 308.518 1 1 0
0.126648 308.522 308.522 1 1 0
0.126754 308.526 308.526 1 1 0
0.126859 308.53 308.53 1 1 0
0.126965 308.534 308.534 1 1 0
0.127071 308.538 308.538 1 1 0
0.127176 308.541 308.541 1 1 0
0.127282 308.545 308.545 1 1 0
0.127387 308.549 308.549 1 1 0
0.127493 308.553 308.553 1 1 0
0.127599 308.557 308.557 1 1 0
0.127704 308.56 308.56 1 1 0
0.12781 308.564 308.564 1 1 0
0.127916 308.568 308.568 1 1 0
0.128021 308.572 308.572 1 1 0
0.128127 308.575 308.575 1 1 0
0.128232 308.579 308.579 1 1 0
0.128338 308.583 308.583 1 1 0
0.128444 308.586 308.586 1 1 0
0.128549 308.59 308.59 1 1 0
0.128655 308.594 308.594 1 1 0
0.128761 308.597 308.597 1 1 0
0.128866 308.601 308.601 1 1 0
0.128972 308.605 308.605 1 1 0
0.129078 308.608 308.608 1 1 0
0.129183 308.612 308.612 1 1 0
0.129289 308.616 308.616 1 1 0
0.129394 308.619 308.619 1 1 0
0.1295 308.623 308.623 1 1 0
0.129606 308.626 308.626 1 1 0
0.129711 308.63 308.63 1 1 0
0.129817 308.633 308.633 1 1 0
0.129923 308.637 308.637 1 1 0
0.130028 308.64 308.64 1 1 0
0.130134 308.644 308.644 1 1 0
0.13024 308.647 308.647 1 1 0
0.130345 308.651 308.651 1 1 0
0.130451 308.654 308.654 1 1 0
0.130557 308.658 308.658 1 1 0
0.130662 308.661 308.661 1 1 0
0.130768 308.665 308.665 1 1 0
0.130874 308.668 308.668 1 1 0
0.130979 308.671 308.671 1 1 0
0.131085 308.675 308.675 1 1 0
0.131191 308.678 308.678 1 1 0
0.131296 308.681 308.681 1 1 0
0.131402 308.685 308.685 1 1 0
0.131508 308.688 308.688 1 1 0
0.131613 308.692 308.692 1 1 0
0.131719 308.695 308.695 1 1 0
0.131825 308.698 308.698 1 1 0
0.13193 308.702 308.702 1 1 0
0.132036 308.705 308.705 1 1 0
0.132142 308.708 308.708 1 1 0
0.132247 308.711 308.711 1 1 0
0.132353 308.715 308.715 1 1 0
0.132459 308.718 308.718 1 1 0
0.132564 308.721 308.721 1 1 0
0.13267 308.724 308.724 1 1 0
0.132776 308.728 308.728 1 1 0
0.132881 308.731 308.731 1 1 0
0.132987 308.734 308.734 1 1 0
0.133093 308.737 308.737 1 1 0
0.133198 308.74 308.74 1 1 0
0.133304 308.744 308.744 1 1 0
0.13341 308.747 308.747 1 1 0
0.133515 308.75 308.75 1 1 0
0.133621 308.753 308.753 1 1 0
0.133727 308.756 308.756 1 1 0
0.133832 308.759 308.759 1 1 0
0.133938 308.762 308.762 1 1 0
0.134044 308.766 308.766 1 1 0
0.134149 308.769 308.769 1 1 0
0.134255 308.772 308.772 1 1 0
0.134361 308.775 308.775 1 1 0
0.134466 308.778 308.778 1 1 0
0.134572 308.781 308.781 1 1 0
0.134678 308.784 308.784 1 1 0
0.134783 308.787 308.787 1 1 0
0.134889 308.79 308.79 1 1 0
0.134995 308.793 308.793 1 1 0
0.1351 308.796 308.796 1 1 0
0.135206 308.799 308.799 1 1 0
0.135312 308.802 308.802 1 1 0
0.135417 308.805 308.805 1 1 0
0.135523 308.808 308.808 1 1 0
0.135629 308.811 308.811 1 1 0
0.135735 308.814 308.814 1 1 0
0.13584 308.817 308.817 1 1 0
0.135946 308.82 308.82 1 1 0
0.136052 308.823 308.823 1 1 0
0.136157 308.826 308.826 1 1 0
0.136263 308.829 308.829 1 1 0
0.136369 308.831 308.831 1 1 0
0.136474 308.834 308.834 1 1 0
0.13658 308.837 308.837 1 1 0
0.136686 308.84 308.84 1 1 0
0.136791 308.843 308.843 1 1 0
0.136897 308.846 308.846 1 1 0
0.137003 308.849 308.849 1 1 0
0.137109 308.852 308.852 1 1 0
0.137214 308.854 308.854 1 1 0
0.13732 308.857 308.857 1 1 0
0.137426 308.86 308.86 1 1 0
0.137531 308.863 308.863 1 1 0
0.137637 308.866 308.866 1 1 0
0.137743 308.868 308.868 1 1 0
0.137848 308.871 308.871 1 1 0
0.137954 308.874 308.874 1 1 0
0.13806 308.877 308.877 1 1 0
0.138166 308.879 308.879 1 1 0
0.138271 308.882 308.882 1 1 0
0.138377 308.885 308.885 1 1 0
0.138483 308.888 308.888 1 1 0
0.138588 308.89 308.89 1 1 0
0.138694 308.893 308.893 1 1 0
0.1388 308.896 308.896 1 1 0
0.138906 308.899 308.899 1 1 0
0.139011 308.901 308.901 1 1 0
0.139117 308.904 308.904 1 1 0
0.139223 308.907 308.907 1 1 0
0.139328 308.909 308.909 1 1 0
0.139434 308.912 308.912 1 1 0
0.13954 308.915 308.915 1 1 0
0.139645 308.917 308.917 1 1 0
0.139751 308.92 308.92 1 1 0
0.139857 308.922 308.922 1 1 0
0.139963 308.925 308.925 1 1 0
0.140068 308.928 308.928 1 1 0
0.140174 308.93 308.93 1 1 0
0.14028 308.933 308.933 1 1 0
0.140385 308.935 308.935 1 1 0
0.140491 308.938 308.938 1 1 0
0.140597 308.941 308.941 1 1 0
0.140703 308.943 308.943 1 1 0
0.140808 308.946 308.946 1 1 0
0.140914 308.948 308.948 1 1 0
0.14102 308.951 308.951 1 1 0
0.141125 308.953 308.953 1 1 0
0.141231 308.956 308.956 1 1 0
0.141337 308.958 308.958 1 1 0
0.141443 308.961 308.961 1 1 0
0.141548 308.963 308.963 1 1 0
0.141654 308.966 308.966 1 1 0
0.14176 308.968 308.968 1 1 0
0.141866 308.971 308.971 1 1 0
0.141971 308.973 308.973 1 1 0
0.142077 308.976 308.976 1 1 0
0.142183 308.978 308.978 1 1 0
0.142288 308.981 308.981 1 1 0
0.142394 308.983 308.983 1 1 0
0.1425 308.986 308.986 1 1 0
0.142606 308.988 308.988 1 1 0
0.142711 308.99 308.99 1 1 0
0.142817 308.993 308.993 1 1 0
0.142923 308.995 308.995 1 1 0
0.143028 308.998 308.998 1 1 0
0.143134 309 309 1 1 0
0.14324 309.002 309.002 1 1 0
0.143346 309.005 309.005 1 1 0
0.143451 309.007 309.007 1 1 0
0.143557 309.009 309.009 1 1 0
0.143663 309.012 309.012 1 1 0
0.143769 309.014 309.014 1 1 0
0.143874 309.017 309.017 1 1 0
0.14398 309.019 309.019 1 1 0
0.144086 309.021 309.021 1 1 0
0.144192 309.024 309.024 1 1 0
0.144297 309.026 309.026 1 1 0
0.144403 309.028 309.028 1 1 0
0.144509 309.03 309.03 1 1 0
0.144614 309.033 309.033 1 1 0
0.14472 309.035 309.035 1 1 0
0.144826 309.037 309.037 1 1 0
0.144932 309.04 309.04 1 1 0
0.145037 309.042 309.042 1 1 0
0.145143 309.044 309.044 1 1 0
0.145249 309.046 309.046 1 1 0
0.145355 309.049 309.049 1 1 0
0.14546 309.051 309.051 1 1 0
0.145566 309.053 309.053 1 1 0
0.145672 309.055 309.055 1 1 0
0.145778 309.058 309.058 1 1 0
0.145883 309.06 309.06 1 1 0
0.145989 309.062 309.062 1 1 0
0.146095 309.064 309.064 1 1 0
0.146201 309.066 309.066 1 1 0
0.146306 309.069 309.069 1 1 0
0.146412 309.071 309.071 1 1 0
0.146518 309.073 309.073 1 1 0
0.146623 309.075 309.075 1 1 0
0.146729 309.077 309.077 1 1 0
0.146835 309.079 309.079 1 1 0
0.146941 309.082 309.082 1 1 0
0.147046 309.084 309.084 1 1 0
0.147152 309.086 309.086 1 1 0
0.147258 309.088 309.088 1 1 0
0.147364 309.09 309.09 1 1 0
0.147469 309.092 309.092 1 1 0
0.147575 309.094 309.094 1 1 0
0.147681 309.097 309.097 1 1 0
0.147787 309.099 309.099 1 1 0
0.147892 309.101 309.101 1 1 0
0.147998 309.103 309.103 1 1 0
0.148104 309.105 309.105 1 1 0
0.14821 309.107 309.107 1 1 0
0.148315 309.109 309.109 1 1 0
0.148421 309.111 309.111 1 1 0
0.148527 309.113 309.113 1 1 0
0.148633 309.115 309.115 1 1 0
0.148738 309.117 309.117 1 1 0
0.148844 309.119 309.119 1 1 0
0.14895 309.121 309.121 1 1 0
0.149056 309.123 309.123 1 1 0
0.149161 309.125 309.125 1 1 0
0.149267 309.127 309.127 1 1 0
0.149373 309.13 309.13 1 1 0
0.149479 309.132 309.132 1 1 0
0.149584 309.134 309.134 1 1 0
0.14969 309.136 309.136 1 1 0
0.149796 309.138 309.138 1 1 0
0.149902 309.14 309.14 1 1 0
0.150007 309.141 309.141 1 1 0
0.03 209.968 209.968 2 1 0
0.0299986 209.955 209.955 1 1 0
0.0299971 209.943 209.943 1 1 0
0.0299942 209.917 209.917 1 1 0
0.0299885 209.867 209.867 1 1 0
0.0299769 209.767 209.767 1 1 0
0.0299589 209.61 209.61 1 1 0
0.029941 209.453 209.453 1 1 0
0.029923 209.296 209.296 1 1 0
0.0299051 209.139 209.139 1 1 0
0.0298872 208.981 208.981 1 1 0
0.0298693 208.824 208.824 1 1 0
0.0298514 208.666 208.666 1 1 0
0.0298336 208.508 208.508 1 1 0
0.0298158 208.35 208.35 1 1 0
0.029798 208.192 208.192 1 1 0
0.0297802 208.034 208.034 1 1 0
0.0297625 207.876 207.876 1 1 0
0.0297447 207.717 207.717 1 1 0
0.029727 207.559 207.559 1 1 0
0.0297093 207.4 207.4 1 1 0
0.0296917 207.241 207.241 1 1 0
0.029674 207.082 207.082 1 1 0
0.0296564 206.923 206.923 1 1 0
0.0296388 206.764 206.764 1 1 0
0.0296212 206.605 206.605 1 1 0
0.0296037 206.446 206.446 1 1 0
0.0295861 206.286 206.286 1 1 0
0.0295686 206.126 206.126 1 1 0
0.0295511 205.967 205.967 1 1 0
0.0295336 205.807 205.807 1 1 0
0.0295162 205.647 205.647 1 1 0
0.0294987 205.487 205.487 1 1 0
0.0294813 205.326 205.326 1 1 0
0.0294639 205.166 205.166 1 1 0
0.0294466 205.005 205.005 1 1 0
0.0294292 204.845 204.845 1 1 0
0.0294119 204.684 204.684 1 1 0
0.0293946 204.523 204.523 1 1 0
0.0293773 204.362 204.362 1 1 0
0.02936 204.201 204.201 1 1 0
0.0293428 204.04 204.04 1 1 0
0.0293256 203.878 203.878 1 1 0
0.0293084 203.717 203.717 1 1 0
0.0292912 203.555 203.555 1 1 0
0.029274 203.394 203.394 1 1 0
0.0292569 203.232 203.232 1 1 0
0.0292398 203.07 203.07 1 1 0
0.0292227 202.908 202.908 1 1 0
0.0292056 202.745 202.745 1 1 0
0.0291885 202.583 202.583 1 1 0
0.0291715 202.421 202.421 1 1 0
0.0291545 202.258 202.258 1 1 0
0.0291375 202.095 202.095 1 1 0
0.0291205 201.932 201.932 1 1 0
0.0291036 201.769 201.769 1 1 0
0.0290866 201.606 201.606 1 1 0
0.0290697 201.443 201.443 1 1 0
0.0290528 201.28 201.28 1 1 0
0.0290359 201.116 201.116 1 1 0
0.0290191 200.953 200.953 1 1 0
0.0290023 200.789 200.789 1 1 0
0.0289854 200.625 200.625 1 1 0
0.0289687 200.461 200.461 1 1 0
0.0289519 200.297 200.297 1 1 0
0.0289351 200.133 200.133 1 1 0
0.0289184 199.969 199.969 1 1 0
0.0289017 199.804 199.804 1 1 0
0.028885 199.64 199.64 1 1 0
0.0288683 199.475 199.475 1 1 0
0.0288517 199.31 199.31 1 1 0
0.028835 199.145 199.145 1 1 0
0.0288184 198.98 198.98 1 1 0
0.0288018 198.815 198.815 1 1 0
0.0287853 198.65 198.65 1 1 0
0.0287687 198.484 198.484 1 1 0
0.0287522 198.319 198.319 1 1 0
0.0287357 198.153 198.153 1 1 0
0.0287192 197.987 197.987 1 1 0
0.0287027 197.821 197.821 1 1 0
0.0286863 197.655 197.655 1 1 0
0.0286698 197.489 197.489 1 1 0
0.0286534 197.323 197.323 1 1 0
0.028637 197.156 197.156 1 1 0
0.0286207 196.99 196.99 1 1 0
0.0286043 196.823 196.823 1 1 0
0.028588 196.656 196.656 1 1 0
0.0285717 196.489 196.489 1 1 0
0.0285554 196.322 196.322 1 1 0
0.0285391 196.155 196.155 1 1 0
0.0285228 195.988 195.988 1 1 0
0.0285066 195.821 195.821 1 1 0
0.0284904 195.653 195.653 1 1 0
0.0284742 195.486 195.486 1 1 0
0.028458 195.318 195.318 1 1 0
0.0284419 195.15 195.15 1 1 0
0.0284257 194.982 194.982 1 1 0
0.0284096 194.814 194.814 1 1 0
0.0283935 194.646 194.646 1 1 0
0.0283774 194.477 194.477 1 1 0
0.0283614 194.309 194.309 1 1 0
0.0283453 194.14 194.14 1 1 0
0.0283293 193.972 193.972 1 1 0
0.0283133 193.803 193.803 1 1 0
0.0282973 193.634 193.634 1 1 0
0.0282814 193.465 193.465 1 1 0
0.0282654 193.296 193.296 1 1 0
0.0282495 193.126 193.126 1 1 0
0.0282336 192.957 192.957 1 1 0
0.0282177 192.787 192.787 1 1 0
0.0282018 192.618 192.618 1 1 0
0.028186 192.448 192.448 1 1 0
0.0281702 192.278 192.278 1 1 0
0.0281544 192.108 192.108 1 1 0
0.0281386 191.938 191.938 1 1 0
0.0281228 191.768 191.768 1 1 0
0.028107 191.597 191.597 1 1 0
0.0280913 191.427 191.427 1 1 0
0.0280756 191.256 191.256 1 1 0
0.0280599 191.086 191.086 1 1 0
0.0280442 190.915 190.915 1 1 0
0.0280286 190.744 190.744 1 1 0
0.0280129 190.573 190.573 1 1 0
0.0279973 190.402 190.402 1 1 0
0.0279817 190.23 190.23 1 1 0
0.0279662 190.059 190.059 1 1 0
0.0279506 189.887 189.887 1 1 0
0.0279351 189.716 189.716 1 1 0
0.0279195 189.544 189.544 1 1 0
0.027904 189.372 189.372 1 1 0
0.0278885 189.2 189.2 1 1 0
0.0278731 189.028 189.028 1 1 0
0.0278576 188.856 188.856 1 1 0
0.0278422 188.683 188.683 1 1 0
0.0278268 188.511 188.511 1 1 0
0.0278114 188.338 188.338 1 1 0
0.027796 188.166 188.166 1 1 0
0.0277807 187.993 187.993 1 1 0
0.0277654 187.82 187.82 1 1 0
0.0277501 187.647 187.647 1 1 0
0.0277348 187.474 187.474 1 1 0
0.0277195 187.3 187.3 1 1 0
0.0277042 187.127 187.127 1 1 0
0.027689 186.954 186.954 1 1 0
0.0276738 186.78 186.78 1 1 0
0.0276586 186.606 186.606 1 1 0
0.0276434 186.432 186.432 1 1 0
0.0276282 186.258 186.258 1 1 0
0.0276131 186.084 186.084 1 1 0
0.027598 185.91 185.91 1 1 0
0.0275829 185.736 185.736 1 1 0
0.0275678 185.561 185.561 1 1 0
0.0275527 185.387 185.387 1 1 0
0.0275377 185.212 185.212 1 1 0
0.0275226 185.037 185.037 1 1 0
0.0275076 184.863 184.863 1 1 0
0.0274926 184.688 184.688 1 1 0
0.0274776 184.512 184.512 1 1 0
0.0274627 184.337 184.337 1 1 0
0.0274478 184.162 184.162 1 1 0
0.0274328 183.987 183.987 1 1 0
0.0274179 183.811 183.811 1 1 0
0.0274031 183.635 183.635 1 1 0
0.0273882 183.46 183.46 1 1 0
0.0273733 183.284 183.284 1 1 0
0.0273585 183.108 183.108 1 1 0
0.0273437 182.932 182.932 1 1 0
0.0273289 182.755 182.755 1 1 0
0.0273142 182.579 182.579 1 1 0
0.0272994 182.403 182.403 1 1 0
0.0272847 182.226 182.226 1 1 0
0.02727 182.049 182.049 1 1 0
0.0272553 181.873 181.873 1 1 0
0.0272406 181.696 181.696 1 1 0
0.0272259 181.519 181.519 1 1 0
0.0272113 181.342 181.342 1 1 0
0.0271967 181.165 181.165 1 1 0
0.0271821 180.987 180.987 1 1 0
0.0271675 180.81 180.81 1 1 0
0.0271529 180.632 180.632 1 1 0
0.0271384 180.455 180.455 1 1 0
0.0271239 180.277 180.277 1 1 0
0.0271094 180.099 180.099 1 1 0
0.0270949 179.921 179.921 1 1 0
0.0270804 179.743 179.743 1 1 0
0.0270659 179.565 179.565 1 1 0
0.0270515 179.387 179.387 1 1 0
0.0270371 179.208 179.208 1 1 0
0.0270227 179.03 179.03 1 1 0
0.0270083 178.851 178.851 1 1 0
0.026994 178.673 178.673 1 1 0
0.0269796 178.494 178.494 1 1 0
0.0269653 178.315 178.315 1 1 0
0.026951 178.136 178.136 1 1 0
0.0269367 177.957 177.957 1 1 0
0.0269225 177.777 177.777 1 1 0
0.0269082 177.598 177.598 1 1 0
0.026894 177.419 177.419 1 1 0
0.0268798 177.239 177.239 1 1 0
0.0268656 177.06 177.06 1 1 0
0.0268514 176.88 176.88 1 1 0
0.0268373 176.7 176.7 1 1 0
0.0268231 176.52 176.52 1 1 0
0.026809 176.34 176.34 1 1 0
0.0267949 176.16 176.16 1 1 0
0.0267808 175.98 175.98 1 1 0
0.0267668 175.799 175.799 1 1 0
0.0267527 175.619 175.619 1 1 0
0.0267387 175.438 175.438 1 1 0
0.0267247 175.257 175.257 1 1 0
0.0267107 175.077 175.077 1 1 0
0.0266967 174.896 174.896 1 1 0
0.0266828 174.715 174.715 1 1 0
0.0266688 174.534 174.534 1 1 0
0.0266549 174.353 174.353 1 1 0
0.026641 174.171 174.171 1 1 0
0.0266272 173.99 173.99 1 1 0
0.0266133 173.809 173.809 1 1 0
0.0265995 173.627 173.627 1 1 0
0.0265857 173.445 173.445 1 1 0
0.0265718 173.264 173.264 1 1 0
0.0265581 173.082 173.082 1 1 0
0.0265443 172.9 172.9 1 1 0
0.0265306 172.718 172.718 1 1 0
0.0265168 172.535 172.535 1 1 0
0.0265031 172.353 172.353 1 1 0
0.0264894 172.171 172.171 1 1 0
0.0264758 171.988 171.988 1 1 0
0.0264621 171.806 171.806 1 1 0
0.0264485 171.623 171.623 1 1 0
0.0264349 171.441 171.441 1 1 0
0.0264213 171.258 171.258 1 1 0
0.0264077 171.075 171.075 1 1 0
0.0263941 170.892 170.892 1 1 0
0.0263806 170.709 170.709 1 1 0
0.0263671 170.525 170.525 1 1 0
0.0263536 170.342 170.342 1 1 0
0.0263401 170.159 170.159 1 1 0
0.0263266 169.975 169.975 1 1 0
0.0263132 169.792 169.792 1 1 0
0.0262997 169.608 169.608 1 1 0
0.0262863 169.424 169.424 1 1 0
0.0262729 169.24 169.24 1 1 0
0.0262596 169.056 169.056 1 1 0
0.0262462 168.872 168.872 1 1 0
0.0262329 168.688 168.688 1 1 0
0.0262196 168.504 168.504 1 1 0
0.0262063 168.32 168.32 1 1 0
0.026193 168.135 168.135 1 1 0
0.0261797 167.951 167.951 1 1 0
0.0261665 167.766 167.766 1 1 0
0.0261533 167.581 167.581 1 1 0
0.0261401 167.397 167.397 1 1 0
0.0261269 167.212 167.212 1 1 0
0.0261137 167.027 167.027 1 1 0
0.0261006 166.842 166.842 1 1 0
0.0260874 166.657 166.657 1 1 0
0.0260743 166.471 166.471 1 1 0
0.0260612 166.286 166.286 1 1 0
0.0260482 166.101 166.101 1 1 0
0.0260351 165.915 165.915 1 1 0
0.0260221 165.73 165.73 1 1 0
0.026009 165.544 165.544 1 1 0
0.0259961 165.358 165.358 1 1 0
0.0259831 165.172 165.172 1 1 0
0.0259701 164.986 164.986 1 1 0
0.0259572 164.8 164.8 1 1 0
0.0259442 164.614 164.614 1 1 0
0.0259313 164.428 164.428 1 1 0
0.0259185 164.242 164.242 1 1 0
0.0259056 164.055 164.055 1 1 0
0.0258928 163.869 163.869 1 1 0
0.0258799 163.683 163.683 1 1 0
0.0258671 163.496 163.496 1 1 0
0.0258543 163.309 163.309 1 1 0
0.0258416 163.123 163.123 1 1 0
0.0258288 162.936 162.936 1 1 0
0.0258161 162.749 162.749 1 1 0
0.0258034 162.562 162.562 1 1 0
0.0257907 162.375 162.375 1 1 0
0.025778 162.187 162.187 1 1 0
0.0257653 162 162 1 1 0
0.0257527 161.813 161.813 1 1 0
0.0257401 161.625 161.625 1 1 0
0.0257275 161.438 161.438 1 1 0
0.0257149 161.25 161.25 1 1 0
0.0257023 161.063 161.063 1 1 0
0.0256898 160.875 160.875 1 1 0
0.0256773 160.687 160.687 1 1 0
0.0256648 160.499 160.499 1 1 0
0.0256523 160.311 160.311 1 1 0
0.0256398 160.123 160.123 1 1 0
0.0256274 159.935 159.935 1 1 0
0.0256149 159.747 159.747 1 1 0
0.0256025 159.559 159.559 1 1 0
0.0255901 159.37 159.37 1 1 0
0.0255778 159.182 159.182 1 1 0
0.0255654 158.993 158.993 1 1 0
0.0255531 158.805 158.805 1 1 0
0.0255408 158.616 158.616 1 1 0
0.0255285 158.428 158.428 1 1 0
0.0255162 158.239 158.239 1 1 0
0.0255039 158.05 158.05 1 1 0
0.0254917 157.861 157.861 1 1 0
0.0254795 157.672 157.672 1 1 0
0.0254673 157.483 157.483 1 1 0
0.0254551 157.294 157.294 1 1 0
0.0254429 157.104 157.104 1 1 0
0.0254308 156.915 156.915 1 1 0
0.0254187 156.726 156.726 1 1 0
0.0254066 156.536 156.536 1 1 0
0.0253945 156.347 156.347 1 1 0
0.0253824 156.157 156.157 1 1 0
0.0253704 155.968 155.968 1 1 0
0.0253584 155.778 155.778 1 1 0
0.0253464 155.588 155.588 1 1 0
0.0253344 155.398 155.398 1 1 0
0.0253224 155.208 155.208 1 1 0
0.0253105 155.018 155.018 1 1 0
0.0252985 154.828 154.828 1 1 0
0.0252866 154.638 154.638 1 1 0
0.0252747 154.448 154.448 1 1 0
0.0252629 154.257 154.257 1 1 0
0.025251 154.067 154.067 1 1 0
0.0252392 153.877 153.877 1 1 0
0.0252274 153.686 153.686 1 1 0
0.0252156 153.496 153.496 1 1 0
0.0252038 153.305 153.305 1 1 0
0.0251921 153.114 153.114 1 1 0
0.0251803 152.924 152.924 1 1 0
0.0251686 152.733 152.733 1 1 0
0.0251569 152.542 152.542 1 1 0
0.0251453 152.351 152.351 1 1 0
0.0251336 152.16 152.16 1 1 0
0.025122 151.969 151.969 1 1 0
0.0251104 151.778 151.778 1 1 0
0.0250988 151.587 151.587 1 1 0
0.0250872 151.396 151.396 1 1 0
0.0250756 151.204 151.204 1 1 0
0.0250641 151.013 151.013 1 1 0
0.0250526 150.822 150.822 1 1 0
0.0250411 150.63 150.63 1 1 0
0.0250296 150.439 150.439 1 1 0
0.0250182 150.247 150.247 1 1 0
0.0250067 150.055 150.055 1 1 0
0.0249953 149.864 149.864 1 1 0
0.0249839 149.672 149.672 1 1 0
0.0249725 149.48 149.48 1 1 0
0.0249612 149.288 149.288 1 1 0
0.0249498 149.096 149.096 1 1 0
0.0249385 148.904 148.904 1 1 0
0.0249272 148.712 148.712 1 1 0
0.024916 148.52 148.52 1 1 0
0.0249047 148.328 148.328 1 1 0
0.0248935 148.136 148.136 1 1 0
0.0248822 147.943 147.943 1 1 0
0.024871 147.751 147.751 1 1 0
0.0248599 147.559 147.559 1 1 0
0.0248487 147.366 147.366 1 1 0
0.0248376 147.174 147.174 1 1 0
0.0248265 146.981 146.981 1 1 0
0.0248154 146.788 146.788 1 1 0
0.0248043 146.596 146.596 1 1 0
0.0247932 146.403 146.403 1 1 0
0.0247822 146.21 146.21 1 1 0
0.0247712 146.017 146.017 1 1 0
0.0247602 145.825 145.825 1 1 0
0.0247492 145.632 145.632 1 1 0
0.0247383 145.439 145.439 1 1 0
0.0247273 145.246 145.246 1 1 0
0.0247164 145.053 145.053 1 1 0
0.0247055 144.86 144.86 1 1 0
0.0246946 144.666 144.666 1 1 0
0.0246838 144.473 144.473 1 1 0
0.024673 144.28 144.28 1 1 0
0.0246621 144.087 144.087 1 1 0
0.0246514 143.893 143.893 1 1 0
0.0246406 143.7 143.7 1 1 0
0.0246298 143.506 143.506 1 1 0
0.0246191 143.313 143.313 1 1 0
0.0246084 143.119 143.119 1 1 0
0.0245977 142.926 142.926 1 1 0
0.024587 142.732 142.732 1 1 0
0.0245764 142.538 142.538 1 1 0
0.0245658 142.345 142.345 1 1 0
0.0245552 142.151 142.151 1 1 0
0.0245446 141.957 141.957 1 1 0
0.024534 141.763 141.763 1 1 0
0.0245235 141.569 141.569 1 1 0
0.0245129 141.376 141.376 1 1 0
0.0245024 141.182 141.182 1 1 0
0.024492 140.988 140.988 1 1 0
0.0244815 140.793 140.793 1 1 0
0.0244711 140.599 140.599 1 1 0
0.0244606 140.405 140.405 1 1 0
0.0244502 140.211 140.211 1 1 0
0.0244399 140.017 140.017 1 1 0
0.0244295 139.823 139.823 1 1 0
0.0244192 139.628 139.628 1 1 0
0.0244089 139.434 139.434 1 1 0
0.0243986 139.24 139.24 1 1 0
0.0243883 139.045 139.045 1 1 0
0.024378 138.851 138.851 1 1 0
0.0243678 138.656 138.656 1 1 0
0.0243576 138.462 138.462 1 1 0
0.0243474 138.267 138.267 1 1 0
0.0243372 138.072 138.072 1 1 0
0.0243271 137.878 137.878 1 1 0
0.024317 137.683 137.683 1 1 0
0.0243069 137.488 137.488 1 1 0
0.0242968 137.294 137.294 1 1 0
0.0242867 137.099 137.099 1 1 0
0.0242767 136.904 136.904 1 1 0
0.0242667 136.709 136.709 1 1 0
0.0242567 136.514 136.514 1 1 0
0.0242467 136.319 136.319 1 1 0
0.0242367 136.124 136.124 1 1 0
0.0242268 135.929 135.929 1 1 0
0.0242169 135.734 135.734 1 1 0
0.024207 135.539 135.539 1 1 0
0.0241971 135.344 135.344 1 1 0
0.0241873 135.149 135.149 1 1 0
0.0241775 134.954 134.954 1 1 0
0.0241677 134.759 134.759 1 1 0
0.0241579 134.564 134.564 1 1 0
0.0241481 134.368 134.368 1 1 0
0.0241384 134.173 134.173 1 1 0
0.0241287 133.978 133.978 1 1 0
0.024119 133.783 133.783 1 1 0
0.0241093 133.587 133.587 1 1 0
0.0240996 133.392 133.392 1 1 0
0.02409 133.196 133.196 1 1 0
0.0240804 133.001 133.001 1 1 0
0.0240708 132.805 132.805 1 1 0
0.0240612 132.61 132.61 1 1 0
0.0240517 132.414 132.414 1 1 0
0.0240422 132.219 132.219 1 1 0
0.0240327 132.023 132.023 1 1 0
0.0240232 131.828 131.828 1 1 0
0.0240138 131.632 131.632 1 1 0
0.0240043 131.437 131.437 1 1 0
0.0239949 131.241 131.241 1 1 0
0.0239855 131.045 131.045 1 1 0
0.0239762 130.849 130.849 1 1 0
0.0239668 130.654 130.654 1 1 0
0.0239575 130.458 130.458 1 1 0
0.0239482 130.262 130.262 1 1 0
0.0239389 130.066 130.066 1 1 0
0.0239297 129.871 129.871 1 1 0
0.0239204 129.675 129.675 1 1 0
0.0239112 129.479 129.479 1 1 0
0.023902 129.283 129.283 1 1 0
0.0238929 129.087 129.087 1 1 0
0.0238837 128.891 128.891 1 1 0
0.0238746 128.695 128.695 1 1 0
0.0238655 128.499 128.499 1 1 0
0.0238565 128.303 128.303 1 1 0
0.0238474 128.107 128.107 1 1 0
0.0238384 127.911 127.911 1 1 0
0.0238294 127.715 127.715 1 1 0
0.0238204 127.519 127.519 1 1 0
0.0238114 127.323 127.323 1 1 0
0.0238025 127.127 127.127 1 1 0
0.0237936 126.931 126.931 1 1 0
0.0237847 126.735 126.735 1 1 0
0.0237758 126.539 126.539 1 1 0
0.023767 126.342 126.342 1 1 0
0.0237582 126.146 126.146 1 1 0
0.0237494 125.95 125.95 1 1 0
0.0237406 125.754 125.754 1 1 0
0.0237318 125.558 125.558 1 1 0
0.0237231 125.361 125.361 1 1 0
0.0237144 125.165 125.165 1 1 0
0.0237057 124.969 124.969 1 1 0
0.023697 124.773 124.773 1 1 0
0.0236884 124.576 124.576 1 1 0
0.0236798 124.38 124.38 1 1 0
0.0236712 124.184 124.184 1 1 0
0.0236626 123.987 123.987 1 1 0
0.0236541 123.791 123.791 1 1 0
0.0236456 123.595 123.595 1 1 0
0.0236371 123.398 123.398 1 1 0
0.0236286 123.202 123.202 1 1 0
0.0236202 123.006 123.006 1 1 0
0.0236117 122.809 122.809 1 1 0
0.0236033 122.613 122.613 1 1 0
0.023595 122.416 122.416 1 1 0
0.0235866 122.22 122.22 1 1 0
0.0235783 122.024 122.024 1 1 0
0.02357 121.827 121.827 1 1 0
0.0235617 121.631 121.631 1 1 0
0.0235535 121.434 121.434 1 1 0
0.0235452 121.238 121.238 1 1 0
0.023537 121.041 121.041 1 1 0
0.0235288 120.845 120.845 1 1 0
0.0235207 120.648 120.648 1 1 0
0.0235125 120.452 120.452 1 1 0
0.0235044 120.255 120.255 1 1 0
0.0234963 120.059 120.059 1 1 0
0.0234883 119.862 119.862 1 1 0
0.0234802 119.666 119.666 1 1 0
0.0234722 119.469 119.469 1 1 0
0.0234642 119.273 119.273 1 1 0
0.0234563 119.076 119.076 1 1 0
0.0234483 118.88 118.88 1 1 0
0.0234404 118.683 118.683 1 1 0
0.0234325 118.487 118.487 1 1 0
0.0234247 118.29 118.29 1 1 0
0.0234168 118.094 118.094 1 1 0
0.023409 117.897 117.897 1 1 0
0.0234012 117.701 117.701 1 1 0
0.0233934 117.504 117.504 1 1 0
0.0233857 117.307 117.307 1 1 0
0.023378 117.111 117.111 1 1 0
0.0233703 116.914 116.914 1 1 0
0.0233626 116.718 116.718 1 1 0
0.023355 116.521 116.521 1 1 0
0.0233474 116.325 116.325 1 1 0
0.0233398 116.128 116.128 1 1 0
0.0233322 115.932 115.932 1 1 0
0.0233247 115.735 115.735 1 1 0
0.0233172 115.539 115.539 1 1 0
0.0233097 115.342 115.342 1 1 0
0.0233022 115.145 115.145 1 1 0
0.0232948 114.949 114.949 1 1 0
0.0232874 114.752 114.752 1 1 0
0.02328 114.556 114.556 1 1 0
0.0232726 114.359 114.359 1 1 0
0.0232653 114.163 114.163 1 1 0
0.023258 113.966 113.966 1 1 0
0.0232507 113.77 113.77 1 1 0
0.0232435 113.573 113.573 1 1 0
0.0232362 113.377 113.377 1 1 0
0.023229 113.18 113.18 1 1 0
0.0232219 112.984 112.984 1 1 0
0.0232147 112.787 112.787 1 1 0
0.0232076 112.591 112.591 1 1 0
0.0232005 112.394 112.394 1 1 0
0.0231934 112.198 112.198 1 1 0
0.0231864 112.001 112.001 1 1 0
0.0231794 111.805 111.805 1 1 0
0.0231724 111.608 111.608 1 1 0
0.0231654 111.412 111.412 1 1 0
0.0231585 111.215 111.215 1 1 0
0.0231516 111.019 111.019 1 1 0
0.0231447 110.823 110.823 1 1 0
0.0231378 110.626 110.626 1 1 0
0.023131 110.43 110.43 1 1 0
0.0231242 110.233 110.233 1 1 0
0.0231174 110.037 110.037 1 1 0
0.0231107 109.841 109.841 1 1 0
0.023104 109.644 109.644 1 1 0
0.0230973 109.448 109.448 1 1 0
0.0230906 109.251 109.251 1 1 0
0.023084 109.055 109.055 1 1 0
0.0230774 108.859 108.859 1 1 0
0.0230708 108.662 108.662 1 1 0
0.0230642 108.466 108.466 1 1 0
0.0230577 108.27 108.27 1 1 0
0.0230512 108.073 108.073 1 1 0
0.0230447 107.877 107.877 1 1 0
0.0230383 107.681 107.681 1 1 0
0.0230319 107.485 107.485 1 1 0
0.0230255 107.288 107.288 1 1 0
0.0230191 107.092 107.092 1 1 0
0.0230128 106.896 106.896 1 1 0
0.0230065 106.7 106.7 1 1 0
0.0230002 106.504 106.504 1 1 0
0.022994 106.307 106.307 1 1 0
0.0229878 106.111 106.111 1 1 0
0.0229816 105.915 105.915 1 1 0
0.0229755 105.719 105.719 1 1 0
0.0229693 105.523 105.523 1 1 0
0.0229632 105.327 105.327 1 1 0
0.0229572 105.131 105.131 1 1 0
0.0229511 104.935 104.935 1 1 0
0.0229451 104.738 104.738 1 1 0
0.0229391 104.542 104.542 1 1 0
0.0229332 104.346 104.346 1 1 0
0.0229273 104.15 104.15 1 1 0
0.0229214 103.954 103.954 1 1 0
0.0229155 103.758 103.758 1 1 0
0.0229097 103.562 103.562 1 1 0
0.0229039 103.367 103.367 1 1 0
0.0228981 103.171 103.171 1 1 0
0.0228924 102.975 102.975 1 1 0
0.0228866 102.779 102.779 1 1 0
0.022881 102.583 102.583 1 1 0
0.0228753 102.387 102.387 1 1 0
0.0228697 102.191 102.191 1 1 0
0.0228641 101.995 101.995 1 1 0
0.0228585 101.8 101.8 1 1 0
0.022853 101.604 101.604 1 1 0
0.0228475 101.408 101.408 1 1 0
0.022842 101.212 101.212 1 1 0
0.0228366 101.017 101.017 1 1 0
0.0228312 100.821 100.821 1 1 0
0.0228258 100.625 100.625 1 1 0
0.0228205 100.43 100.43 1 1 0
0.0228152 100.234 100.234 1 1 0
0.0228099 100.038 100.038 1 1 0
0.0228046 99.8428 99.8428 1 1 0
0.0227994 99.6472 99.6472 1 1 0
0.0227942 99.4516 99.4516 1 1 0
0.0227891 99.2561 99.2561 1 1 0
0.022784 99.0606 99.0606 1 1 0
0.0227789 98.8651 98.8651 1 1 0
0.0227738 98.6697 98.6697 1 1 0
0.0227688 98.4742 98.4742 1 1 0
0.0227638 98.2788 98.2788 1 1 0
0.0227588 98.0834 98.0834 1 1 0
0.0227539 97.8881 97.8881 1 1 0
0.022749 97.6927 97.6927 1 1 0
0.0227442 97.4974 97.4974 1 1 0
0.0227393 97.3021 97.3021 1 1 0
0.0227345 97.1069 97.1069 1 1 0
0.0227298 96.9116 96.9116 1 1 0
0.0227251 96.7164 96.7164 1 1 0
0.0227204 96.5212 96.5212 1 1 0
0.0227157 96.326 96.326 1 1 0
0.0227111 96.1309 96.1309 1 1 0
0.0227065 95.9358 95.9358 1 1 0
0.0227019 95.7407 95.7407 1 1 0
0.0226974 95.5456 95.5456 1 1 0
0.0226929 95.3506 95.3506 1 1 0
0.0226884 95.1556 95.1556 1 1 0
0.022684 94.9606 94.9606 1 1 0
0.0226796 94.7657 94.7657 1 1 0
0.0226753 94.5707 94.5707 1 1 0
0.022671 94.3758 94.3758 1 1 0
0.0226667 94.181 94.181 1 1 0
0.0226624 93.9861 93.9861 1 1 0
0.0226582 93.7913 93.7913 1 1 0
0.022654 93.5965 93.5965 1 1 0
0.0226499 93.4018 93.4018 1 1 0
0.0226458 93.207 93.207 1 1 0
0.0226417 93.0123 93.0123 1 1 0
0.0226377 92.8177 92.8177 1 1 0
0.0226337 92.623 92.623 1 1 0
0.0226297 92.4284 92.4284 1 1 0
0.0226258 92.2338 92.2338 1 1 0
0.0226219 92.0393 92.0393 1 1 0
0.022618 91.8447 91.8447 1 1 0
0.0226142 91.6503 91.6503 1 1 0
0.0226104 91.4558 91.4558 1 1 0
0.0226067 91.2614 91.2614 1 1 0
0.022603 91.067 91.067 1 1 0
0.0225993 90.8726 90.8726 1 1 0
0.0225957 90.6782 90.6782 1 1 0
0.0225921 90.4839 90.4839 1 1 0
0.0225885 90.2897 90.2897 1 1 0
0.022585 90.0954 90.0954 1 1 0
0.0225815 89.9012 89.9012 1 1 0
0.0225781 89.707 89.707 1 1 0
0.0225747 89.5129 89.5129 1 1 0
0.0225713 89.3188 89.3188 1 1 0
0.022568 89.1247 89.1247 1 1 0
0.0225647 88.9306 88.9306 1 1 0
0.0225615 88.7366 88.7366 1 1 0
0.0225583 88.5426 88.5426 1 1 0
0.0225551 88.3487 88.3487 1 1 0
0.022552 88.1548 88.1548 1 1 0
0.0225489 87.9609 87.9609 1 1 0
0.0225458 87.7671 87.7671 1 1 0
0.0225428 87.5732 87.5732 1 1 0
0.0225398 87.3795 87.3795 1 1 0
0.0225369 87.1857 87.1857 1 1 0
0.022534 86.992 86.992 1 1 0
0.0225312 86.7983 86.7983 1 1 0
0.0225284 86.6047 86.6047 1 1 0
0.0225256 86.4111 86.4111 1 1 0
0.0225229 86.2175 86.2175 1 1 0
0.0225202 86.024 86.024 1 1 0
0.0225175 85.8305 85.8305 1 1 0
0.0225149 85.637 85.637 1 1 0
0.0225124 85.4436 85.4436 1 1 0
0.0225099 85.2502 85.2502 1 1 0
0.0225074 85.0569 85.0569 1 1 0
0.022505 84.8636 84.8636 1 1 0
0.0225026 84.6703 84.6703 1 1 0
0.0225002 84.477 84.477 1 1 0
0.0224979 84.2838 84.2838 1 1 0
0.0224957 84.0907 84.0907 1 1 0
0.0224934 83.8975 83.8975 1 1 0
0.0224913 83.7045 83.7045 1 1 0
0.0224891 83.5114 83.5114 1 1 0
0.022487 83.3184 83.3184 1 1 0
0.022485 83.1254 83.1254 1 1 0
0.022483 82.9325 82.9325 1 1 0
0.0224811 82.7396 82.7396 1 1 0
0.0224792 82.5467 82.5467 1 1 0
0.0224773 82.3539 82.3539 1 1 0
0.0224755 82.1611 82.1611 1 1 0
0.0224737 81.9684 81.9684 1 1 0
0.022472 81.7757 81.7757 1 1 0
0.0224703 81.583 81.583 1 1 0
0.0224687 81.3904 81.3904 1 1 0
0.0224671 81.1978 81.1978 1 1 0
0.0224655 81.0052 81.0052 1 1 0
0.0224641 80.8127 80.8127 1 1 0
0.0224626 80.6203 80.6203 1 1 0
0.0224612 80.4279 80.4279 1 1 0
0.0224599 80.2355 80.2355 1 1 0
0.0224586 80.0431 80.0431 1 1 0
0.0224573 79.8508 79.8508 1 1 0
0.0224561 79.6586 79.6586 1 1 0
0.022455 79.4664 79.4664 1 1 0
0.0224538 79.2742 79.2742 1 1 0
0.0224528 79.0821 79.0821 1 1 0
0.0224518 78.89 78.89 1 1 0
0.0224508 78.6979 78.6979 1 1 0
0.0224499 78.5059 78.5059 1 1 0
0.0224491 78.3139 78.3139 1 1 0
0.0224483 78.122 78.122 1 1 0
0.0224475 77.9301 77.9301 1 1 0
0.0224468 77.7383 77.7383 1 1 0
0.0224461 77.5465 77.5465 1 1 0
0.0224455 77.3548 77.3548 1 1 0
0.022445 77.163 77.163 1 1 0
0.0224445 76.9714 76.9714 1 1 0
0.022444 76.7798 76.7798 1 1 0
0.0224436 76.5882 76.5882 1 1 0
0.0224433 76.3966 76.3966 1 1 0
0.022443 76.2052 76.2052 1 1 0
0.0224428 76.0137 76.0137 1 1 0
0.0224426 75.8223 75.8223 1 1 0
0.0224425 75.631 75.631 1 1 0
0.0224424 75.4396 75.4396 1 1 0
0.0224424 75.2864 75.2864 1 1 0
0.0224424 75.0952 75.0952 2 1 0
0.0224425 74.904 74.904 2 1 0
0.0224426 74.7129 74.7129 2 1 0
0.0224428 74.5218 74.5218 2 1 0
0.0224431 74.3307 74.3307 2 1 0
0.0224434 74.1397 74.1397 2 1 0
0.0224438 73.9488 73.9488 2 1 0
0.0224442 73.7579 73.7579 2 1 0
0.0224447 73.567 73.567 2 1 0
0.0224452 73.3762 73.3762 2 1 0
0.0224458 73.1854 73.1854 2 1 0
0.0224464 72.9947 72.9947 2 1 0
0.0224472 72.804 72.804 2 1 0
0.0224479 72.6134 72.6134 2 1 0
0.0224488 72.4228 72.4228 2 1 0
0.0224496 72.2323 72.2323 2 1 0
0.0224506 72.0418 72.0418 2 1 0
0.0224516 71.8513 71.8513 2 1 0
0.0224527 71.6609 71.6609 2 1 0
0.0224538 71.4706 71.4706 2 1 0
0.022455 71.2803 71.2803 2 1 0
0.0224563 71.09 71.09 2 1 0
0.0224576 70.8998 70.8998 2 1 0
0.022459 70.7097 70.7097 2 1 0
0.0224604 70.5196 70.5196 2 1 0
0.0224619 70.3295 70.3295 2 1 0
0.0224635 70.1395 70.1395 2 1 0
0.0224652 69.9495 69.9495 2 1 0
0.0224669 69.7596 69.7596 2 1 0
0.0224686 69.5698 69.5698 2 1 0
0.0224705 69.38 69.38 2 1 0
0.0224724 69.1902 69.1902 2 1 0
0.0224743 69.0005 69.0005 2 1 0
0.0224764 68.8108 68.8108 2 1 0
0.0224785 68.6212 68.6212 2 1 0
0.0224806 68.4317 68.4317 2 1 0
0.0224829 68.2421 68.2421 2 1 0
0.0224852 68.0527 68.0527 2 1 0
0.0224876 67.8633 67.8633 2 1 0
0.02249 67.6739 67.6739 2 1 0
0.0224925 67.4846 67.4846 2 1 0
0.0224951 67.2953 67.2953 2 1 0
0.0224978 67.1061 67.1061 2 1 0
0.0225005 66.917 66.917 2 1 0
0.0225033 66.7279 66.7279 2 1 0
0.0225062 66.5388 66.5388 2 1 0
0.0225091 66.3498 66.3498 2 1 0
0.0225121 66.1609 66.1609 2 1 0
0.0225152 65.972 65.972 2 1 0
0.0225184 65.7831 65.7831 2 1 0
0.0225216 65.5943 65.5943 2 1 0
0.022525 65.4056 65.4056 2 1 0
0.0225284 65.2169 65.2169 2 1 0
0.0225318 65.0283 65.0283 2 1 0
0.0225354 64.8397 64.8397 2 1 0
0.022539 64.6512 64.6512 2 1 0
0.0225427 64.4627 64.4627 2 1 0
0.0225465 64.2742 64.2742 2 1 0
0.0225503 64.0859 64.0859 2 1 0
0.0225543 63.8976 63.8976 2 1 0
0.0225583 63.7093 63.7093 2 1 0
0.0225624 63.5211 63.5211 2 1 0
0.0225666 63.3329 63.3329 2 1 0
0.0225708 63.1448 63.1448 2 1 0
0.0225752 62.9568 62.9568 2 1 0
0.0225796 62.7688 62.7688 2 1 0
0.0225841 62.5809 62.5809 2 1 0
0.0225887 62.393 62.393 2 1 0
0.0225934 62.2051 62.2051 2 1 0
0.0225982 62.0174 62.0174 2 1 0
0.022603 61.8296 61.8296 2 1 0
0.022608 61.642 61.642 2 1 0
0.022613 61.4544 61.4544 2 1 0
0.0226181 61.2668 61.2668 2 1 0
0.0226233 61.0793 61.0793 2 1 0
0.0226286 60.8919 60.8919 2 1 0
0.022634 60.7045 60.7045 2 1 0
0.0226395 60.5172 60.5172 2 1 0
0.022645 60.3299 60.3299 2 1 0
0.0226507 60.1427 60.1427 2 1 0
0.0226564 59.9555 59.9555 2 1 0
0.0226623 59.7684 59.7684 2 1 0
0.0226682 59.5814 59.5814 2 1 0
0.0226742 59.3944 59.3944 2 1 0
0.0226804 59.2074 59.2074 2 1 0
0.0226866 59.0206 59.0206 2 1 0
0.0226929 58.8337 58.8337 2 1 0
0.0226993 58.647 58.647 2 1 0
0.0227058 58.4603 58.4603 2 1 0
0.0227124 58.2736 58.2736 2 1 0
0.0227192 58.087 58.087 2 1 0
0.022726 57.9005 57.9005 2 1 0
0.0227329 57.714 57.714 2 1 0
0.0227399 57.5276 57.5276 2 1 0
0.022747 57.3413 57.3413 2 1 0
0.0227543 57.155 57.155 2 1 0
0.0227616 56.9687 56.9687 2 1 0
0.022769 56.7825 56.7825 2 1 0
0.0227766 56.5964 56.5964 2 1 0
0.0227842 56.4104 56.4104 2 1 0
0.022792 56.2244 56.2244 2 1 0
0.0227999 56.0384 56.0384 2 1 0
0.0228078 55.8525 55.8525 2 1 0
0.0228159 55.6667 55.6667 2 1 0
0.0228241 55.4809 55.4809 2 1 0
0.0228325 55.2952 55.2952 2 1 0
0.0228409 55.1096 55.1096 2 1 0
0.0228494 54.924 54.924 2 1 0
0.0228581 54.7385 54.7385 2 1 0
0.0228669 54.553 54.553 2 1 0
0.0228758 54.3676 54.3676 2 1 0
0.0228848 54.1823 54.1823 2 1 0
0.0228939 53.997 53.997 2 1 0
0.0229032 53.8118 53.8118 2 1 0
0.0229125 53.6266 53.6266 2 1 0
0.022922 53.4415 53.4415 2 1 0
0.0229317 53.2565 53.2565 2 1 0
0.0229414 53.0715 53.0715 2 1 0
0.0229513 52.8866 52.8866 2 1 0
0.0229613 52.7018 52.7018 2 1 0
0.0229714 52.517 52.517 2 1 0
0.0229817 52.3322 52.3322 2 1 0
0.022992 52.1476 52.1476 2 1 0
0.0230026 51.963 51.963 2 1 0
0.0230132 51.7784 51.7784 2 1 0
0.023024 51.594 51.594 2 1 0
0.0230349 51.4096 51.4096 2 1 0
0.023046 51.2252 51.2252 2 1 0
0.0230572 51.0409 51.0409 2 1 0
0.0230685 50.8567 50.8567 2 1 0
0.02308 50.6725 50.6725 2 1 0
0.0230916 50.4884 50.4884 2 1 0
0.0231034 50.3044 50.3044 2 1 0
0.0231153 50.1204 50.1204 2 1 0
0.0231273 49.9365 49.9365 2 1 0
0.0231395 49.7527 49.7527 2 1 0
0.0231518 49.5689 49.5689 2 1 0
0.0231643 49.3852 49.3852 2 1 0
0.023177 49.2016 49.2016 2 1 0
0.0231898 49.018 49.018 2 1 0
0.0232027 48.8345 48.8345 2 1 0
0.0232158 48.651 48.651 2 1 0
0.0232291 48.4676 48.4676 2 1 0
0.0232425 48.2843 48.2843 2 1 0
0.0232561 48.1011 48.1011 2 1 0
0.0232698 47.9179 47.9179 2 1 0
0.0232837 47.7348 47.7348 2 1 0
0.0232978 47.5517 47.5517 2 1 0
0.023312 47.3687 47.3687 2 1 0
0.0233264 47.1858 47.1858 2 1 0
0.023341 47.003 47.003 2 1 0
0.0233557 46.8202 46.8202 2 1 0
0.0233707 46.6374 46.6374 2 1 0
0.0233857 46.4548 46.4548 2 1 0
0.023401 46.2722 46.2722 2 1 0
0.0234165 46.0897 46.0897 2 1 0
0.0234321 45.9072 45.9072 2 1 0
0.0234479 45.7248 45.7248 2 1 0
0.0234639 45.5425 45.5425 2 1 0
0.02348 45.3603 45.3603 2 1 0
0.0234964 45.1781 45.1781 2 1 0
0.0235129 44.996 44.996 2 1 0
0.0235297 44.814 44.814 2 1 0
0.0235466 44.632 44.632 2 1 0
0.0235637 44.4501 44.4501 2 1 0
0.0235811 44.2682 44.2682 2 1 0
0.0235986 44.0865 44.0865 2 1 0
0.0236163 43.9048 43.9048 2 1 0
0.0236342 43.7232 43.7232 2 1 0
0.0236524 43.5416 43.5416 2 1 0
0.0236707 43.3601 43.3601 2 1 0
0.0236892 43.1787 43.1787 2 1 0
0.023708 42.9973 42.9973 2 1 0
0.023727 42.8161 42.8161 2 1 0
0.0237462 42.6349 42.6349 2 1 0
0.0237656 42.4537 42.4537 2 1 0
0.0237852 42.2727 42.2727 2 1 0
0.0238051 42.0917 42.0917 2 1 0
0.0238251 41.9108 41.9108 2 1 0
0.0238455 41.7299 41.7299 2 1 0
0.023866 41.5491 41.5491 2 1 0
0.0238868 41.3684 41.3684 2 1 0
0.0239078 41.1878 41.1878 2 1 0
0.023929 41.0072 41.0072 2 1 0
0.0239505 40.8267 40.8267 2 1 0
0.0239723 40.6463 40.6463 2 1 0
0.0239943 40.466 40.466 2 1 0
0.0240165 40.2857 40.2857 2 1 0
0.024039 40.1055 40.1055 2 1 0
0.0240617 39.9254 39.9254 2 1 0
0.0240847 39.7454 39.7454 2 1 0
0.024108 39.5654 39.5654 2 1 0
0.0241315 39.3855 39.3855 2 1 0
0.0241553 39.2057 39.2057 2 1 0
0.0241794 39.0259 39.0259 2 1 0
0.0242037 38.8462 38.8462 2 1 0
0.0242284 38.6666 38.6666 2 1 0
0.0242533 38.4871 38.4871 2 1 0
0.0242785 38.3076 38.3076 2 1 0
0.0243039 38.1283 38.1283 2 1 0
0.0243297 37.949 37.949 2 1 0
0.0243558 37.7697 37.7697 2 1 0
0.0243821 37.5906 37.5906 2 1 0
0.0244088 37.4115 37.4115 2 1 0
0.0244358 37.2325 37.2325 2 1 0
0.024463 37.0536 37.0536 2 1 0
0.0244906 36.8748 36.8748 2 1 0
0.0245185 36.696 36.696 2 1 0
0.0245468 36.5173 36.5173 2 1 0
0.0245753 36.3387 36.3387 2 1 0
0.0246042 36.1602 36.1602 2 1 0
0.0246334 35.9817 35.9817 2 1 0
0.024663 35.8034 35.8034 2 1 0
0.0246929 35.6251 35.6251 2 1 0
0.0247232 35.4468 35.4468 2 1 0
0.0247538 35.2687 35.2687 2 1 0
0.0247847 35.0906 35.0906 2 1 0
0.024816 34.9127 34.9127 2 1 0
0.0248477 34.7348 34.7348 2 1 0
0.0248798 34.557 34.557 2 1 0
0.0249122 34.3792 34.3792 2 1 0
0.024945 34.2016 34.2016 2 1 0
0.0249782 34.024 34.024 2 1 0
0.0250118 33.8465 33.8465 2 1 0
0.0250458 33.6691 33.6691 2 1 0
0.0250802 33.4917 33.4917 2 1 0
0.025115 33.3145 33.3145 2 1 0
0.0251502 33.1373 33.1373 2 1 0
0.0251858 32.9602 32.9602 2 1 0
0.0252218 32.7832 32.7832 2 1 0
0.0252583 32.6063 32.6063 2 1 0
0.0252952 32.4295 32.4295 2 1 0
0.0253326 32.2527 32.2527 2 1 0
0.0253704 32.0761 32.0761 2 1 0
0.0254086 31.8995 31.8995 2 1 0
0.0254473 31.723 31.723 2 1 0
0.0254865 31.5466 31.5466 2 1 0
0.0255262 31.3702 31.3702 2 1 0
0.0255663 31.194 31.194 2 1 0
0.025607 31.0178 31.0178 2 1 0
0.0256481 30.8418 30.8418 2 1 0
0.0256897 30.6658 30.6658 2 1 0
0.0257318 30.4899 30.4899 2 1 0
0.0257745 30.3141 30.3141 2 1 0
0.0258177 30.1384 30.1384 2 1 0
0.0258614 29.9627 29.9627 2 1 0
0.0259057 29.7872 29.7872 2 1 0
0.0259505 29.6117 29.6117 2 1 0
0.0259958 29.4364 29.4364 2 1 0
0.0260418 29.2611 29.2611 2 1 0
0.0260883 29.0859 29.0859 2 1 0
0.0261354 28.9108 28.9108 2 1 0
0.0261831 28.7358 28.7358 2 1 0
0.0262314 28.5608 28.5608 2 1 0
0.0262803 28.386 28.386 2 1 0
0.0263298 28.2113 28.2113 2 1 0
0.02638 28.0366 28.0366 2 1 0
0.0264308 27.8621 27.8621 2 1 0
0.0264823 27.6876 27.6876 2 1 0
0.0265344 27.5132 27.5132 2 1 0
0.0265872 27.339 27.339 2 1 0
0.0266407 27.1648 27.1648 2 1 0
0.0266948 26.9907 26.9907 2 1 0
0.0267497 26.8167 26.8167 2 1 0
0.0268054 26.6428 26.6428 2 1 0
0.0268617 26.469 26.469 2 1 0
0.0269188 26.2953 26.2953 2 1 0
0.0269767 26.1217 26.1217 2 1 0
0.0270353 25.9482 25.9482 2 1 0
0.0270947 25.7748 25.7748 2 1 0
0.0271549 25.6015 25.6015 2 1 0
0.0272159 25.4282 25.4282 2 1 0
0.0272778 25.2551 25.2551 2 1 0
0.0273405 25.0821 25.0821 2 1 0
0.027404 24.9092 24.9092 2 1 0
0.0274684 24.7364 24.7364 2 1 0
0.0275337 24.5636 24.5636 2 1 0
0.0276 24.391 24.391 2 1 0
0.0276671 24.2185 24.2185 2 1 0
0.0277352 24.0461 24.0461 2 1 0
0.0278042 23.8738 23.8738 2 1 0
0.0278742 23.7016 23.7016 2 1 0
0.0279452 23.5295 23.5295 2 1 0
0.0280172 23.3575 23.3575 2 1 0
0.0280902 23.1856 23.1856 2 1 0
0.0281643 23.0138 23.0138 2 1 0
0.0282394 22.8422 22.8422 2 1 0
0.0283156 22.6706 22.6706 2 1 0
0.028393 22.4991 22.4991 2 1 0
0.0284715 22.3278 22.3278 2 1 0
0.0285511 22.1566 22.1566 2 1 0
0.0286319 21.9854 21.9854 2 1 0
0.0287139 21.8144 21.8144 2 1 0
0.0287971 21.6435 21.6435 2 1 0
0.0288816 21.4727 21.4727 2 1 0
0.0289674 21.302 21.302 2 1 0
0.0290545 21.1315 21.1315 2 1 0
0.0291429 20.961 20.961 2 1 0
0.0292326 20.7907 20.7907 2 1 0
0.0293238 20.6205 20.6205 2 1 0
0.0294163 20.4504 20.4504 2 1 0
0.0295103 20.2804 20.2804 2 1 0
0.0296058 20.1105 20.1105 2 1 0
0.0297028 19.9408 19.9408 2 1 0
0.0298013 19.7712 19.7712 2 1 0
0.0299014 19.6017 19.6017 2 1 0
0.0300031 19.4323 19.4323 2 1 0
0.0301065 19.2631 19.2631 2 1 0
0.0302116 19.094 19.094 2 1 0
0.0303183 18.925 18.925 2 1 0
0.0304269 18.7561 18.7561 2 1 0
0.0305372 18.5874 18.5874 2 1 0
0.0306494 18.4188 18.4188 2 1 0
0.0307635 18.2503 18.2503 2 1 0
0.0308795 18.0819 18.0819 2 1 0
0.0309975 17.9137 17.9137 2 1 0
0.0311175 17.7457 17.7457 2 1 0
0.0312396 17.5777 17.5777 2 1 0
0.0313638 17.4099 17.4099 2 1 0
0.0314902 17.2423 17.2423 2 1 0
0.0316188 17.0747 17.0747 2 1 0
0.0317497 16.9074 16.9074 2 1 0
0.031883 16.7401 16.7401 2 1 0
0.0320187 16.573 16.573 2 1 0
0.0321568 16.4061 16.4061 2 1 0
0.0322975 16.2393 16.2393 2 1 0
0.0324408 16.0727 16.0727 2 1 0
0.0325867 15.9062 15.9062 2 1 0
0.0327354 15.7398 15.7398 2 1 0
0.0328869 15.5737 15.5737 2 1 0
0.0330413 15.4076 15.4076 2 1 0
0.0331986 15.2418 15.2418 2 1 0
0.033359 15.0761 15.0761 2 1 0
0.0335225 14.9105 14.9105 2 1 0
0.0336893 14.7451 14.7451 2 1 0
0.0338594 14.5799 14.5799 2 1 0
0.0340329 14.4149 14.4149 2 1 0
0.0342099 14.25 14.25 2 1 0
0.0343905 14.0853 14.0853 2 1 0
0.0345748 13.9208 13.9208 2 1 0
0.0347629 13.7565 13.7565 2 1 0
0.034955 13.5923 13.5923 2 1 0
0.0351512 13.4284 13.4284 2 1 0
0.0353516 13.2646 13.2646 2 1 0
0.0355562 13.101 13.101 2 1 0
0.0357654 12.9376 12.9376 2 1 0
0.0359791 12.7744 12.7744 2 1 0
0.0361976 12.6114 12.6114 2 1 0
0.036421 12.4486 12.4486 2 1 0
0.0366494 12.286 12.286 2 1 0
0.0368831 12.1237 12.1237 2 1 0
0.0371221 11.9615 11.9615 2 1 0
0.0373668 11.7996 11.7996 2 1 0
0.0376172 11.6379 11.6379 2 1 0
0.0378736 11.4764 11.4764 2 1 0
0.0381362 11.3151 11.3151 2 1 0
0.0384052 11.1541 11.1541 2 1 0
0.0386809 10.9933 10.9933 2 1 0
0.0389634 10.8328 10.8328 2 1 0
0.0392531 10.6725 10.6725 2 1 0
0.0395501 10.5124 10.5124 2 1 0
0.0398549 10.3527 10.3527 2 1 0
0.0401676 10.1932 10.1932 2 1 0
0.0404885 10.0339 10.0339 2 1 0
0.0408181 9.87498 9.87498 2 1 0
0.0411566 9.71631 9.71631 2 1 0
0.0415045 9.55794 9.55794 2 1 0
0.0418619 9.39986 9.39986 2 1 0
0.0422295 9.2421 9.2421 2 1 0
0.0426076 9.08464 9.08464 2 1 0
0.0429966 8.92751 8.92751 2 1 0
0.043397 8.77072 8.77072 2 1 0
0.0438093 8.61426 8.61426 2 1 0
0.044234 8.45815 8.45815 2 1 0
0.0446717 8.3024 8.3024 2 1 0
0.045123 8.14702 8.14702 2 1 0
0.0455885 7.99202 7.99202 2 1 0
0.0460689 7.83741 7.83741 2 1 0
0.0465648 7.6832 7.6832 2 1 0
0.047077 7.52941 7.52941 2 1 0
0.0476063 7.37604 7.37604 2 1 0
0.0481535 7.22312 7.22312 2 1 0
0.0487196 7.07065 7.07065 2 1 0
0.0493056 6.91865 6.91865 2 1 0
0.0499123 6.76714 6.76714 2 1 0
0.050541 6.61613 6.61613 2 1 0
0.0511928 6.46564 6.46564 2 1 0
0.051869 6.31569 6.31569 2 1 0
0.0525709 6.16629 6.16629 2 1 0
0.0532999 6.01748 6.01748 2 1 0
0.0540577 5.86926 5.86926 2 1 0
0.0548459 5.72167 5.72167 2 1 0
0.0556662 5.57473 5.57473 2 1 0
0.0565207 5.42845 5.42845 2 1 0
0.0574113 5.28288 5.28288 2 1 0
0.0583405 5.13803 5.13803 2 1 0
0.0593105 4.99395 4.99395 2 1 0
0.0603241 4.85065 4.85065 2 1 0
0.0613842 4.70818 4.70818 2 1 0
0.0624937 4.56656 4.56656 2 1 0
0.0636562 4.42585 4.42585 2 1 0
0.0648753 4.28607 4.28607 2 1 0
0.066155 4.14727 4.14727 2 1 0
0.0674997 4.0095 4.0095 2 1 0
0.0689142 3.8728 3.8728 2 1 0
0.0704038 3.73723 3.73723 2 1 0
0.0719742 3.60283 3.60283 2 1 0
0.0736316 3.46967 3.46967 2 1 0
0.0753832 3.3378 3.3378 2 1 0
0.0772365 3.2073 3.2073 2 1 0
0.0791997 3.07823 3.07823 2 1 0
0.0812825 2.95065 2.95065 2 1 0
0.0834951 2.82465 2.82465 2 1 0
0.085849 2.70031 2.70031 2 1 0
0.088357 2.57769 2.57769 2 1 0
0.0910332 2.4569 2.4569 2 1 0
0.0938936 2.33802 2.33802 2 1 0
0.0969557 2.22115 2.22115 2 1 0
0.100239 2.10638 2.10638 2 1 0
0.103767 1.99383 1.99383 2 1 0
0.107563 1.88358 1.88358 2 1 0
0.111657 1.77576 1.77576 2 1 0
0.116079 1.67048 1.67048 2 1 0
0.120867 1.56784 1.56784 2 1 0
0.12606 1.46796 1.46796 2 1 0
0.131706 1.37095 1.37095 2 1 0
0.137859 1.27693 1.27693 2 1 0
0.144578 1.186 1.186 2 1 0
0.151935 1.09827 1.09827 2 1 0
0.151935 1.09827 1.09827 2 1 0
0.152553 1.09139 1.09139 2 1 0
0.153176 1.08453 1.08453 2 1 0
0.154437 1.07088 1.07088 2 1 0
0.157015 1.04384 1.04384 2 1 0
0.162412 0.990796 0.990796 2 1 0
0.171164 0.913857 0.913857 2 1 0
0.181212 0.837137 0.837137 2 1 0
0.192344 0.763984 0.763984 2 1 0
0.204715 0.694456 0.694456 2 1 0
0.21851 0.628601 0.628601 2 1 0
0.233946 0.566449 0.566449 2 1 0
0.251287 0.508016 0.508016 2 1 0
0.270848 0.453301 0.453301 2 1 0
0.293011 0.402286 0.402286 2 1 0
0.318243 0.354938 0.354938 2 1 0
0.347119 0.311205 0.311205 2 1 0
0.380352 0.271019 0.271019 2 1 0
0.418837 0.234297 0.234297 2 1 0
0.463701 0.200944 0.200944 2 1 0
0.516383 0.170848 0.170848 2 1 0
0.578727 0.14389 0.14389 2 1 0
0.653119 0.11994 0.11994 2 1 0
0.74265 0.0988601 0.0988601 2 1 0
0.851311 0.0805087 0.0805087 2 1 0
0.984173 0.0647407 0.0647407 2 1 0
1.14743 0.0514083 0.0514083 2 1 0
