0.03 15 15 2 1 0
0.0300014 15 15 1 1 0
0.0300029 15 15 1 1 0
0.0300058 15 15 1 1 0
0.0300115 15 15 1 1 0
0.0300231 15 15 1 1 0
0.0300412 15 15 1 1 0
0.0300593 15 15 1 1 0
0.0300774 15 15 1 1 0
0.0300955 15 15 1 1 0
0.0301137 15 15 1 1 0
0.0301319 15 15 1 1 0
0.0301501 15 15 1 1 0
0.0301683 15 15 1 1 0
0.0301866 15 15 1 1 0
0.0302048 15 15 1 1 0
0.0302231 15 15 1 1 0
0.0302414 15 15 1 1 0
0.0302598 15 15 1 1 0
0.0302781 15 15 1 1 0
0.0302965 15 15 1 1 0
0.0303149 15 15 1 1 0
0.0303334 15 15 1 1 0
0.0303518 15 15 1 1 0
0.0303703 15 15 1 1 0
0.0303888 15 15 1 1 0
0.0304073 15 15 1 1 0
0.0304259 15 15 1 1 0
0.0304445 15 15 1 1 0
0.030463 15 15 1 1 0
0.0304817 15 15 1 1 0
0.0305003 15 15 1 1 0
0.030519 15 15 1 1 0
0.0305377 15 15 1 1 0
0.0305564 15 15 1 1 0
0.0305751 15 15 1 1 0
0.0305939 15 15 1 1 0
0.0306126 15 15 1 1 0
0.0306314 15 15 1 1 0
0.0306503 15 15 1 1 0
0.0306691 15 15 1 1 0
0.030688 15 15 1 1 0
0.0307069 15 15 1 1 0
0.0307258 15 15 1 1 0
0.0307448 15 15 1 1 0
0.0307637 15 15 1 1 0
0.0307827 15 15 1 1 0
0.0308017 15 15 1 1 0
0.0308208 15 15 1 1 0
0.0308399 15 15 1 1 0
0.0308589 15 15 1 1 0
0.0308781 15 15 1 1 0
0.0308972 15 15 1 1 0
0.0309164 15 15 1 1 0
0.0309356 15 15 1 1 0
0.0309548 15 15 1 1 0
0.030974 15 15 1 1 0
0.0309933 15 15 1 1 0
0.0310126 15 15 1 1 0
0.0310319 15 15 1 1 0
0.0310512 15 15 1 1 0
0.0310706 15 15 1 1 0
0.0310899 15 15 1 1 0
0.0311094 15 15 1 1 0
0.0311288 15 15 1 1 0
0.0311483 15 15 1 1 0
0.0311677 15 15 1 1 0
0.0311872 15 15 1 1 0
0.0312068 15 15 1 1 0
0.0312263 15 15 1 1 0
0.0312459 15 15 1 1 0
0.0312655 15 15 1 1 0
0.0312852 15 15 1 1 0
0.0313048 15 15 1 1 0
0.0313245 15 15 1 1 0
0.0313442 15 15 1 1 0
0.031364 15 15 1 1 0
0.0313838 15 15 1 1 0
0.0314035 15 15 1 1 0
0.0314234 15 15 1 1 0
0.0314432 15 15 1 1 0
0.0314631 15 15 1 1 0
0.031483 15 15 1 1 0
0.0315029 15 15 1 1 0
0.0315228 15 15 1 1 0
0.0315428 15 15 1 1 0
0.0315628 15 15 1 1 0
0.0315828 15 15 1 1 0
0.0316029 15 15 1 1 0
0.031623 15 15 1 1 0
0.0316431 15 15 1 1 0
0.0316632 15 15 1 1 0
0.0316834 15 15 1 1 0
0.0317035 15 15 1 1 0
0.0317238 15 15 1 1 0
0.031744 15 15 1 1 0
0.0317643 15 15 1 1 0
0.0317845 15 15 1 1 0
0.0318049 15 15 1 1 0
0.0318252 15 15 1 1 0
0.0318456 15 15 1 1 0
0.031866 15 15 1 1 0
0.0318864 15 15 1 1 0
0.0319069 15 15 1 1 0
0.0319274 15 15 1 1 0
0.0319479 15 15 1 1 0
0.0319684 15 15 1 1 0
0.031989 15 15 1 1 0
0.0320096 15 15 1 1 0
0.0320302 15 15 1 1 0
0.0320508 15 15 1 1 0
0.0320715 15 15 1 1 0
0.0320922 15 15 1 1 0
0.032113 15 15 1 1 0
0.0321337 15 15 1 1 0
0.0321545 15 15 1 1 0
0.0321753 15 15 1 1 0
0.0321962 15 15 1 1 0
0.032217 15 15 1 1 0
0.032238 15 15 1 1 0
0.0322589 15 15 1 1 0
0.0322798 15 15 1 1 0
0.0323008 15 15 1 1 0
0.0323219 15 15 1 1 0
0.0323429 15 15 1 1 0
0.032364 15 15 1 1 0
0.0323851 15 15 1 1 0
0.0324062 15 15 1 1 0
0.0324274 15 15 1 1 0
0.0324486 15 15 1 1 0
0.0324698 15 15 1 1 0
0.0324911 15 15 1 1 0
0.0325123 15 15 1 1 0
0.0325337 15 15 1 1 0
0.032555 15 15 1 1 0
0.0325764 15 15 1 1 0
0.0325978 15 15 1 1 0
0.0326192 15 15 1 1 0
0.0326407 15 15 1 1 0
0.0326621 15 15 1 1 0
0.0326837 15 15 1 1 0
0.0327052 15 15 1 1 0
0.0327268 15 15 1 1 0
0.0327484 15 15 1 1 0
0.0327701 15 15 1 1 0
0.0327917 15 15 1 1 0
0.0328134 15 15 1 1 0
0.0328352 15 15 1 1 0
0.0328569 15 15 1 1 0
0.0328787 15 15 1 1 0
0.0329006 15 15 1 1 0
0.0329224 15 15 1 1 0
0.0329443 15 15 1 1 0
0.0329662 15 15 1 1 0
0.0329882 15 15 1 1 0
0.0330102 15 15 1 1 0
0.0330322 15 15 1 1 0
0.0330542 15 15 1 1 0
0.0330763 15 15 1 1 0
0.0330984 15 15 1 1 0
0.0331206 15 15 1 1 0
0.0331428 15 15 1 1 0
0.033165 15 15 1 1 0
0.0331872 15 15 1 1 0
0.0332095 15 15 1 1 0
0.0332318 15 15 1 1 0
0.0332541 15 15 1 1 0
0.0332765 15 15 1 1 0
0.0332989 15 15 1 1 0
0.0333213 15 15 1 1 0
0.0333438 15 15 1 1 0
0.0333663 15 15 1 1 0
0.0333888 15 15 1 1 0
0.0334114 15 15 1 1 0
0.033434 15 15 1 1 0
0.0334566 15 15 1 1 0
0.0334793 15 15 1 1 0
0.033502 15 15 1 1 0
0.0335248 15 15 1 1 0
0.0335475 15 15 1 1 0
0.0335703 15 15 1 1 0
0.0335932 15 15 1 1 0
0.033616 15 15 1 1 0
0.0336389 15 15 1 1 0
0.0336619 15 15 1 1 0
0.0336849 15 15 1 1 0
0.0337079 15 15 1 1 0
0.0337309 15 15 1 1 0
0.033754 15 15 1 1 0
0.0337771 15 15 1 1 0
0.0338002 15 15 1 1 0
0.0338234 15 15 1 1 0
0.0338466 15 15 1 1 0
0.0338699 15 15 1 1 0
0.0338932 15 15 1 1 0
0.0339165 15 15 1 1 0
0.0339399 15 15 1 1 0
0.0339633 15 15 1 1 0
0.0339867 15 15 1 1 0
0.0340102 15 15 1 1 0
0.0340337 15 15 1 1 0
0.0340572 15 15 1 1 0
0.0340808 15 15 1 1 0
0.0341044 15 15 1 1 0
0.034128 15 15 1 1 0
0.0341517 15 15 1 1 0
0.0341755 15 15 1 1 0
0.0341992 15 15 1 1 0
0.034223 15 15 1 1 0
0.0342468 15 15 1 1 0
0.0342707 15 15 1 1 0
0.0342946 15 15 1 1 0
0.0343186 15 15 1 1 0
0.0343425 15 15 1 1 0
0.0343666 15 15 1 1 0
0.0343906 15 15 1 1 0
0.0344147 15 15 1 1 0
0.0344389 15 15 1 1 0
0.034463 15 15 1 1 0
0.0344872 15 15 1 1 0
0.0345115 15 15 1 1 0
0.0345358 15 15 1 1 0
0.0345601 15 15 1 1 0
0.0345845 15 15 1 1 0
0.0346089 15 15 1 1 0
0.0346333 15 15 1 1 0
0.0346578 15 15 1 1 0
0.0346823 15 15 1 1 0
0.0347069 15 15 1 1 0
0.0347315 15 15 1 1 0
0.0347561 15 15 1 1 0
0.0347808 15 15 1 1 0
0.0348055 15 15 1 1 0
0.0348302 15 15 1 1 0
0.034855 15 15 1 1 0
0.0348799 15 15 1 1 0
0.0349048 15 15 1 1 0
0.0349297 15 15 1 1 0
0.0349546 15 15 1 1 0
0.0349796 15 15 1 1 0
0.0350047 15 15 1 1 0
0.0350298 15 15 1 1 0
0.0350549 15 15 1 1 0
0.0350801 15 15 1 1 0
0.0351053 15 15 1 1 0
0.0351305 15 15 1 1 0
0.0351558 15 15 1 1 0
0.0351811 15 15 1 1 0
0.0352065 15 15 1 1 0
0.0352319 15 15 1 1 0
0.0352574 15 15 1 1 0
0.0352829 15 15 1 1 0
0.0353084 15 15 1 1 0
0.035334 15 15 1 1 0
0.0353596 15 15 1 1 0
0.0353853 15 15 1 1 0
0.035411 15 15 1 1 0
0.0354368 15 15 1 1 0
0.0354626 15 15 1 1 0
0.0354884 15 15 1 1 0
0.0355143 15 15 1 1 0
0.0355402 15 15 1 1 0
0.0355662 15 15 1 1 0
0.0355922 15 15 1 1 0
0.0356183 15 15 1 1 0
0.0356444 15 15 1 1 0
0.0356706 15 15 1 1 0
0.0356968 15 15 1 1 0
0.035723 15 15 1 1 0
0.0357493 15 15 1 1 0
0.0357756 15 15 1 1 0
0.035802 15 15 1 1 0
0.0358284 15 15 1 1 0
0.0358549 15 15 1 1 0
0.0358814 15 15 1 1 0
0.035908 15 15 1 1 0
0.0359346 15 15 1 1 0
0.0359612 15 15 1 1 0
0.0359879 15 15 1 1 0
0.0360147 15 15 1 1 0
0.0360415 15 15 1 1 0
0.0360683 15 15 1 1 0
0.0360952 15 15 1 1 0
0.0361221 15 15 1 1 0
0.0361491 15 15 1 1 0
0.0361762 15 15 1 1 0
0.0362032 15 15 1 1 0
0.0362304 15 15 1 1 0
0.0362575 15 15 1 1 0
0.0362848 15 15 1 1 0
0.036312 15 15 1 1 0
0.0363393 15 15 1 1 0
0.0363667 15 15 1 1 0
0.0363941 15 15 1 1 0
0.0364216 15 15 1 1 0
0.0364491 15 15 1 1 0
0.0364767 15 15 1 1 0
0.0365043 15 15 1 1 0
0.036532 15 15 1 1 0
0.0365597 15 15 1 1 0
0.0365874 15 15 1 1 0
0.0366152 15 15 1 1 0
0.0366431 15 15 1 1 0
0.036671 15 15 1 1 0
0.036699 15 15 1 1 0
0.036727 15 15 1 1 0
0.0367551 15 15 1 1 0
0.0367832 15 15 1 1 0
0.0368114 15 15 1 1 0
0.0368396 15 15 1 1 0
0.0368679 15 15 1 1 0
0.0368962 15 15 1 1 0
0.0369246 15 15 1 1 0
0.036953 15 15 1 1 0
0.0369815 15 15 1 1 0
0.03701 15 15 1 1 0
0.0370386 15 15 1 1 0
0.0370673 15 15 1 1 0
0.037096 15 15 1 1 0
0.0371247 15 15 1 1 0
0.0371535 15 15 1 1 0
0.0371824 15 15 1 1 0
0.0372113 15 15 1 1 0
0.0372403 15 15 1 1 0
0.0372693 15 15 1 1 0
0.0372984 15 15 1 1 0
0.0373275 15 15 1 1 0
0.0373567 15 15 1 1 0
0.0373859 15 15 1 1 0
0.0374152 15 15 1 1 0
0.0374446 15 15 1 1 0
0.037474 15 15 1 1 0
0.0375035 15 15 1 1 0
0.037533 15 15 1 1 0
0.0375626 15 15 1 1 0
0.0375922 15 15 1 1 0
0.0376219 15 15 1 1 0
0.0376517 15 15 1 1 0
0.0376815 15 15 1 1 0
0.0377113 15 15 1 1 0
0.0377413 15 15 1 1 0
0.0377713 15 15 1 1 0
0.0378013 15 15 1 1 0
0.0378314 15 15 1 1 0
0.0378616 15 15 1 1 0
0.0378918 15 15 1 1 0
0.037922 15 15 1 1 0
0.0379524 15 15 1 1 0
0.0379828 15 15 1 1 0
0.0380132 15 15 1 1 0
0.0380437 15 15 1 1 0
0.0380743 15 15 1 1 0
0.038105 15 15 1 1 0
0.0381357 15 15 1 1 0
0.0381664 15 15 1 1 0
0.0381972 15 15 1 1 0
0.0382281 15 15 1 1 0
0.0382591 15 15 1 1 0
0.0382901 15 15 1 1 0
0.0383211 15 15 1 1 0
0.0383523 15 15 1 1 0
0.0383835 15 15 1 1 0
0.0384147 15 15 1 1 0
0.038446 15 15 1 1 0
0.0384774 15 15 1 1 0
0.0385089 15 15 1 1 0
0.0385404 15 15 1 1 0
0.0385719 15 15 1 1 0
0.0386036 15 15 1 1 0
0.0386353 15 15 1 1 0
0.038667 15 15 1 1 0
0.0386989 15 15 1 1 0
0.0387308 15 15 1 1 0
0.0387627 15 15 1 1 0
0.0387947 15 15 1 1 0
0.0388268 15 15 1 1 0
0.038859 15 15 1 1 0
0.0388912 15 15 1 1 0
0.0389235 15 15 1 1 0
0.0389559 15 15 1 1 0
0.0389883 15 15 1 1 0
0.0390208 15 15 1 1 0
0.0390534 15 15 1 1 0
0.039086 15 15 1 1 0
0.0391187 15 15 1 1 0
0.0391515 15 15 1 1 0
0.0391843 15 15 1 1 0
0.0392172 15 15 1 1 0
0.0392502 15 15 1 1 0
0.0392832 15 15 1 1 0
0.0393163 15 15 1 1 0
0.0393495 15 15 1 1 0
0.0393828 15 15 1 1 0
0.0394161 15 15 1 1 0
0.0394495 15 15 1 1 0
0.039483 15 15 1 1 0
0.0395165 15 15 1 1 0
0.0395501 15 15 1 1 0
0.0395838 15 15 1 1 0
0.0396175 15 15 1 1 0
0.0396514 15 15 1 1 0
0.0396853 15 15 1 1 0
0.0397192 15 15 1 1 0
0.0397533 15 15 1 1 0
0.0397874 15 15 1 1 0
0.0398216 15 15 1 1 0
0.0398559 15 15 1 1 0
0.0398902 15 15 1 1 0
0.0399246 15 15 1 1 0
0.0399591 15 15 1 1 0
0.0399937 15 15 1 1 0
0.0400283 15 15 1 1 0
0.040063 15 15 1 1 0
0.0400978 15 15 1 1 0
0.0401327 15 15 1 1 0
0.0401677 15 15 1 1 0
0.0402027 15 15 1 1 0
0.0402378 15 15 1 1 0
0.040273 15 15 1 1 0
0.0403082 15 15 1 1 0
0.0403436 15 15 1 1 0
0.040379 15 15 1 1 0
0.0404145 15 15 1 1 0
0.0404501 15 15 1 1 0
0.0404857 15 15 1 1 0
0.0405214 15 15 1 1 0
0.0405573 15 15 1 1 0
0.0405932 15 15 1 1 0
0.0406291 15 15 1 1 0
0.0406652 15 15 1 1 0
0.0407013 15 15 1 1 0
0.0407375 15 15 1 1 0
0.0407738 15 15 1 1 0
0.0408102 15 15 1 1 0
0.0408467 15 15 1 1 0
0.0408832 15 15 1 1 0
0.0409199 15 15 1 1 0
0.0409566 15 15 1 1 0
0.0409934 15 15 1 1 0
0.0410303 15 15 1 1 0
0.0410673 15 15 1 1 0
0.0411043 15 15 1 1 0
0.0411415 15 15 1 1 0
0.0411787 15 15 1 1 0
0.041216 15 15 1 1 0
0.0412534 15 15 1 1 0
0.0412909 15 15 1 1 0
0.0413285 15 15 1 1 0
0.0413661 15 15 1 1 0
0.0414039 15 15 1 1 0
0.0414417 15 15 1 1 0
0.0414796 15 15 1 1 0
0.0415176 15 15 1 1 0
0.0415557 15 15 1 1 0
0.0415939 15 15 1 1 0
0.0416322 15 15 1 1 0
0.0416706 15 15 1 1 0
0.0417091 15 15 1 1 0
0.0417476 15 15 1 1 0
0.0417863 15 15 1 1 0
0.041825 15 15 1 1 0
0.0418638 15 15 1 1 0
0.0419027 15 15 1 1 0
0.0419418 15 15 1 1 0
0.0419809 15 15 1 1 0
0.0420201 15 15 1 1 0
0.0420594 15 15 1 1 0
0.0420987 15 15 1 1 0
0.0421382 15 15 1 1 0
0.0421778 15 15 1 1 0
0.0422175 15 15 1 1 0
0.0422572 15 15 1 1 0
0.0422971 15 15 1 1 0
0.0423371 15 15 1 1 0
0.0423771 15 15 1 1 0
0.0424173 15 15 1 1 0
0.0424575 15 15 1 1 0
0.0424979 15 15 1 1 0
0.0425383 15 15 1 1 0
0.0425789 15 15 1 1 0
0.0426195 15 15 1 1 0
0.0426603 15 15 1 1 0
0.0427011 15 15 1 1 0
0.0427421 15 15 1 1 0
0.0427831 15 15 1 1 0
0.0428243 15 15 1 1 0
0.0428655 15 15 1 1 0
0.0429068 15 15 1 1 0
0.0429483 15 15 1 1 0
0.0429899 15 15 1 1 0
0.0430315 15 15 1 1 0
0.0430733 15 15 1 1 0
0.0431151 15 15 1 1 0
0.0431571 15 15 1 1 0
0.0431992 15 15 1 1 0
0.0432414 15 15 1 1 0
0.0432836 15 15 1 1 0
0.043326 15 15 1 1 0
0.0433685 15 15 1 1 0
0.0434111 15 15 1 1 0
0.0434538 15 15 1 1 0
0.0434966 15 15 1 1 0
0.0435396 15 15 1 1 0
0.0435826 15 15 1 1 0
0.0436257 15 15 1 1 0
0.043669 15 15 1 1 0
0.0437124 15 15 1 1 0
0.0437558 15 15 1 1 0
0.0437994 15 15 1 1 0
0.0438431 15 15 1 1 0
0.0438869 15 15 1 1 0
0.0439308 15 15 1 1 0
0.0439748 15 15 1 1 0
0.044019 15 15 1 1 0
0.0440632 15 15 1 1 0
0.0441076 15 15 1 1 0
0.0441521 15 15 1 1 0
0.0441966 15 15 1 1 0
0.0442414 15 15 1 1 0
0.0442862 15 15 1 1 0
0.0443311 15 15 1 1 0
0.0443762 15 15 1 1 0
0.0444213 15 15 1 1 0
0.0444666 15 15 1 1 0
0.044512 15 15 1 1 0
0.0445575 15 15 1 1 0
0.0446032 15 15 1 1 0
0.0446489 15 15 1 1 0
0.0446948 15 15 1 1 0
0.0447408 15 15 1 1 0
0.0447869 15 15 1 1 0
0.0448331 15 15 1 1 0
0.0448795 15 15 1 1 0
0.044926 15 15 1 1 0
0.0449726 15 15 1 1 0
0.0450193 15 15 1 1 0
0.0450661 15 15 1 1 0
0.0451131 15 15 1 1 0
0.0451602 15 15 1 1 0
0.0452074 15 15 1 1 0
0.0452547 15 15 1 1 0
0.0453022 15 15 1 1 0
0.0453498 15 15 1 1 0
0.0453975 15 15 1 1 0
0.0454453 15 15 1 1 0
0.0454933 15 15 1 1 0
0.0455414 15 15 1 1 0
0.0455896 15 15 1 1 0
0.045638 15 15 1 1 0
0.0456864 15 15 1 1 0
0.045735 15 15 1 1 0
0.0457838 15 15 1 1 0
0.0458326 15 15 1 1 0
0.0458816 15 15 1 1 0
0.0459308 15 15 1 1 0
0.04598 15 15 1 1 0
0.0460294 15 15 1 1 0
0.0460789 15 15 1 1 0
0.0461286 15 15 1 1 0
0.0461783 15 15 1 1 0
0.0462283 15 15 1 1 0
0.0462783 15 15 1 1 0
0.0463285 15 15 1 1 0
0.0463788 15 15 1 1 0
0.0464293 15 15 1 1 0
0.0464799 15 15 1 1 0
0.0465306 15 15 1 1 0
0.0465815 15 15 1 1 0
0.0466325 15 15 1 1 0
0.0466836 15 15 1 1 0
0.0467349 15 15 1 1 0
0.0467863 15 15 1 1 0
0.0468378 15 15 1 1 0
0.0468895 15 15 1 1 0
0.0469414 15 15 1 1 0
0.0469933 15 15 1 1 0
0.0470455 15 15 1 1 0
0.0470977 15 15 1 1 0
0.0471501 15 15 1 1 0
0.0472026 15 15 1 1 0
0.0472553 15 15 1 1 0
0.0473082 15 15 1 1 0
0.0473611 15 15 1 1 0
0.0474142 15 15 1 1 0
0.0474675 15 15 1 1 0
0.0475209 15 15 1 1 0
0.0475744 15 15 1 1 0
0.0476281 15 15 1 1 0
0.047682 15 15 1 1 0
0.0477359 15 15 1 1 0
0.0477901 15 15 1 1 0
0.0478444 15 15 1 1 0
0.0478988 15 15 1 1 0
0.0479534 15 15 1 1 0
0.0480081 15 15 1 1 0
0.048063 15 15 1 1 0
0.048118 15 15 1 1 0
0.0481731 15 15 1 1 0
0.0482285 15 15 1 1 0
0.0482839 15 15 1 1 0
0.0483396 15 15 1 1 0
0.0483953 15 15 1 1 0
0.0484513 15 15 1 1 0
0.0485074 15 15 1 1 0
0.0485636 15 15 1 1 0
0.04862 15 15 1 1 0
0.0486765 15 15 1 1 0
0.0487332 15 15 1 1 0
0.0487901 15 15 1 1 0
0.0488471 15 15 1 1 0
0.0489043 15 15 1 1 0
0.0489616 15 15 1 1 0
0.049019 15 15 1 1 0
0.0490767 15 15 1 1 0
0.0491345 15 15 1 1 0
0.0491924 15 15 1 1 0
0.0492505 15 15 1 1 0
0.0493088 15 15 1 1 0
0.0493672 15 15 1 1 0
0.0494258 15 15 1 1 0
0.0494845 15 15 1 1 0
0.0495434 15 15 1 1 0
0.0496025 15 15 1 1 0
0.0496617 15 15 1 1 0
0.0497211 15 15 1 1 0
0.0497807 15 15 1 1 0
0.0498404 15 15 1 1 0
0.0499002 15 15 1 1 0
0.0499603 15 15 1 1 0
0.0500205 15 15 1 1 0
0.0500808 15 15 1 1 0
0.0501414 15 15 1 1 0
0.050202 15 15 1 1 0
0.0502629 15 15 1 1 0
0.0503239 15 15 1 1 0
0.0503851 15 15 1 1 0
0.0504464 15 15 1 1 0
0.050508 15 15 1 1 0
0.0505696 15 15 1 1 0
0.0506315 15 15 1 1 0
0.0506935 15 15 1 1 0
0.0507557 15 15 1 1 0
0.050818 15 15 1 1 0
0.0508805 15 15 1 1 0
0.0509432 15 15 1 1 0
0.0510061 15 15 1 1 0
0.0510691 15 15 1 1 0
0.0511323 15 15 1 1 0
0.0511957 15 15 1 1 0
0.0512592 15 15 1 1 0
0.0513229 15 15 1 1 0
0.0513867 15 15 1 1 0
0.0514508 15 15 1 1 0
0.051515 15 15 1 1 0
0.0515794 15 15 1 1 0
0.0516439 15 15 1 1 0
0.0517087 15 15 1 1 0
0.0517735 15 15 1 1 0
0.0518386 15 15 1 1 0
0.0519039 15 15 1 1 0
0.0519693 15 15 1 1 0
0.0520348 15 15 1 1 0
0.0521006 15 15 1 1 0
0.0521665 15 15 1 1 0
0.0522326 15 15 1 1 0
0.0522989 15 15 1 1 0
0.0523654 15 15 1 1 0
0.052432 15 15 1 1 0
0.0524988 15 15 1 1 0
0.0525657 15 15 1 1 0
0.0526329 15 15 1 1 0
0.0527002 15 15 1 1 0
0.0527677 15 15 1 1 0
0.0528354 15 15 1 1 0
0.0529032 15 15 1 1 0
0.0529712 15 15 1 1 0
0.0530394 15 15 1 1 0
0.0531078 15 15 1 1 0
0.0531763 15 15 1 1 0
0.0532451 15 15 1 1 0
0.0533139 15 15 1 1 0
0.053383 15 15 1 1 0
0.0534523 15 15 1 1 0
0.0535217 15 15 1 1 0
0.0535913 15 15 1 1 0
0.0536611 15 15 1 1 0
0.053731 15 15 1 1 0
0.0538011 15 15 1 1 0
0.0538714 15 15 1 1 0
0.0539419 15 15 1 1 0
0.0540126 15 15 1 1 0
0.0540834 15 15 1 1 0
0.0541544 15 15 1 1 0
0.0542256 15 15 1 1 0
0.0542969 15 15 1 1 0
0.0543685 15 15 1 1 0
0.0544402 15 15 1 1 0
0.0545121 15 15 1 1 0
0.0545841 15 15 1 1 0
0.0546564 15 15 1 1 0
0.0547288 15 15 1 1 0
0.0548014 15 15 1 1 0
0.0548741 15 15 1 1 0
0.0549471 15 15 1 1 0
0.0550202 15 15 1 1 0
0.0550935 15 15 1 1 0
0.0551669 15 15 1 1 0
0.0552406 15 15 1 1 0
0.0553144 15 15 1 1 0
0.0553884 15 15 1 1 0
0.0554626 15 15 1 1 0
0.0555369 15 15 1 1 0
0.0556114 15 15 1 1 0
0.0556861 15 15 1 1 0
0.055761 15 15 1 1 0
0.055836 15 15 1 1 0
0.0559113 15 15 1 1 0
0.0559866 15 15 1 1 0
0.0560622 15 15 1 1 0
0.0561379 15 15 1 1 0
0.0562139 15 15 1 1 0
0.0562899 15 15 1 1 0
0.0563662 15 15 1 1 0
0.0564426 15 15 1 1 0
0.0565192 15 15 1 1 0
0.056596 15 15 1 1 0
0.056673 15 15 1 1 0
0.0567501 15 15 1 1 0
0.0568274 15 15 1 1 0
0.0569048 15 15 1 1 0
0.0569825 15 15 1 1 0
0.0570603 15 15 1 1 0
0.0571382 15 15 1 1 0
0.0572164 15 15 1 1 0
0.0572947 15 15 1 1 0
0.0573732 15 15 1 1 0
0.0574518 15 15 1 1 0
0.0575306 15 15 1 1 0
0.0576096 15 15 1 1 0
0.0576888 15 15 1 1 0
0.0577681 15 15 1 1 0
0.0578476 15 15 1 1 0
0.0579272 15 15 1 1 0
0.0580071 15 15 1 1 0
0.058087 15 15 1 1 0
0.0581672 15 15 1 1 0
0.0582475 15 15 1 1 0
0.058328 15 15 1 1 0
0.0584086 15 15 1 1 0
0.0584895 15 15 1 1 0
0.0585704 15 15 1 1 0
0.0586516 15 15 1 1 0
0.0587329 15 15 1 1 0
0.0588143 15 15 1 1 0
0.058896 15 15 1 1 0
0.0589777 15 15 1 1 0
0.0590597 15 15 1 1 0
0.0591418 15 15 1 1 0
0.0592241 15 15 1 1 0
0.0593065 15 15 1 1 0
0.0593891 15 15 1 1 0
0.0594718 15 15 1 1 0
0.0595547 15 15 1 1 0
0.0596378 15 15 1 1 0
0.059721 15 15 1 1 0
0.0598044 15 15 1 1 0
0.0598879 15 15 1 1 0
0.0599716 15 15 1 1 0
0.0600554 15 15 1 1 0
0.0601394 15 15 1 1 0
0.0602235 15 15 1 1 0
0.0603078 15 15 1 1 0
0.0603923 15 15 1 1 0
0.0604769 15 15 1 1 0
0.0605616 15 15 1 1 0
0.0606465 15 15 1 1 0
0.0607316 15 15 1 1 0
0.0608167 15 15 1 1 0
0.0609021 15 15 1 1 0
0.0609876 15 15 1 1 0
0.0610732 15 15 1 1 0
0.061159 15 15 1 1 0
0.0612449 15 15 1 1 0
0.061331 15 15 1 1 0
0.0614173 15 15 1 1 0
0.0615036 15 15 1 1 0
0.0615901 15 15 1 1 0
0.0616768 15 15 1 1 0
0.0617636 15 15 1 1 0
0.0618505 15 15 1 1 0
0.0619376 15 15 1 1 0
0.0620248 15 15 1 1 0
0.0621122 15 15 1 1 0
0.0621997 15 15 1 1 0
0.0622873 15 15 1 1 0
0.0623751 15 15 1 1 0
0.062463 15 15 1 1 0
0.062551 15 15 1 1 0
0.0626392 15 15 1 1 0
0.0627275 15 15 1 1 0
0.062816 15 15 1 1 0
0.0629045 15 15 1 1 0
0.0629933 15 15 1 1 0
0.0630821 15 15 1 1 0
0.0631711 15 15 1 1 0
0.0632602 15 15 1 1 0
0.0633494 15 15 1 1 0
0.0634388 15 15 1 1 0
0.0635283 15 15 1 1 0
0.0636179 15 15 1 1 0
0.0637077 15 15 1 1 0
0.0637975 15 15 1 1 0
0.0638875 15 15 1 1 0
0.0639777 15 15 1 1 0
0.0640679 15 15 1 1 0
0.0641583 15 15 1 1 0
0.0642488 15 15 1 1 0
0.0643394 15 15 1 1 0
0.0644301 15 15 1 1 0
0.064521 15 15 1 1 0
0.064612 15 15 1 1 0
0.0647031 15 15 1 1 0
0.0647943 15 15 1 1 0
0.0648856 15 15 1 1 0
0.0649771 15 15 1 1 0
0.0650686 15 15 1 1 0
0.0651603 15 15 1 1 0
0.0652521 15 15 1 1 0
0.065344 15 15 1 1 0
0.0654361 15 15 1 1 0
0.0655282 15 15 1 1 0
0.0656204 15 15 1 1 0
0.0657128 15 15 1 1 0
0.0658053 15 15 1 1 0
0.0658978 15 15 1 1 0
0.0659905 15 15 1 1 0
0.0660833 15 15 1 1 0
0.0661762 15 15 1 1 0
0.0662692 15 15 1 1 0
0.0663623 15 15 1 1 0
0.0664556 15 15 1 1 0
0.0665489 15 15 1 1 0
0.0666423 15 15 1 1 0
0.0667358 15 15 1 1 0
0.0668295 15 15 1 1 0
0.0669232 15 15 1 1 0
0.0670171 15 15 1 1 0
0.067111 15 15 1 1 0
0.067205 15 15 1 1 0
0.0672992 15 15 1 1 0
0.0673934 15 15 1 1 0
0.0674877 15 15 1 1 0
0.0675821 15 15 1 1 0
0.0676767 15 15 1 1 0
0.0677713 15 15 1 1 0
0.067866 15 15 1 1 0
0.0679608 15 15 1 1 0
0.0680557 15 15 1 1 0
0.0681507 15 15 1 1 0
0.0682458 15 15 1 1 0
0.0683409 15 15 1 1 0
0.0684362 15 15 1 1 0
0.0685315 15 15 1 1 0
0.068627 15 15 1 1 0
0.0687225 15 15 1 1 0
0.0688181 15 15 1 1 0
0.0689138 15 15 1 1 0
0.0690096 15 15 1 1 0
0.0691055 15 15 1 1 0
0.0692015 15 15 1 1 0
0.0692975 15 15 1 1 0
0.0693936 15 15 1 1 0
0.0694899 15 15 1 1 0
0.0695861 15 15 1 1 0
0.0696825 15 15 1 1 0
0.069779 15 15 1 1 0
0.0698755 15 15 1 1 0
0.0699721 15 15 1 1 0
0.0700688 15 15 1 1 0
0.0701656 15 15 1 1 0
0.0702625 15 15 1 1 0
0.0703594 15 15 1 1 0
0.0704564 15 15 1 1 0
0.0705535 15 15 1 1 0
0.0706506 15 15 1 1 0
0.0707479 15 15 1 1 0
0.0708452 15 15 1 1 0
0.0709426 15 15 1 1 0
0.07104 15 15 1 1 0
0.0711375 15 15 1 1 0
0.0712351 15 15 1 1 0
0.0713328 15 15 1 1 0
0.0714305 15 15 1 1 0
0.0715283 15 15 1 1 0
0.0716262 15 15 1 1 0
0.0717242 15 15 1 1 0
0.0718222 15 15 1 1 0
0.0719203 15 15 1 1 0
0.0720184 15 15 1 1 0
0.0721166 15 15 1 1 0
0.0722149 15 15 1 1 0
0.0723133 15 15 1 1 0
0.0724117 15 15 1 1 0
0.0725102 15 15 1 1 0
0.0726087 15 15 1 1 0
0.0727073 15 15 1 1 0
0.072806 15 15 1 1 0
0.0729047 15 15 1 1 0
0.0730035 15 15 1 1 0
0.0731023 15 15 1 1 0
0.0732013 15 15 1 1 0
0.0733002 15 15 1 1 0
0.0733993 15 15 1 1 0
0.0734984 15 15 1 1 0
0.0735975 15 15 1 1 0
0.0736967 15 15 1 1 0
0.073796 15 15 1 1 0
0.0738953 15 15 1 1 0
0.0739947 15 15 1 1 0
0.0740941 15 15 1 1 0
0.0741936 15 15 1 1 0
0.0742931 15 15 1 1 0
0.0743927 15 15 1 1 0
0.0744924 15 15 1 1 0
0.0745921 15 15 1 1 0
0.0746919 15 15 1 1 0
0.0747917 15 15 1 1 0
0.0748915 15 15 1 1 0
0.0749914 15 15 1 1 0
0.0750914 15 15 1 1 0
0.0751914 15 15 1 1 0
0.0752915 15 15 1 1 0
0.0753916 15 15 1 1 0
0.0754918 15 15 1 1 0
0.075592 15 15 1 1 0
0.0756923 15 15 1 1 0
0.0757926 15 15 1 1 0
0.0758929 15 15 1 1 0
0.0759933 15 15 1 1 0
0.0760938 15 15 1 1 0
0.0761943 15 15 1 1 0
0.0762949 15 15 1 1 0
0.0763954 15 15 1 1 0
0.0764961 15 15 1 1 0
0.0765968 15 15 1 1 0
0.0766975 15 15 1 1 0
0.0767983 15 15 1 1 0
0.0768991 15 15 1 1 0
0.0769999 15 15 1 1 0
0.0771008 15 15 1 1 0
0.0772018 15 15 1 1 0
0.0773028 15 15 1 1 0
0.0774038 15 15 1 1 0
0.0775049 15 15 1 1 0
0.077606 15 15 1 1 0
0.0777071 15 15 1 1 0
0.0778083 15 15 1 1 0
0.0779095 15 15 1 1 0
0.0780108 15 15 1 1 0
0.0781121 15 15 1 1 0
0.0782134 15 15 1 1 0
0.0783148 15 15 1 1 0
0.0784162 15 15 1 1 0
0.0785177 15 15 1 1 0
0.0786192 15 15 1 1 0
0.0787207 15 15 1 1 0
0.0788223 15 15 1 1 0
0.0789239 15 15 1 1 0
0.0790256 15 15 1 1 0
0.0791272 15 15 1 1 0
0.0792289 15 15 1 1 0
0.0793307 15 15 1 1 0
0.0794325 15 15 1 1 0
0.0795343 15 15 1 1 0
0.0796361 15 15 1 1 0
0.079738 15 15 1 1 0
0.0798399 15 15 1 1 0
0.0799419 15 15 1 1 0
0.0800439 15 15 1 1 0
0.0801459 15 15 1 1 0
0.0802479 15 15 1 1 0
0.08035 15 15 1 1 0
0.0804521 15 15 1 1 0
0.0805543 15 15 1 1 0
0.0806565 15 15 1 1 0
0.0807587 15 15 1 1 0
0.0808609 15 15 1 1 0
0.0809632 15 15 1 1 0
0.0810655 15 15 1 1 0
0.0811678 15 15 1 1 0
0.0812701 15 15 1 1 0
0.0813725 15 15 1 1 0
0.0814749 15 15 1 1 0
0.0815774 15 15 1 1 0
0.0816798 15 15 1 1 0
0.0817823 15 15 1 1 0
0.0818849 15 15 1 1 0
0.0819874 15 15 1 1 0
0.08209 15 15 1 1 0
0.0821926 15 15 1 1 0
0.0822952 15 15 1 1 0
0.0823979 15 15 1 1 0
0.0825006 15 15 1 1 0
0.0826033 15 15 1 1 0
0.082706 15 15 1 1 0
0.0828088 15 15 1 1 0
0.0829116 15 15 1 1 0
0.0830144 15 15 1 1 0
0.0831172 15 15 1 1 0
0.0832201 15 15 1 1 0
0.083323 15 15 1 1 0
0.0834259 15 15 1 1 0
0.0835288 15 15 1 1 0
0.0836318 15 15 1 1 0
0.0837347 15 15 1 1 0
0.0838378 15 15 1 1 0
0.0839408 15 15 1 1 0
0.0840438 15 15 1 1 0
0.0841469 15 15 1 1 0
0.08425 15 15 1 1 0
0.0843531 15 15 1 1 0
0.0844563 15 15 1 1 0
0.0845594 15 15 1 1 0
0.0846626 15 15 1 1 0
0.0847658 15 15 1 1 0
0.084869 15 15 1 1 0
0.0849723 15 15 1 1 0
0.0850756 15 15 1 1 0
0.0851788 15 15 1 1 0
0.0852822 15 15 1 1 0
0.0853855 15 15 1 1 0
0.0854888 15 15 1 1 0
0.0855922 15 15 1 1 0
0.0856956 15 15 1 1 0
0.085799 15 15 1 1 0
0.0859024 15 15 1 1 0
0.0860059 15 15 1 1 0
0.0861093 15 15 1 1 0
0.0862128 15 15 1 1 0
0.0863163 15 15 1 1 0
0.0864198 15 15 1 1 0
0.0865234 15 15 1 1 0
0.0866269 15 15 1 1 0
0.0867305 15 15 1 1 0
0.0868341 15 15 1 1 0
0.0869377 15 15 1 1 0
0.0870414 15 15 1 1 0
0.087145 15 15 1 1 0
0.0872487 15 15 1 1 0
0.0873523 15 15 1 1 0
0.087456 15 15 1 1 0
0.0875598 15 15 1 1 0
0.0876635 15 15 1 1 0
0.0877672 15 15 1 1 0
0.087871 15 15 1 1 0
0.0879748 15 15 1 1 0
0.0880786 15 15 1 1 0
0.0881824 15 15 1 1 0
0.0882862 15 15 1 1 0
0.0883901 15 15 1 1 0
0.0884939 15 15 1 1 0
0.0885978 15 15 1 1 0
0.0887017 15 15 1 1 0
0.0888056 15 15 1 1 0
0.0889095 15 15 1 1 0
0.0890134 15 15 1 1 0
0.0891174 15 15 1 1 0
0.0892214 15 15 1 1 0
0.0893253 15 15 1 1 0
0.0894293 15 15 1 1 0
0.0895333 15 15 1 1 0
0.0896373 15 15 1 1 0
0.0897414 15 15 1 1 0
0.0898454 15 15 1 1 0
0.0899495 15 15 1 1 0
0.0900536 15 15 1 1 0
0.0901576 15 15 1 1 0
0.0902617 15 15 1 1 0
0.0903659 15 15 1 1 0
0.09047 15 15 1 1 0
0.0905741 15 15 1 1 0
0.0906783 15 15 1 1 0
0.0907824 15 15 1 1 0
0.0908866 15 15 1 1 0
0.0909908 15 15 1 1 0
0.091095 15 15 1 1 0
0.0911992 15 15 1 1 0
0.0913035 15 15 1 1 0
0.0914077 15 15 1 1 0
0.0915119 15 15 1 1 0
0.0916162 15 15 1 1 0
0.0917205 15 15 1 1 0
0.0918248 15 15 1 1 0
0.0919291 15 15 1 1 0
0.0920334 15 15 1 1 0
0.0921377 15 15 1 1 0
0.092242 15 15 1 1 0
0.0923464 15 15 1 1 0
0.0924507 15 15 1 1 0
0.0925551 15 15 1 1 0
0.0926595 15 15 1 1 0
0.0927638 15 15 1 1 0
0.0928682 15 15 1 1 0
0.0929726 15 15 1 1 0
0.0930771 15 15 1 1 0
0.0931815 15 15 1 1 0
0.0932859 15 15 1 1 0
0.0933904 15 15 1 1 0
0.0934948 15 15 1 1 0
0.0935993 15 15 1 1 0
0.0937038 15 15 1 1 0
0.0938083 15 15 1 1 0
0.0939128 15 15 1 1 0
0.0940173 15 15 1 1 0
0.0941218 15 15 1 1 0
0.0942263 15 15 1 1 0
0.0943308 15 15 1 1 0
0.0944354 15 15 1 1 0
0.0945399 15 15 1 1 0
0.0946445 15 15 1 1 0
0.0947491 15 15 1 1 0
0.0948537 15 15 1 1 0
0.0949582 15 15 1 1 0
0.0950628 15 15 1 1 0
0.0951674 15 15 1 1 0
0.0952721 15 15 1 1 0
0.0953767 15 15 1 1 0
0.0954813 15 15 1 1 0
0.095586 15 15 1 1 0
0.0956906 15 15 1 1 0
0.0957953 15 15 1 1 0
0.0958999 15 15 1 1 0
0.0960046 15 15 1 1 0
0.0961093 15 15 1 1 0
0.096214 15 15 1 1 0
0.0963187 15 15 1 1 0
0.0964234 15 15 1 1 0
0.0965281 15 15 1 1 0
0.0966328 15 15 1 1 0
0.0967376 15 15 1 1 0
0.0968423 15 15 1 1 0
0.096947 15 15 1 1 0
0.0970518 15 15 1 1 0
0.0971566 15 15 1 1 0
0.0972613 15 15 1 1 0
0.0973661 15 15 1 1 0
0.0974709 15 15 1 1 0
0.0975757 15 15 1 1 0
0.0976805 15 15 1 1 0
0.0977853 15 15 1 1 0
0.0978901 15 15 1 1 0
0.0979949 15 15 1 1 0
0.0980997 15 15 1 1 0
0.0982046 15 15 1 1 0
0.0983094 15 15 1 1 0
0.0984143 15 15 1 1 0
0.0985191 15 15 1 1 0
0.098624 15 15 1 1 0
0.0987288 15 15 1 1 0
0.0988337 15 15 1 1 0
0.0989386 15 15 1 1 0
0.0990435 15 15 1 1 0
0.0991484 15 15 1 1 0
0.0992533 15 15 1 1 0
0.0993582 15 15 1 1 0
0.0994631 15 15 1 1 0
0.099568 15 15 1 1 0
0.0996729 15 15 1 1 0
0.0997778 15 15 1 1 0
0.0998828 15 15 1 1 0
0.0999877 15 15 1 1 0
0.100093 15 15 1 1 0
0.100198 15 15 1 1 0
0.100303 15 15 1 1 0
0.100408 15 15 1 1 0
0.100513 15 15 1 1 0
0.100617 15 15 1 1 0
0.100722 15 15 1 1 0
0.100827 15 15 1 1 0
0.100932 15 15 1 1 0
0.101037 15 15 1 1 0
0.101142 15 15 1 1 0
0.101247 15 15 1 1 0
0.101352 15 15 1 1 0
0.101457 15 15 1 1 0
0.101563 15 15 1 1 0
0.101668 15 15 1 1 0
0.101773 15 15 1 1 0
0.101878 15 15 1 1 0
0.101983 15 15 1 1 0
0.102088 15 15 1 1 0
0.102193 15 15 1 1 0
0.102298 15 15 1 1 0
0.102403 15 15 1 1 0
0.102508 15 15 1 1 0
0.102613 15 15 1 1 0
0.102718 15 15 1 1 0
0.102823 15 15 1 1 0
0.102928 15 15 1 1 0
0.103033 15 15 1 1 0
0.103138 15 15 1 1 0
0.103244 15 15 1 1 0
0.103349 15 15 1 1 0
0.103454 15 15 1 1 0
0.103559 15 15 1 1 0
0.103664 15 15 1 1 0
0.103769 15 15 1 1 0
0.103874 15 15 1 1 0
0.103979 15 15 1 1 0
0.104085 15 15 1 1 0
0.10419 15 15 1 1 0
0.104295 15 15 1 1 0
0.1044 15 15 1 1 0
0.104505 15 15 1 1 0
0.10461 15 15 1 1 0
0.104716 15 15 1 1 0
0.104821 15 15 1 1 0
0.104926 15 15 1 1 0
0.105031 15 15 1 1 0
0.105136 15 15 1 1 0
0.105241 15 15 1 1 0
0.105347 15 15 1 1 0
0.105452 15 15 1 1 0
0.105557 15 15 1 1 0
0.105662 15 15 1 1 0
0.105767 15 15 1 1 0
0.105873 15 15 1 1 0
0.105978 15 15 1 1 0
0.106083 15 15 1 1 0
0.106188 15 15 1 1 0
0.106294 15 15 1 1 0
0.106399 15 15 1 1 0
0.106504 15 15 1 1 0
0.106609 15 15 1 1 0
0.106714 15 15 1 1 0
0.10682 15 15 1 1 0
0.106925 15 15 1 1 0
0.10703 15 15 1 1 0
0.107135 15 15 1 1 0
0.107241 15 15 1 1 0
0.107346 15 15 1 1 0
0.107451 15 15 1 1 0
0.107556 15 15 1 1 0
0.107662 15 15 1 1 0
0.107767 15 15 1 1 0
0.107872 15 15 1 1 0
0.107978 15 15 1 1 0
0.108083 15 15 1 1 0
0.108188 15 15 1 1 0
0.108293 15 15 1 1 0
0.108399 15 15 1 1 0
0.108504 15 15 1 1 0
0.108609 15 15 1 1 0
0.108715 15 15 1 1 0
0.10882 15 15 1 1 0
0.108925 15 15 1 1 0
0.109031 15 15 1 1 0
0.109136 15 15 1 1 0
0.109241 15 15 1 1 0
0.109347 15 15 1 1 0
0.109452 15 15 1 1 0
0.109557 15 15 1 1 0
0.109663 15 15 1 1 0
0.109768 15 15 1 1 0
0.109873 15 15 1 1 0
0.109979 15 15 1 1 0
0.110084 15 15 1 1 0
0.110189 15 15 1 1 0
0.110295 15 15 1 1 0
0.1104 15 15 1 1 0
0.110505 15 15 1 1 0
0.110611 15 15 1 1 0
0.110716 15 15 1 1 0
0.110821 15 15 1 1 0
0.110927 15 15 1 1 0
0.111032 15 15 1 1 0
0.111137 15 15 1 1 0
0.111243 15 15 1 1 0
0.111348 15 15 1 1 0
0.111454 15 15 1 1 0
0.111559 15 15 1 1 0
0.111664 15 15 1 1 0
0.11177 15 15 1 1 0
0.111875 15 15 1 1 0
0.11198 15 15 1 1 0
0.112086 15 15 1 1 0
0.112191 15 15 1 1 0
0.112297 15 15 1 1 0
0.112402 15 15 1 1 0
0.112507 15 15 1 1 0
0.112613 15 15 1 1 0
0.112718 15 15 1 1 0
0.112824 15 15 1 1 0
0.112929 15 15 1 1 0
0.113035 15 15 1 1 0
0.11314 15 15 1 1 0
0.113245 15 15 1 1 0
0.113351 15 15 1 1 0
0.113456 15 15 1 1 0
0.113562 15 15 1 1 0
0.113667 15 15 1 1 0
0.113773 15 15 1 1 0
0.113878 15 15 1 1 0
0.113983 15 15 1 1 0
0.114089 15 15 1 1 0
0.114194 15 15 1 1 0
0.1143 15 15 1 1 0
0.114405 15 15 1 1 0
0.114511 15 15 1 1 0
0.114616 15 15 1 1 0
0.114721 15 15 1 1 0
0.114827 15 15 1 1 0
0.114932 15 15 1 1 0
0.115038 15 15 1 1 0
0.115143 15 15 1 1 0
0.115249 15 15 1 1 0
0.115354 15 15 1 1 0
0.11546 15 15 1 1 0
0.115565 15 15 1 1 0
0.115671 15 15 1 1 0
0.115776 15 15 1 1 0
0.115882 15 15 1 1 0
0.115987 15 15 1 1 0
0.116093 15 15 1 1 0
0.116198 15 15 1 1 0
0.116303 15 15 1 1 0
0.116409 15 15 1 1 0
0.116514 15 15 1 1 0
0.11662 15 15 1 1 0
0.116725 15 15 1 1 0
0.116831 15 15 1 1 0
0.116936 15 15 1 1 0
0.117042 15 15 1 1 0
0.117147 15 15 1 1 0
0.117253 15 15 1 1 0
0.117358 15 15 1 1 0
0.117464 15 15 1 1 0
0.117569 15 15 1 1 0
0.117675 15 15 1 1 0
0.11778 15 15 1 1 0
0.117886 15 15 1 1 0
0.117991 15 15 1 1 0
0.118097 15 15 1 1 0
0.118202 15 15 1 1 0
0.118308 15 15 1 1 0
0.118413 15 15 1 1 0
0.118519 15 15 1 1 0
0.118625 15 15 1 1 0
0.11873 15 15 1 1 0
0.118836 15 15 1 1 0
0.118941 15 15 1 1 0
0.119047 15 15 1 1 0
0.119152 15 15 1 1 0
0.119258 15 15 1 1 0
0.119363 15 15 1 1 0
0.119469 15 15 1 1 0
0.119574 15 15 1 1 0
0.11968 15 15 1 1 0
0.119785 15 15 1 1 0
0.119891 15 15 1 1 0
0.119996 15 15 1 1 0
0.120102 15 15 1 1 0
0.120207 15 15 1 1 0
0.120313 15 15 1 1 0
0.120419 15 15 1 1 0
0.120524 15 15 1 1 0
0.12063 15 15 1 1 0
0.120735 15 15 1 1 0
0.120841 15 15 1 1 0
0.120946 15 15 1 1 0
0.121052 15 15 1 1 0
0.121157 15 15 1 1 0
0.121263 15 15 1 1 0
0.121369 15 15 1 1 0
0.121474 15 15 1 1 0
0.12158 15 15 1 1 0
0.121685 15 15 1 1 0
0.121791 15 15 1 1 0
0.121896 15 15 1 1 0
0.122002 15 15 1 1 0
0.122107 15 15 1 1 0
0.122213 15 15 1 1 0
0.122319 15 15 1 1 0
0.122424 15 15 1 1 0
0.12253 15 15 1 1 0
0.122635 15 15 1 1 0
0.122741 15 15 1 1 0
0.122847 15 15 1 1 0
0.122952 15 15 1 1 0
0.123058 15 15 1 1 0
0.123163 15 15 1 1 0
0.123269 15 15 1 1 0
0.123374 15 15 1 1 0
0.12348 15 15 1 1 0
0.123586 15 15 1 1 0
0.123691 15 15 1 1 0
0.123797 15 15 1 1 0
0.123902 15 15 1 1 0
0.124008 15 15 1 1 0
0.124114 15 15 1 1 0
0.124219 15 15 1 1 0
0.124325 15 15 1 1 0
0.12443 15 15 1 1 0
0.124536 15 15 1 1 0
0.124641 15 15 1 1 0
0.124747 15 15 1 1 0
0.124853 15 15 1 1 0
0.124958 15 15 1 1 0
0.125064 15 15 1 1 0
0.12517 15 15 1 1 0
0.125275 15 15 1 1 0
0.125381 15 15 1 1 0
0.125486 15 15 1 1 0
0.125592 15 15 1 1 0
0.125698 15 15 1 1 0
0.125803 15 15 1 1 0
0.125909 15 15 1 1 0
0.126014 15 15 1 1 0
0.12612 15 15 1 1 0
0.126226 15 15 1 1 0
0.126331 15 15 1 1 0
0.126437 15 15 1 1 0
0.126542 15 15 1 1 0
0.126648 15 15 1 1 0
0.126754 15 15 1 1 0
0.126859 15 15 1 1 0
0.126965 15 15 1 1 0
0.127071 15 15 1 1 0
0.127176 15 15 1 1 0
0.127282 15 15 1 1 0
0.127387 15 15 1 1 0
0.127493 15 15 1 1 0
0.127599 15 15 1 1 0
0.127704 15 15 1 1 0
0.12781 15 15 1 1 0
0.127916 15 15 1 1 0
0.128021 15 15 1 1 0
0.128127 15 15 1 1 0
0.128232 15 15 1 1 0
0.128338 15 15 1 1 0
0.128444 15 15 1 1 0
0.128549 15 15 1 1 0
0.128655 15 15 1 1 0
0.128761 15 15 1 1 0
0.128866 15 15 1 1 0
0.128972 15 15 1 1 0
0.129078 15 15 1 1 0
0.129183 15 15 1 1 0
0.129289 15 15 1 1 0
0.129394 15 15 1 1 0
0.1295 15 15 1 1 0
0.129606 15 15 1 1 0
0.129711 15 15 1 1 0
0.129817 15 15 1 1 0
0.129923 15 15 1 1 0
0.130028 15 15 1 1 0
0.130134 15 15 1 1 0
0.13024 15 15 1 1 0
0.130345 15 15 1 1 0
0.130451 15 15 1 1 0
0.130557 15 15 1 1 0
0.130662 15 15 1 1 0
0.130768 15 15 1 1 0
0.130874 15 15 1 1 0
0.130979 15 15 1 1 0
0.131085 15 15 1 1 0
0.131191 15 15 1 1 0
0.131296 15 15 1 1 0
0.131402 15 15 1 1 0
0.131508 15 15 1 1 0
0.131613 15 15 1 1 0
0.131719 15 15 1 1 0
0.131825 15 15 1 1 0
0.13193 15 15 1 1 0
0.132036 15 15 1 1 0
0.132142 15 15 1 1 0
0.132247 15 15 1 1 0
0.132353 15 15 1 1 0
0.132459 15 15 1 1 0
0.132564 15 15 1 1 0
0.13267 15 15 1 1 0
0.132776 15 15 1 1 0
0.132881 15 15 1 1 0
0.132987 15 15 1 1 0
0.133093 15 15 1 1 0
0.133198 15 15 1 1 0
0.133304 15 15 1 1 0
0.13341 15 15 1 1 0
0.133515 15 15 1 1 0
0.133621 15 15 1 1 0
0.133727 15 15 1 1 0
0.133832 15 15 1 1 0
0.133938 15 15 1 1 0
0.134044 15 15 1 1 0
0.134149 15 15 1 1 0
0.134255 15 15 1 1 0
0.134361 15 15 1 1 0
0.134466 15 15 1 1 0
0.134572 15 15 1 1 0
0.134678 15 15 1 1 0
0.134783 15 15 1 1 0
0.134889 15 15 1 1 0
0.134995 15 15 1 1 0
0.1351 15 15 1 1 0
0.135206 15 15 1 1 0
0.135312 15 15 1 1 0
0.135417 15 15 1 1 0
0.135523 15 15 1 1 0
0.135629 15 15 1 1 0
0.135735 15 15 1 1 0
0.13584 15 15 1 1 0
0.135946 15 15 1 1 0
0.136052 15 15 1 1 0
0.136157 15 15 1 1 0
0.136263 15 15 1 1 0
0.136369 15 15 1 1 0
0.136474 15 15 1 1 0
0.13658 15 15 1 1 0
0.136686 15 15 1 1 0
0.136791 15 15 1 1 0
0.136897 15 15 1 1 0
0.137003 15 15 1 1 0
0.137109 15 15 1 1 0
0.137214 15 15 1 1 0
0.13732 15 15 1 1 0
0.137426 15 15 1 1 0
0.137531 15 15 1 1 0
0.137637 15 15 1 1 0
0.137743 15 15 1 1 0
0.137848 15 15 1 1 0
0.137954 15 15 1 1 0
0.13806 15 15 1 1 0
0.138166 15 15 1 1 0
0.138271 15 15 1 1 0
0.138377 15 15 1 1 0
0.138483 15 15 1 1 0
0.138588 15 15 1 1 0
0.138694 15 15 1 1 0
0.1388 15 15 1 1 0
0.138906 15 15 1 1 0
0.139011 15 15 1 1 0
0.139117 15 15 1 1 0
0.139223 15 15 1 1 0
0.139328 15 15 1 1 0
0.139434 15 15 1 1 0
0.13954 15 15 1 1 0
0.139645 15 15 1 1 0
0.139751 15 15 1 1 0
0.139857 15 15 1 1 0
0.139963 15 15 1 1 0
0.140068 15 15 1 1 0
0.140174 15 15 1 1 0
0.14028 15 15 1 1 0
0.140385 15 15 1 1 0
0.140491 15 15 1 1 0
0.140597 15 15 1 1 0
0.140703 15 15 1 1 0
0.140808 15 15 1 1 0
0.140914 15 15 1 1 0
0.14102 15 15 1 1 0
0.141125 15 15 1 1 0
0.141231 15 15 1 1 0
0.141337 15 15 1 1 0
0.141443 15 15 1 1 0
0.141548 15 15 1 1 0
0.141654 15 15 1 1 0
0.14176 15 15 1 1 0
0.141866 15 15 1 1 0
0.141971 15 15 1 1 0
0.142077 15 15 1 1 0
0.142183 15 15 1 1 0
0.142288 15 15 1 1 0
0.142394 15 15 1 1 0
0.1425 15 15 1 1 0
0.142606 15 15 1 1 0
0.142711 15 15 1 1 0
0.142817 15 15 1 1 0
0.142923 15 15 1 1 0
0.143028 15 15 1 1 0
0.143134 15 15 1 1 0
0.14324 15 15 1 1 0
0.143346 15 15 1 1 0
0.143451 15 15 1 1 0
0.143557 15 15 1 1 0
0.143663 15 15 1 1 0
0.143769 15 15 1 1 0
0.143874 15 15 1 1 0
0.14398 15 15 1 1 0
0.144086 15 15 1 1 0
0.144192 15 15 1 1 0
0.144297 15 15 1 1 0
0.144403 15 15 1 1 0
0.144509 15 15 1 1 0
0.144614 15 15 1 1 0
0.14472 15 15 1 1 0
0.144826 15 15 1 1 0
0.144932 15 15 1 1 0
0.145037 15 15 1 1 0
0.145143 15 15 1 1 0
0.145249 15 15 1 1 0
0.145355 15 15 1 1 0
0.14546 15 15 1 1 0
0.145566 15 15 1 1 0
0.145672 15 15 1 1 0
0.145778 15 15 1 1 0
0.145883 15 15 1 1 0
0.145989 15 15 1 1 0
0.146095 15 15 1 1 0
0.146201 15 15 1 1 0
0.146306 15 15 1 1 0
0.146412 15 15 1 1 0
0.146518 15 15 1 1 0
0.146623 15 15 1 1 0
0.146729 15 15 1 1 0
0.146835 15 15 1 1 0
0.146941 15 15 1 1 0
0.147046 15 15 1 1 0
0.147152 15 15 1 1 0
0.147258 15 15 1 1 0
0.147364 15 15 1 1 0
0.147469 15 15 1 1 0
0.147575 15 15 1 1 0
0.147681 15 15 1 1 0
0.147787 15 15 1 1 0
0.147892 15 15 1 1 0
0.147998 15 15 1 1 0
0.148104 15 15 1 1 0
0.14821 15 15 1 1 0
0.148315 15 15 1 1 0
0.148421 15 15 1 1 0
0.148527 15 15 1 1 0
0.148633 15 15 1 1 0
0.148738 15 15 1 1 0
0.148844 15 15 1 1 0
0.14895 15 15 1 1 0
0.149056 15 15 1 1 0
0.149161 15 15 1 1 0
0.149267 15 15 1 1 0
0.149373 15 15 1 1 0
0.149479 15 15 1 1 0
0.149584 15 15 1 1 0
0.14969 15 15 1 1 0
0.149796 15 15 1 1 0
0.149902 15 15 1 1 0
0.150007 15 15 1 1 0
0.03 15 15 2 1 0
0.0299986 15 15 1 1 0
0.0299971 15 15 1 1 0
0.0299942 15 15 1 1 0
0.0299885 15 15 1 1 0
0.0299769 15 15 1 1 0
0.0299589 15 15 1 1 0
0.029941 15 15 1 1 0
0.029923 15 15 1 1 0
0.0299051 15 15 1 1 0
0.0298872 15 15 1 1 0
0.0298693 15 15 1 1 0
0.0298514 15 15 1 1 0
0.0298336 15 15 1 1 0
0.0298158 15 15 1 1 0
0.029798 15 15 1 1 0
0.0297802 15 15 1 1 0
0.0297625 15 15 1 1 0
0.0297447 15 15 1 1 0
0.029727 15 15 1 1 0
0.0297093 15 15 1 1 0
0.0296917 15 15 1 1 0
0.029674 15 15 1 1 0
0.0296564 15 15 1 1 0
0.0296388 15 15 1 1 0
0.0296212 15 15 1 1 0
0.0296037 15 15 1 1 0
0.0295861 15 15 1 1 0
0.0295686 15 15 1 1 0
0.0295511 15 15 1 1 0
0.0295336 15 15 1 1 0
0.0295162 15 15 1 1 0
0.0294987 15 15 1 1 0
0.0294813 15 15 1 1 0
0.0294639 15 15 1 1 0
0.0294466 15 15 1 1 0
0.0294292 15 15 1 1 0
0.0294119 15 15 1 1 0
0.0293946 15 15 1 1 0
0.0293773 15 15 1 1 0
0.02936 15 15 1 1 0
0.0293428 15 15 1 1 0
0.0293256 15 15 1 1 0
0.0293084 15 15 1 1 0
0.0292912 15 15 1 1 0
0.029274 15 15 1 1 0
0.0292569 15 15 1 1 0
0.0292398 15 15 1 1 0
0.0292227 15 15 1 1 0
0.0292056 15 15 1 1 0
0.0291885 15 15 1 1 0
0.0291715 15 15 1 1 0
0.0291545 15 15 1 1 0
0.0291375 15 15 1 1 0
0.0291205 15 15 1 1 0
0.0291036 15 15 1 1 0
0.0290866 15 15 1 1 0
0.0290697 15 15 1 1 0
0.0290528 15 15 1 1 0
0.0290359 15 15 1 1 0
0.0290191 15 15 1 1 0
0.0290023 15 15 1 1 0
0.0289854 15 15 1 1 0
0.0289687 15 15 1 1 0
0.0289519 15 15 1 1 0
0.0289351 15 15 1 1 0
0.0289184 15 15 1 1 0
0.0289017 15 15 1 1 0
0.028885 15 15 1 1 0
0.0288683 15 15 1 1 0
0.0288517 15 15 1 1 0
0.028835 15 15 1 1 0
0.0288184 15 15 1 1 0
0.0288018 15 15 1 1 0
0.0287853 15 15 1 1 0
0.0287687 15 15 1 1 0
0.0287522 15 15 1 1 0
0.0287357 15 15 1 1 0
0.0287192 15 15 1 1 0
0.0287027 15 15 1 1 0
0.0286863 15 15 1 1 0
0.0286698 15 15 1 1 0
0.0286534 15 15 1 1 0
0.028637 15 15 1 1 0
0.0286207 15 15 1 1 0
0.0286043 15 15 1 1 0
0.028588 15 15 1 1 0
0.0285717 15 15 1 1 0
0.0285554 15 15 1 1 0
0.0285391 15 15 1 1 0
0.0285228 15 15 1 1 0
0.0285066 15 15 1 1 0
0.0284904 15 15 1 1 0
0.0284742 15 15 1 1 0
0.028458 15 15 1 1 0
0.0284419 15 15 1 1 0
0.0284257 15 15 1 1 0
0.0284096 15 15 1 1 0
0.0283935 15 15 1 1 0
0.0283774 15 15 1 1 0
0.0283614 15 15 1 1 0
0.0283453 15 15 1 1 0
0.0283293 15 15 1 1 0
0.0283133 15 15 1 1 0
0.0282973 15 15 1 1 0
0.0282814 15 15 1 1 0
0.0282654 15 15 1 1 0
0.0282495 15 15 1 1 0
0.0282336 15 15 1 1 0
0.0282177 15 15 1 1 0
0.0282018 15 15 1 1 0
0.028186 15 15 1 1 0
0.0281702 15 15 1 1 0
0.0281544 15 15 1 1 0
0.0281386 15 15 1 1 0
0.0281228 15 15 1 1 0
0.028107 15 15 1 1 0
0.0280913 15 15 1 1 0
0.0280756 15 15 1 1 0
0.0280599 15 15 1 1 0
0.0280442 15 15 1 1 0
0.0280286 15 15 1 1 0
0.0280129 15 15 1 1 0
0.0279973 15 15 1 1 0
0.0279817 15 15 1 1 0
0.0279662 15 15 1 1 0
0.0279506 15 15 1 1 0
0.0279351 15 15 1 1 0
0.0279195 15 15 1 1 0
0.027904 15 15 1 1 0
0.0278885 15 15 1 1 0
0.0278731 15 15 1 1 0
0.0278576 15 15 1 1 0
0.0278422 15 15 1 1 0
0.0278268 15 15 1 1 0
0.0278114 15 15 1 1 0
0.027796 15 15 1 1 0
0.0277807 15 15 1 1 0
0.0277654 15 15 1 1 0
0.0277501 15 15 1 1 0
0.0277348 15 15 1 1 0
0.0277195 15 15 1 1 0
0.0277042 15 15 1 1 0
0.027689 15 15 1 1 0
0.0276738 15 15 1 1 0
0.0276586 15 15 1 1 0
0.0276434 15 15 1 1 0
0.0276282 15 15 1 1 0
0.0276131 15 15 1 1 0
0.027598 15 15 1 1 0
0.0275829 15 15 1 1 0
0.0275678 15 15 1 1 0
0.0275527 15 15 1 1 0
0.0275377 15 15 1 1 0
0.0275226 15 15 1 1 0
0.0275076 15 15 1 1 0
0.0274926 15 15 1 1 0
0.0274776 15 15 1 1 0
0.0274627 15 15 1 1 0
0.0274478 15 15 1 1 0
0.0274328 15 15 1 1 0
0.0274179 15 15 1 1 0
0.0274031 15 15 1 1 0
0.0273882 15 15 1 1 0
0.0273733 15 15 1 1 0
0.0273585 15 15 1 1 0
0.0273437 15 15 1 1 0
0.0273289 15 15 1 1 0
0.0273142 15 15 1 1 0
0.0272994 15 15 1 1 0
0.0272847 15 15 1 1 0
0.02727 15 15 1 1 0
0.0272553 15 15 1 1 0
0.0272406 15 15 1 1 0
0.0272259 15 15 1 1 0
0.0272113 15 15 1 1 0
0.0271967 15 15 1 1 0
0.0271821 15 15 1 1 0
0.0271675 15 15 1 1 0
0.0271529 15 15 1 1 0
0.0271384 15 15 1 1 0
0.0271239 15 15 1 1 0
0.0271094 15 15 1 1 0
0.0270949 15 15 1 1 0
0.0270804 15 15 1 1 0
0.0270659 15 15 1 1 0
0.0270515 15 15 1 1 0
0.0270371 15 15 1 1 0
0.0270227 15 15 1 1 0
0.0270083 15 15 1 1 0
0.026994 15 15 1 1 0
0.0269796 15 15 1 1 0
0.0269653 15 15 1 1 0
0.026951 15 15 1 1 0
0.0269367 15 15 1 1 0
0.0269225 15 15 1 1 0
0.0269082 15 15 1 1 0
0.026894 15 15 1 1 0
0.0268798 15 15 1 1 0
0.0268656 15 15 1 1 0
0.0268514 15 15 1 1 0
0.0268373 15 15 1 1 0
0.0268231 15 15 1 1 0
0.026809 15 15 1 1 0
0.0267949 15 15 1 1 0
0.0267808 15 15 1 1 0
0.0267668 15 15 1 1 0
0.0267527 15 15 1 1 0
0.0267387 15 15 1 1 0
0.0267247 15 15 1 1 0
0.0267107 15 15 1 1 0
0.0266967 15 15 1 1 0
0.0266828 15 15 1 1 0
0.0266688 15 15 1 1 0
0.0266549 15 15 1 1 0
0.026641 15 15 1 1 0
0.0266272 15 15 1 1 0
0.0266133 15 15 1 1 0
0.0265995 15 15 1 1 0
0.0265857 15 15 1 1 0
0.0265718 15 15 1 1 0
0.0265581 15 15 1 1 0
0.0265443 15 15 1 1 0
0.0265306 15 15 1 1 0
0.0265168 15 15 1 1 0
0.0265031 15 15 1 1 0
0.0264894 15 15 1 1 0
0.0264758 15 15 1 1 0
0.0264621 15 15 1 1 0
0.0264485 15 15 1 1 0
0.0264349 15 15 1 1 0
0.0264213 15 15 1 1 0
0.0264077 15 15 1 1 0
0.0263941 15 15 1 1 0
0.0263806 15 15 1 1 0
0.0263671 15 15 1 1 0
0.0263536 15 15 1 1 0
0.0263401 15 15 1 1 0
0.0263266 15 15 1 1 0
0.0263132 15 15 1 1 0
0.0262997 15 15 1 1 0
0.0262863 15 15 1 1 0
0.0262729 15 15 1 1 0
0.0262596 15 15 1 1 0
0.0262462 15 15 1 1 0
0.0262329 15 15 1 1 0
0.0262196 15 15 1 1 0
0.0262063 15 15 1 1 0
0.026193 15 15 1 1 0
0.0261797 15 15 1 1 0
0.0261665 15 15 1 1 0
0.0261533 15 15 1 1 0
0.0261401 15 15 1 1 0
0.0261269 15 15 1 1 0
0.0261137 15 15 1 1 0
0.0261006 15 15 1 1 0
0.0260874 15 15 1 1 0
0.0260743 15 15 1 1 0
0.0260612 15 15 1 1 0
0.0260482 15 15 1 1 0
0.0260351 15 15 1 1 0
0.0260221 15 15 1 1 0
0.026009 15 15 1 1 0
0.0259961 15 15 1 1 0
0.0259831 15 15 1 1 0
0.0259701 15 15 1 1 0
0.0259572 15 15 1 1 0
0.0259442 15 15 1 1 0
0.0259313 15 15 1 1 0
0.0259185 15 15 1 1 0
0.0259056 15 15 1 1 0
0.0258928 15 15 1 1 0
0.0258799 15 15 1 1 0
0.0258671 15 15 1 1 0
0.0258543 15 15 1 1 0
0.0258416 15 15 1 1 0
0.0258288 15 15 1 1 0
0.0258161 15 15 1 1 0
0.0258034 15 15 1 1 0
0.0257907 15 15 1 1 0
0.025778 15 15 1 1 0
0.0257653 15 15 1 1 0
0.0257527 15 15 1 1 0
0.0257401 15 15 1 1 0
0.0257275 15 15 1 1 0
0.0257149 15 15 1 1 0
0.0257023 15 15 1 1 0
0.0256898 15 15 1 1 0
0.0256773 15 15 1 1 0
0.0256648 15 15 1 1 0
0.0256523 15 15 1 1 0
0.0256398 15 15 1 1 0
0.0256274 15 15 1 1 0
0.0256149 15 15 1 1 0
0.0256025 15 15 1 1 0
0.0255901 15 15 1 1 0
0.0255778 15 15 1 1 0
0.0255654 15 15 1 1 0
0.0255531 15 15 1 1 0
0.0255408 15 15 1 1 0
0.0255285 15 15 1 1 0
0.0255162 15 15 1 1 0
0.0255039 15 15 1 1 0
0.0254917 15 15 1 1 0
0.0254795 15 15 1 1 0
0.0254673 15 15 1 1 0
0.0254551 15 15 1 1 0
0.0254429 15 15 1 1 0
0.0254308 15 15 1 1 0
0.0254187 15 15 1 1 0
0.0254066 15 15 1 1 0
0.0253945 15 15 1 1 0
0.0253824 15 15 1 1 0
0.0253704 15 15 1 1 0
0.0253584 15 15 1 1 0
0.0253464 15 15 1 1 0
0.0253344 15 15 1 1 0
0.0253224 15 15 1 1 0
0.0253105 15 15 1 1 0
0.0252985 15 15 1 1 0
0.0252866 15 15 1 1 0
0.0252747 15 15 1 1 0
0.0252629 15 15 1 1 0
0.025251 15 15 1 1 0
0.0252392 15 15 1 1 0
0.0252274 15 15 1 1 0
0.0252156 15 15 1 1 0
0.0252038 15 15 1 1 0
0.0251921 15 15 1 1 0
0.0251803 15 15 1 1 0
0.0251686 15 15 1 1 0
0.0251569 15 15 1 1 0
0.0251453 15 15 1 1 0
0.0251336 15 15 1 1 0
0.025122 15 15 1 1 0
0.0251104 15 15 1 1 0
0.0250988 15 15 1 1 0
0.0250872 15 15 1 1 0
0.0250756 15 15 1 1 0
0.0250641 15 15 1 1 0
0.0250526 15 15 1 1 0
0.0250411 15 15 1 1 0
0.0250296 15 15 1 1 0
0.0250182 15 15 1 1 0
0.0250067 15 15 1 1 0
0.0249953 15 15 1 1 0
0.0249839 15 15 1 1 0
0.0249725 15 15 1 1 0
0.0249612 15 15 1 1 0
0.0249498 15 15 1 1 0
0.0249385 15 15 1 1 0
0.0249272 15 15 1 1 0
0.024916 15 15 1 1 0
0.0249047 15 15 1 1 0
0.0248935 15 15 1 1 0
0.0248822 15 15 1 1 0
0.024871 15 15 1 1 0
0.0248599 15 15 1 1 0
0.0248487 15 15 1 1 0
0.0248376 15 15 1 1 0
0.0248265 15 15 1 1 0
0.0248154 15 15 1 1 0
0.0248043 15 15 1 1 0
0.0247932 15 15 1 1 0
0.0247822 15 15 1 1 0
0.0247712 15 15 1 1 0
0.0247602 15 15 1 1 0
0.0247492 15 15 1 1 0
0.0247383 15 15 1 1 0
0.0247273 15 15 1 1 0
0.0247164 15 15 1 1 0
0.0247055 15 15 1 1 0
0.0246946 15 15 1 1 0
0.0246838 15 15 1 1 0
0.024673 15 15 1 1 0
0.0246621 15 15 1 1 0
0.0246514 15 15 1 1 0
0.0246406 15 15 1 1 0
0.0246298 15 15 1 1 0
0.0246191 15 15 1 1 0
0.0246084 15 15 1 1 0
0.0245977 15 15 1 1 0
0.024587 15 15 1 1 0
0.0245764 15 15 1 1 0
0.0245658 15 15 1 1 0
0.0245552 15 15 1 1 0
0.0245446 15 15 1 1 0
0.024534 15 15 1 1 0
0.0245235 15 15 1 1 0
0.0245129 15 15 1 1 0
0.0245024 15 15 1 1 0
0.024492 15 15 1 1 0
0.0244815 15 15 1 1 0
0.0244711 15 15 1 1 0
0.0244606 15 15 1 1 0
0.0244502 15 15 1 1 0
0.0244399 15 15 1 1 0
0.0244295 15 15 1 1 0
0.0244192 15 15 1 1 0
0.0244089 15 15 1 1 0
0.0243986 15 15 1 1 0
0.0243883 15 15 1 1 0
0.024378 15 15 1 1 0
0.0243678 15 15 1 1 0
0.0243576 15 15 1 1 0
0.0243474 15 15 1 1 0
0.0243372 15 15 1 1 0
0.0243271 15 15 1 1 0
0.024317 15 15 1 1 0
0.0243069 15 15 1 1 0
0.0242968 15 15 1 1 0
0.0242867 15 15 1 1 0
0.0242767 15 15 1 1 0
0.0242667 15 15 1 1 0
0.0242567 15 15 1 1 0
0.0242467 15 15 1 1 0
0.0242367 15 15 1 1 0
0.0242268 15 15 1 1 0
0.0242169 15 15 1 1 0
0.024207 15 15 1 1 0
0.0241971 15 15 1 1 0
0.0241873 15 15 1 1 0
0.0241775 15 15 1 1 0
0.0241677 15 15 1 1 0
0.0241579 15 15 1 1 0
0.0241481 15 15 1 1 0
0.0241384 15 15 1 1 0
0.0241287 15 15 1 1 0
0.024119 15 15 1 1 0
0.0241093 15 15 1 1 0
0.0240996 15 15 1 1 0
0.02409 15 15 1 1 0
0.0240804 15 15 1 1 0
0.0240708 15 15 1 1 0
0.0240612 15 15 1 1 0
0.0240517 15 15 1 1 0
0.0240422 15 15 1 1 0
0.0240327 15 15 1 1 0
0.0240232 15 15 1 1 0
0.0240138 15 15 1 1 0
0.0240043 15 15 1 1 0
0.0239949 15 15 1 1 0
0.0239855 15 15 1 1 0
0.0239762 15 15 1 1 0
0.0239668 15 15 1 1 0
0.0239575 15 15 1 1 0
0.0239482 15 15 1 1 0
0.0239389 15 15 1 1 0
0.0239297 15 15 1 1 0
0.0239204 15 15 1 1 0
0.0239112 15 15 1 1 0
0.023902 15 15 1 1 0
0.0238929 15 15 1 1 0
0.0238837 15 15 1 1 0
0.0238746 15 15 1 1 0
0.0238655 15 15 1 1 0
0.0238565 15 15 1 1 0
0.0238474 15 15 1 1 0
0.0238384 15 15 1 1 0
0.0238294 15 15 1 1 0
0.0238204 15 15 1 1 0
0.0238114 15 15 1 1 0
0.0238025 15 15 1 1 0
0.0237936 15 15 1 1 0
0.0237847 15 15 1 1 0
0.0237758 15 15 1 1 0
0.023767 15 15 1 1 0
0.0237582 15 15 1 1 0
0.0237494 15 15 1 1 0
0.0237406 15 15 1 1 0
0.0237318 15 15 1 1 0
0.0237231 15 15 1 1 0
0.0237144 15 15 1 1 0
0.0237057 15 15 1 1 0
0.023697 15 15 1 1 0
0.0236884 15 15 1 1 0
0.0236798 15 15 1 1 0
0.0236712 15 15 1 1 0
0.0236626 15 15 1 1 0
0.0236541 15 15 1 1 0
0.0236456 15 15 1 1 0
0.0236371 15 15 1 1 0
0.0236286 15 15 1 1 0
0.0236202 15 15 1 1 0
0.0236117 15 15 1 1 0
0.0236033 15 15 1 1 0
0.023595 15 15 1 1 0
0.0235866 15 15 1 1 0
0.0235783 15 15 1 1 0
0.02357 15 15 1 1 0
0.0235617 15 15 1 1 0
0.0235535 15 15 1 1 0
0.0235452 15 15 1 1 0
0.023537 15 15 1 1 0
0.0235288 15 15 1 1 0
0.0235207 15 15 1 1 0
0.0235125 15 15 1 1 0
0.0235044 15 15 1 1 0
0.0234963 15 15 1 1 0
0.0234883 15 15 1 1 0
0.0234802 15 15 1 1 0
0.0234722 15 15 1 1 0
0.0234642 15 15 1 1 0
0.0234563 15 15 1 1 0
0.0234483 15 15 1 1 0
0.0234404 15 15 1 1 0
0.0234325 15 15 1 1 0
0.0234247 15 15 1 1 0
0.0234168 15 15 1 1 0
0.023409 15 15 1 1 0
0.0234012 15 15 1 1 0
0.0233934 15 15 1 1 0
0.0233857 15 15 1 1 0
0.023378 15 15 1 1 0
0.0233703 15 15 1 1 0
0.0233626 15 15 1 1 0
0.023355 15 15 1 1 0
0.0233474 15 15 1 1 0
0.0233398 15 15 1 1 0
0.0233322 15 15 1 1 0
0.0233247 15 15 1 1 0
0.0233172 15 15 1 1 0
0.0233097 15 15 1 1 0
0.0233022 15 15 1 1 0
0.0232948 15 15 1 1 0
0.0232874 15 15 1 1 0
0.02328 15 15 1 1 0
0.0232726 15 15 1 1 0
0.0232653 15 15 1 1 0
0.023258 15 15 1 1 0
0.0232507 15 15 1 1 0
0.0232435 15 15 1 1 0
0.0232362 15 15 1 1 0
0.023229 15 15 1 1 0
0.0232219 15 15 1 1 0
0.0232147 15 15 1 1 0
0.0232076 15 15 1 1 0
0.0232005 15 15 1 1 0
0.0231934 15 15 1 1 0
0.0231864 15 15 1 1 0
0.0231794 15 15 1 1 0
0.0231724 15 15 1 1 0
0.0231654 15 15 1 1 0
0.0231585 15 15 1 1 0
0.0231516 15 15 1 1 0
0.0231447 15 15 1 1 0
0.0231378 15 15 1 1 0
0.023131 15 15 1 1 0
0.0231242 15 15 1 1 0
0.0231174 15 15 1 1 0
0.0231107 15 15 1 1 0
0.023104 15 15 1 1 0
0.0230973 15 15 1 1 0
0.0230906 15 15 1 1 0
0.023084 15 15 1 1 0
0.0230774 15 15 1 1 0
0.0230708 15 15 1 1 0
0.0230642 15 15 1 1 0
0.0230577 15 15 1 1 0
0.0230512 15 15 1 1 0
0.0230447 15 15 1 1 0
0.0230383 15 15 1 1 0
0.0230319 15 15 1 1 0
0.0230255 15 15 1 1 0
0.0230191 15 15 1 1 0
0.0230128 15 15 1 1 0
0.0230065 15 15 1 1 0
0.0230002 15 15 1 1 0
0.022994 15 15 1 1 0
0.0229878 15 15 1 1 0
0.0229816 15 15 1 1 0
0.0229755 15 15 1 1 0
0.0229693 15 15 1 1 0
0.0229632 15 15 1 1 0
0.0229572 15 15 1 1 0
0.0229511 15 15 1 1 0
0.0229451 15 15 1 1 0
0.0229391 15 15 1 1 0
0.0229332 15 15 1 1 0
0.0229273 15 15 1 1 0
0.0229214 15 15 1 1 0
0.0229155 15 15 1 1 0
0.0229097 15 15 1 1 0
0.0229039 15 15 1 1 0
0.0228981 15 15 1 1 0
0.0228924 15 15 1 1 0
0.0228866 15 15 1 1 0
0.022881 15 15 1 1 0
0.0228753 15 15 1 1 0
0.0228697 15 15 1 1 0
0.0228641 15 15 1 1 0
0.0228585 15 15 1 1 0
0.022853 15 15 1 1 0
0.0228475 15 15 1 1 0
0.022842 15 15 1 1 0
0.0228366 15 15 1 1 0
0.0228312 15 15 1 1 0
0.0228258 15 15 1 1 0
0.0228205 15 15 1 1 0
0.0228152 15 15 1 1 0
0.0228099 15 15 1 1 0
0.0228046 15 15 1 1 0
0.0227994 15 15 1 1 0
0.0227942 15 15 1 1 0
0.0227891 15 15 1 1 0
0.022784 15 15 1 1 0
0.0227789 15 15 1 1 0
0.0227738 15 15 1 1 0
0.0227688 15 15 1 1 0
0.0227638 15 15 1 1 0
0.0227588 15 15 1 1 0
0.0227539 15 15 1 1 0
0.022749 15 15 1 1 0
0.0227442 15 15 1 1 0
0.0227393 15 15 1 1 0
0.0227345 15 15 1 1 0
0.0227298 15 15 1 1 0
0.0227251 15 15 1 1 0
0.0227204 15 15 1 1 0
0.0227157 15 15 1 1 0
0.0227111 15 15 1 1 0
0.0227065 15 15 1 1 0
0.0227019 15 15 1 1 0
0.0226974 15 15 1 1 0
0.0226929 15 15 1 1 0
0.0226884 15 15 1 1 0
0.022684 15 15 1 1 0
0.0226796 15 15 1 1 0
0.0226753 15 15 1 1 0
0.022671 15 15 1 1 0
0.0226667 15 15 1 1 0
0.0226624 15 15 1 1 0
0.0226582 15 15 1 1 0
0.022654 15 15 1 1 0
0.0226499 15 15 1 1 0
0.0226458 15 15 1 1 0
0.0226417 15 15 1 1 0
0.0226377 15 15 1 1 0
0.0226337 15 15 1 1 0
0.0226297 15 15 1 1 0
0.0226258 15 15 1 1 0
0.0226219 15 15 1 1 0
0.022618 15 15 1 1 0
0.0226142 15 15 1 1 0
0.0226104 15 15 1 1 0
0.0226067 15 15 1 1 0
0.022603 15 15 1 1 0
0.0225993 15 15 1 1 0
0.0225957 15 15 1 1 0
0.0225921 15 15 1 1 0
0.0225885 15 15 1 1 0
0.022585 15 15 1 1 0
0.0225815 15 15 1 1 0
0.0225781 15 15 1 1 0
0.0225747 15 15 1 1 0
0.0225713 15 15 1 1 0
0.022568 15 15 1 1 0
0.0225647 15 15 1 1 0
0.0225615 15 15 1 1 0
0.0225583 15 15 1 1 0
0.0225551 15 15 1 1 0
0.022552 15 15 1 1 0
0.0225489 15 15 1 1 0
0.0225458 15 15 1 1 0
0.0225428 15 15 1 1 0
0.0225398 15 15 1 1 0
0.0225369 15 15 1 1 0
0.022534 15 15 1 1 0
0.0225312 15 15 1 1 0
0.0225284 15 15 1 1 0
0.0225256 15 15 1 1 0
0.0225229 15 15 1 1 0
0.0225202 15 15 1 1 0
0.0225175 15 15 1 1 0
0.0225149 15 15 1 1 0
0.0225124 15 15 1 1 0
0.0225099 15 15 1 1 0
0.0225074 15 15 1 1 0
0.022505 15 15 1 1 0
0.0225026 15 15 1 1 0
0.0225002 15 15 1 1 0
0.0224979 15 15 1 1 0
0.0224957 15 15 1 1 0
0.0224934 15 15 1 1 0
0.0224913 15 15 1 1 0
0.0224891 15 15 1 1 0
0.022487 15 15 1 1 0
0.022485 15 15 1 1 0
0.022483 15 15 1 1 0
0.0224811 15 15 1 1 0
0.0224792 15 15 1 1 0
0.0224773 15 15 1 1 0
0.0224755 15 15 1 1 0
0.0224737 15 15 1 1 0
0.022472 15 15 1 1 0
0.0224703 15 15 1 1 0
0.0224687 15 15 1 1 0
0.0224671 15 15 1 1 0
0.0224655 15 15 1 1 0
0.0224641 15 15 1 1 0
0.0224626 15 15 1 1 0
0.0224612 15 15 1 1 0
0.0224599 15 15 1 1 0
0.0224586 15 15 1 1 0
0.0224573 15 15 1 1 0
0.0224561 15 15 1 1 0
0.022455 15 15 1 1 0
0.0224538 15 15 1 1 0
0.0224528 15 15 1 1 0
0.0224518 15 15 1 1 0
0.0224508 15 15 1 1 0
0.0224499 15 15 1 1 0
0.0224491 15 15 1 1 0
0.0224483 15 15 1 1 0
0.0224475 15 15 1 1 0
0.0224468 15 15 1 1 0
0.0224461 15 15 1 1 0
0.0224455 15 15 1 1 0
0.022445 15 15 1 1 0
0.0224445 15 15 1 1 0
0.022444 15 15 1 1 0
0.0224436 15 15 1 1 0
0.0224433 15 15 1 1 0
0.022443 15 15 1 1 0
0.0224428 15 15 1 1 0
0.0224426 15 15 1 1 0
0.0224425 15 15 1 1 0
0.0224424 15 15 1 1 0
0.0224424 15 15 1 1 0
0.0224424 15 15 2 1 0
0.0224425 15 15 2 1 0
0.0224426 15 15 2 1 0
0.0224428 15 15 2 1 0
0.0224431 15 15 2 1 0
0.0224434 15 15 2 1 0
0.0224438 15 15 2 1 0
0.0224442 15 15 2 1 0
0.0224447 15 15 2 1 0
0.0224452 15 15 2 1 0
0.0224458 15 15 2 1 0
0.0224464 15 15 2 1 0
0.0224472 15 15 2 1 0
0.0224479 15 15 2 1 0
0.0224488 15 15 2 1 0
0.0224496 15 15 2 1 0
0.0224506 15 15 2 1 0
0.0224516 15 15 2 1 0
0.0224527 15 15 2 1 0
0.0224538 15 15 2 1 0
0.022455 15 15 2 1 0
0.0224563 15 15 2 1 0
0.0224576 15 15 2 1 0
0.022459 15 15 2 1 0
0.0224604 15 15 2 1 0
0.0224619 15 15 2 1 0
0.0224635 15 15 2 1 0
0.0224652 15 15 2 1 0
0.0224669 15 15 2 1 0
0.0224686 15 15 2 1 0
0.0224705 15 15 2 1 0
0.0224724 15 15 2 1 0
0.0224743 15 15 2 1 0
0.0224764 15 15 2 1 0
0.0224785 15 15 2 1 0
0.0224806 15 15 2 1 0
0.0224829 15 15 2 1 0
0.0224852 15 15 2 1 0
0.0224876 15 15 2 1 0
0.02249 15 15 2 1 0
0.0224925 15 15 2 1 0
0.0224951 15 15 2 1 0
0.0224978 15 15 2 1 0
0.0225005 15 15 2 1 0
0.0225033 15 15 2 1 0
0.0225062 15 15 2 1 0
0.0225091 15 15 2 1 0
0.0225121 15 15 2 1 0
0.0225152 15 15 2 1 0
0.0225184 15 15 2 1 0
0.0225216 15 15 2 1 0
0.022525 15 15 2 1 0
0.0225284 15 15 2 1 0
0.0225318 15 15 2 1 0
0.0225354 15 15 2 1 0
0.022539 15 15 2 1 0
0.0225427 15 15 2 1 0
0.0225465 15 15 2 1 0
0.0225503 15 15 2 1 0
0.0225543 15 15 2 1 0
0.0225583 15 15 2 1 0
0.0225624 15 15 2 1 0
0.0225666 15 15 2 1 0
0.0225708 15 15 2 1 0
0.0225752 15 15 2 1 0
0.0225796 15 15 2 1 0
0.0225841 15 15 2 1 0
0.0225887 15 15 2 1 0
0.0225934 15 15 2 1 0
0.0225982 15 15 2 1 0
0.022603 15 15 2 1 0
0.022608 15 15 2 1 0
0.022613 15 15 2 1 0
0.0226181 15 15 2 1 0
0.0226233 15 15 2 1 0
0.0226286 15 15 2 1 0
0.022634 15 15 2 1 0
0.0226395 15 15 2 1 0
0.022645 15 15 2 1 0
0.0226507 15 15 2 1 0
0.0226564 15 15 2 1 0
0.0226623 15 15 2 1 0
0.0226682 15 15 2 1 0
0.0226742 15 15 2 1 0
0.0226804 15 15 2 1 0
0.0226866 15 15 2 1 0
0.0226929 15 15 2 1 0
0.0226993 15 15 2 1 0
0.0227058 15 15 2 1 0
0.0227124 15 15 2 1 0
0.0227192 15 15 2 1 0
0.022726 15 15 2 1 0
0.0227329 15 15 2 1 0
0.0227399 15 15 2 1 0
0.022747 15 15 2 1 0
0.0227543 15 15 2 1 0
0.0227616 15 15 2 1 0
0.022769 15 15 2 1 0
0.0227766 15 15 2 1 0
0.0227842 15 15 2 1 0
0.022792 15 15 2 1 0
0.0227999 15 15 2 1 0
0.0228078 15 15 2 1 0
0.0228159 15 15 2 1 0
0.0228241 15 15 2 1 0
0.0228325 15 15 2 1 0
0.0228409 15 15 2 1 0
0.0228494 15 15 2 1 0
0.0228581 15 15 2 1 0
0.0228669 15 15 2 1 0
0.0228758 15 15 2 1 0
0.0228848 15 15 2 1 0
0.0228939 15 15 2 1 0
0.0229032 15 15 2 1 0
0.0229125 15 15 2 1 0
0.022922 15 15 2 1 0
0.0229317 15 15 2 1 0
0.0229414 15 15 2 1 0
0.0229513 15 15 2 1 0
0.0229613 15 15 2 1 0
0.0229714 15 15 2 1 0
0.0229817 15 15 2 1 0
0.022992 15 15 2 1 0
0.0230026 15 15 2 1 0
0.0230132 15 15 2 1 0
0.023024 15 15 2 1 0
0.0230349 15 15 2 1 0
0.023046 15 15 2 1 0
0.0230572 15 15 2 1 0
0.0230685 15 15 2 1 0
0.02308 15 15 2 1 0
0.0230916 15 15 2 1 0
0.0231034 15 15 2 1 0
0.0231153 15 15 2 1 0
0.0231273 15 15 2 1 0
0.0231395 15 15 2 1 0
0.0231518 15 15 2 1 0
0.0231643 15 15 2 1 0
0.023177 15 15 2 1 0
0.0231898 15 15 2 1 0
0.0232027 15 15 2 1 0
0.0232158 15 15 2 1 0
0.0232291 15 15 2 1 0
0.0232425 15 15 2 1 0
0.0232561 15 15 2 1 0
0.0232698 15 15 2 1 0
0.0232837 15 15 2 1 0
0.0232978 15 15 2 1 0
0.023312 15 15 2 1 0
0.0233264 15 15 2 1 0
0.023341 15 15 2 1 0
0.0233557 15 15 2 1 0
0.0233707 15 15 2 1 0
0.0233857 15 15 2 1 0
0.023401 15 15 2 1 0
0.0234165 15 15 2 1 0
0.0234321 15 15 2 1 0
0.0234479 15 15 2 1 0
0.0234639 15 15 2 1 0
0.02348 15 15 2 1 0
0.0234964 15 15 2 1 0
0.0235129 15 15 2 1 0
0.0235297 15 15 2 1 0
0.0235466 15 15 2 1 0
0.0235637 15 15 2 1 0
0.0235811 15 15 2 1 0
0.0235986 15 15 2 1 0
0.0236163 15 15 2 1 0
0.0236342 15 15 2 1 0
0.0236524 15 15 2 1 0
0.0236707 15 15 2 1 0
0.0236892 15 15 2 1 0
0.023708 15 15 2 1 0
0.023727 15 15 2 1 0
0.0237462 15 15 2 1 0
0.0237656 15 15 2 1 0
0.0237852 15 15 2 1 0
0.0238051 15 15 2 1 0
0.0238251 15 15 2 1 0
0.0238455 15 15 2 1 0
0.023866 15 15 2 1 0
0.0238868 15 15 2 1 0
0.0239078 15 15 2 1 0
0.023929 15 15 2 1 0
0.0239505 15 15 2 1 0
0.0239723 15 15 2 1 0
0.0239943 15 15 2 1 0
0.0240165 15 15 2 1 0
0.024039 15 15 2 1 0
0.0240617 15 15 2 1 0
0.0240847 15 15 2 1 0
0.024108 15 15 2 1 0
0.0241315 15 15 2 1 0
0.0241553 15 15 2 1 0
0.0241794 15 15 2 1 0
0.0242037 15 15 2 1 0
0.0242284 15 15 2 1 0
0.0242533 15 15 2 1 0
0.0242785 15 15 2 1 0
0.0243039 15 15 2 1 0
0.0243297 15 15 2 1 0
0.0243558 15 15 2 1 0
0.0243821 15 15 2 1 0
0.0244088 15 15 2 1 0
0.0244358 15 15 2 1 0
0.024463 15 15 2 1 0
0.0244906 15 15 2 1 0
0.0245185 15 15 2 1 0
0.0245468 15 15 2 1 0
0.0245753 15 15 2 1 0
0.0246042 15 15 2 1 0
0.0246334 15 15 2 1 0
0.024663 15 15 2 1 0
0.0246929 15 15 2 1 0
0.0247232 15 15 2 1 0
0.0247538 15 15 2 1 0
0.0247847 15 15 2 1 0
0.024816 15 15 2 1 0
0.0248477 15 15 2 1 0
0.0248798 15 15 2 1 0
0.0249122 15 15 2 1 0
0.024945 15 15 2 1 0
0.0249782 15 15 2 1 0
0.0250118 15 15 2 1 0
0.0250458 15 15 2 1 0
0.0250802 15 15 2 1 0
0.025115 15 15 2 1 0
0.0251502 15 15 2 1 0
0.0251858 15 15 2 1 0
0.0252218 15 15 2 1 0
0.0252583 15 15 2 1 0
0.0252952 15 15 2 1 0
0.0253326 15 15 2 1 0
0.0253704 15 15 2 1 0
0.0254086 15 15 2 1 0
0.0254473 15 15 2 1 0
0.0254865 15 15 2 1 0
0.0255262 15 15 2 1 0
0.0255663 15 15 2 1 0
0.025607 15 15 2 1 0
0.0256481 15 15 2 1 0
0.0256897 15 15 2 1 0
0.0257318 15 15 2 1 0
0.0257745 15 15 2 1 0
0.0258177 15 15 2 1 0
0.0258614 15 15 2 1 0
0.0259057 15 15 2 1 0
0.0259505 15 15 2 1 0
0.0259958 15 15 2 1 0
0.0260418 15 15 2 1 0
0.0260883 15 15 2 1 0
0.0261354 15 15 2 1 0
0.0261831 15 15 2 1 0
0.0262314 15 15 2 1 0
0.0262803 15 15 2 1 0
0.0263298 15 15 2 1 0
0.02638 15 15 2 1 0
0.0264308 15 15 2 1 0
0.0264823 15 15 2 1 0
0.0265344 15 15 2 1 0
0.0265872 15 15 2 1 0
0.0266407 15 15 2 1 0
0.0266948 15 15 2 1 0
0.0267497 15 15 2 1 0
0.0268054 15 15 2 1 0
0.0268617 15 15 2 1 0
0.0269188 15 15 2 1 0
0.0269767 15 15 2 1 0
0.0270353 15 15 2 1 0
0.0270947 15 15 2 1 0
0.0271549 15 15 2 1 0
0.0272159 15 15 2 1 0
0.0272778 15 15 2 1 0
0.0273405 15 15 2 1 0
0.027404 15 15 2 1 0
0.0274684 15 15 2 1 0
0.0275337 15 15 2 1 0
0.0276 15 15 2 1 0
0.0276671 15 15 2 1 0
0.0277352 15 15 2 1 0
0.0278042 15 15 2 1 0
0.0278742 15 15 2 1 0
0.0279452 15 15 2 1 0
0.0280172 15 15 2 1 0
0.0280902 15 15 2 1 0
0.0281643 15 15 2 1 0
0.0282394 15 15 2 1 0
0.0283156 15 15 2 1 0
0.028393 15 15 2 1 0
0.0284715 15 15 2 1 0
0.0285511 15 15 2 1 0
0.0286319 15 15 2 1 0
0.0287139 15 15 2 1 0
0.0287971 15 15 2 1 0
0.0288816 15 15 2 1 0
0.0289674 15 15 2 1 0
0.0290545 15 15 2 1 0
0.0291429 15 15 2 1 0
0.0292326 15 15 2 1 0
0.0293238 15 15 2 1 0
0.0294163 15 15 2 1 0
0.0295103 15 15 2 1 0
0.0296058 15 15 2 1 0
0.0297028 15 15 2 1 0
0.0298013 15 15 2 1 0
0.0299014 15 15 2 1 0
0.0300031 15 15 2 1 0
0.0301065 15 15 2 1 0
0.0302116 15 15 2 1 0
0.0303183 15 15 2 1 0
0.0304269 15 15 2 1 0
0.0305372 15 15 2 1 0
0.0306494 15 15 2 1 0
0.0307635 15 15 2 1 0
0.0308795 15 15 2 1 0
0.0309975 15 15 2 1 0
0.0311175 15 15 2 1 0
0.0312396 15 15 2 1 0
0.0313638 15 15 2 1 0
0.0314902 15 15 2 1 0
0.0316188 15 15 2 1 0
0.0317497 15 15 2 1 0
0.031883 15 15 2 1 0
0.0320187 15 15 2 1 0
0.0321568 15 15 2 1 0
0.0322975 15 15 2 1 0
0.0324408 15 15 2 1 0
0.0325867 15 15 2 1 0
0.0327354 15 15 2 1 0
0.0328869 15 15 2 1 0
0.0330413 15 15 2 1 0
0.0331986 15 15 2 1 0
0.033359 15 15 2 1 0
0.0335225 15 15 2 1 0
0.0336893 15 15 2 1 0
0.0338594 15 15 2 1 0
0.0340329 15 15 2 1 0
0.0342099 15 15 2 1 0
0.0343905 15 15 2 1 0
0.0345748 15 15 2 1 0
0.0347629 15 15 2 1 0
0.034955 15 15 2 1 0
0.0351512 15 15 2 1 0
0.0353516 15 15 2 1 0
0.0355562 15 15 2 1 0
0.0357654 15 15 2 1 0
0.0359791 15 15 2 1 0
0.0361976 15 15 2 1 0
0.036421 15 15 2 1 0
0.0366494 15 15 2 1 0
0.0368831 15 15 2 1 0
0.0371221 15 15 2 1 0
0.0373668 15 15 2 1 0
0.0376172 15 15 2 1 0
0.0378736 15 15 2 1 0
0.0381362 15 15 2 1 0
0.0384052 15 15 2 1 0
0.0386809 15 15 2 1 0
0.0389634 15 15 2 1 0
0.0392531 15 15 2 1 0
0.0395501 15 15 2 1 0
0.0398549 15 15 2 1 0
0.0401676 15 15 2 1 0
0.0404885 15 15 2 1 0
0.0408181 15 15 2 1 0
0.0411566 15 15 2 1 0
0.0415045 15 15 2 1 0
0.0418619 15 15 2 1 0
0.0422295 15 15 2 1 0
0.0426076 15 15 2 1 0
0.0429966 15 15 2 1 0
0.043397 15 15 2 1 0
0.0438093 15 15 2 1 0
0.044234 15 15 2 1 0
0.0446717 15 15 2 1 0
0.045123 15 15 2 1 0
0.0455885 15 15 2 1 0
0.0460689 15 15 2 1 0
0.0465648 15 15 2 1 0
0.047077 15 15 2 1 0
0.0476063 15 15 2 1 0
0.0481535 15 15 2 1 0
0.0487196 15 15 2 1 0
0.0493056 15 15 2 1 0
0.0499123 15 15 2 1 0
0.050541 15 15 2 1 0
0.0511928 15 15 2 1 0
0.051869 15 15 2 1 0
0.0525709 15 15 2 1 0
0.0532999 15 15 2 1 0
0.0540577 15 15 2 1 0
0.0548459 15 15 2 1 0
0.0556662 15 15 2 1 0
0.0565207 15 15 2 1 0
0.0574113 15 15 2 1 0
0.0583405 15 15 2 1 0
0.0593105 15 15 2 1 0
0.0603241 15 15 2 1 0
0.0613842 15 15 2 1 0
0.0624937 15 15 2 1 0
0.0636562 15 15 2 1 0
0.0648753 15 15 2 1 0
0.066155 15 15 2 1 0
0.0674997 15 15 2 1 0
0.0689142 15 15 2 1 0
0.0704038 15 15 2 1 0
0.0719742 15 15 2 1 0
0.0736316 15 15 2 1 0
0.0753832 15 15 2 1 0
0.0772365 15 15 2 1 0
0.0791997 15 15 2 1 0
0.0812825 15 15 2 1 0
0.0834951 15 15 2 1 0
0.085849 15 15 2 1 0
0.088357 15 15 2 1 0
0.0910332 15 15 2 1 0
0.0938936 15 15 2 1 0
0.0969557 15 15 2 1 0
0.100239 15 15 2 1 0
0.103767 15 15 2 1 0
0.107563 15 15 2 1 0
0.111657 15 15 2 1 0
0.116079 15 15 2 1 0
0.120867 15 15 2 1 0
0.12606 15 15 2 1 0
0.131706 15 15 2 1 0
0.137859 15 15 2 1 0
0.144578 15 15 2 1 0
0.151935 15 15 2 1 0
0.151935 15 15 2 1 0
0.152553 15 15 2 1 0
0.153176 15 15 2 1 0
0.154437 15 15 2 1 0
0.157015 15 15 2 1 0
0.162412 15 15 2 1 0
0.171164 15 15 2 1 0
0.181212 15 15 2 1 0
0.192344 15 15 2 1 0
0.204715 15 15 2 1 0
0.21851 15 15 2 1 0
0.233946 15 15 2 1 0
0.251287 15 15 2 1 0
0.270848 15 15 2 1 0
0.293011 15 15 2 1 0
0.318243 15 15 2 1 0
0.347119 15 15 2 1 0
0.380352 15 15 2 1 0
0.418837 15 15 2 1 0
0.463701 15 15 2 1 0
0.516383 15 15 2 1 0
0.578727 15 15 2 1 0
0.653119 15 15 2 1 0
0.74265 15 15 2 1 0
0.851311 15 15 2 1 0
0.984173 15 15 2 1 0
1.14743 15 15 2 1 0
