0.03 98.6481 98.6481 2 1 0
0.0300014 98.6479 98.6479 1 1 0
0.0300029 98.6476 98.6476 1 1 0
0.0300058 98.647 98.647 1 1 0
0.0300115 98.6459 98.6459 1 1 0
0.0300231 98.6436 98.6436 1 1 0
0.0300412 98.64 98.64 1 1 0
0.0300593 98.6365 98.6365 1 1 0
0.0300774 98.6329 98.6329 1 1 0
0.0300955 98.6294 98.6294 1 1 0
0.0301137 98.6258 98.6258 1 1 0
0.0301319 98.6222 98.6222 1 1 0
0.0301501 98.6187 98.6187 1 1 0
0.0301683 98.6151 98.6151 1 1 0
0.0301866 98.6115 98.6115 1 1 0
0.0302048 98.6079 98.6079 1 1 0
0.0302231 98.6043 98.6043 1 1 0
0.0302414 98.6007 98.6007 1 1 0
0.0302598 98.5971 98.5971 1 1 0
0.0302781 98.5935 98.5935 1 1 0
0.0302965 98.5899 98.5899 1 1 0
0.0303149 98.5863 98.5863 1 1 0
0.0303334 98.5827 98.5827 1 1 0
0.0303518 98.5791 98.5791 1 1 0
0.0303703 98.5755 98.5755 1 1 0
0.0303888 98.5719 98.5719 1 1 0
0.0304073 98.5682 98.5682 1 1 0
0.0304259 98.5646 98.5646 1 1 0
0.0304445 98.561 98.561 1 1 0
0.030463 98.5573 98.5573 1 1 0
0.0304817 98.5537 98.5537 1 1 0
0.0305003 98.55 98.55 1 1 0
0.030519 98.5464 98.5464 1 1 0
0.0305377 98.5427 98.5427 1 1 0
0.0305564 98.5391 98.5391 1 1 0
0.0305751 98.5354 98.5354 1 1 0
0.0305939 98.5318 98.5318 1 1 0
0.0306126 98.5281 98.5281 1 1 0
0.0306314 98.5244 98.5244 1 1 0
0.0306503 98.5208 98.5208 1 1 0
0.0306691 98.5171 98.5171 1 1 0
0.030688 98.5134 98.5134 1 1 0
0.0307069 98.5097 98.5097 1 1 0
0.0307258 98.506 98.506 1 1 0
0.0307448 98.5024 98.5024 1 1 0
0.0307637 98.4987 98.4987 1 1 0
0.0307827 98.495 98.495 1 1 0
0.0308017 98.4913 98.4913 1 1 0
0.0308208 98.4876 98.4876 1 1 0
0.0308399 98.4839 98.4839 1 1 0
0.0308589 98.4801 98.4801 1 1 0
0.0308781 98.4764 98.4764 1 1 0
0.0308972 98.4727 98.4727 1 1 0
0.0309164 98.469 98.469 1 1 0
0.0309356 98.4653 98.4653 1 1 0
0.0309548 98.4615 98.4615 1 1 0
0.030974 98.4578 98.4578 1 1 0
0.0309933 98.4541 98.4541 1 1 0
0.0310126 98.4503 98.4503 1 1 0
0.0310319 98.4466 98.4466 1 1 0
0.0310512 98.4428 98.4428 1 1 0
0.0310706 98.4391 98.4391 1 1 0
0.0310899 98.4353 98.4353 1 1 0
0.0311094 98.4316 98.4316 1 1 0
0.0311288 98.4278 98.4278 1 1 0
0.0311483 98.4241 98.4241 1 1 0
0.0311677 98.4203 98.4203 1 1 0
0.0311872 98.4165 98.4165 1 1 0
0.0312068 98.4128 98.4128 1 1 0
0.0312263 98.409 98.409 1 1 0
0.0312459 98.4052 98.4052 1 1 0
0.0312655 98.4014 98.4014 1 1 0
0.0312852 98.3977 98.3977 1 1 0
0.0313048 98.3939 98.3939 1 1 0
0.0313245 98.3901 98.3901 1 1 0
0.0313442 98.3863 98.3863 1 1 0
0.031364 98.3825 98.3825 1 1 0
0.0313838 98.3787 98.3787 1 1 0
0.0314035 98.3749 98.3749 1 1 0
0.0314234 98.3711 98.3711 1 1 0
0.0314432 98.3673 98.3673 1 1 0
0.0314631 98.3635 98.3635 1 1 0
0.031483 98.3596 98.3596 1 1 0
0.0315029 98.3558 98.3558 1 1 0
0.0315228 98.352 98.352 1 1 0
0.0315428 98.3482 98.3482 1 1 0
0.0315628 98.3443 98.3443 1 1 0
0.0315828 98.3405 98.3405 1 1 0
0.0316029 98.3367 98.3367 1 1 0
0.031623 98.3328 98.3328 1 1 0
0.0316431 98.329 98.329 1 1 0
0.0316632 98.3251 98.3251 1 1 0
0.0316834 98.3213 98.3213 1 1 0
0.0317035 98.3174 98.3174 1 1 0
0.0317238 98.3136 98.3136 1 1 0
0.031744 98.3097 98.3097 1 1 0
0.0317643 98.3059 98.3059 1 1 0
0.0317845 98.302 98.302 1 1 0
0.0318049 98.2981 98.2981 1 1 0
0.0318252 98.2943 98.2943 1 1 0
0.0318456 98.2904 98.2904 1 1 0
0.031866 98.2865 98.2865 1 1 0
0.0318864 98.2827 98.2827 1 1 0
0.0319069 98.2788 98.2788 1 1 0
0.0319274 98.2749 98.2749 1 1 0
0.0319479 98.271 98.271 1 1 0
0.0319684 98.2671 98.2671 1 1 0
0.031989 98.2632 98.2632 1 1 0
0.0320096 98.2593 98.2593 1 1 0
0.0320302 98.2554 98.2554 1 1 0
0.0320508 98.2515 98.2515 1 1 0
0.0320715 98.2476 98.2476 1 1 0
0.0320922 98.2437 98.2437 1 1 0
0.032113 98.2398 98.2398 1 1 0
0.0321337 98.2359 98.2359 1 1 0
0.0321545 98.232 98.232 1 1 0
0.0321753 98.228 98.228 1 1 0
0.0321962 98.2241 98.2241 1 1 0
0.032217 98.2202 98.2202 1 1 0
0.032238 98.2163 98.2163 1 1 0
0.0322589 98.2123 98.2123 1 1 0
0.0322798 98.2084 98.2084 1 1 0
0.0323008 98.2045 98.2045 1 1 0
0.0323219 98.2005 98.2005 1 1 0
0.0323429 98.1966 98.1966 1 1 0
0.032364 98.1926 98.1926 1 1 0
0.0323851 98.1887 98.1887 1 1 0
0.0324062 98.1847 98.1847 1 1 0
0.0324274 98.1808 98.1808 1 1 0
0.0324486 98.1768 98.1768 1 1 0
0.0324698 98.1729 98.1729 1 1 0
0.0324911 98.1689 98.1689 1 1 0
0.0325123 98.1649 98.1649 1 1 0
0.0325337 98.161 98.161 1 1 0
0.032555 98.157 98.157 1 1 0
0.0325764 98.153 98.153 1 1 0
0.0325978 98.149 98.149 1 1 0
0.0326192 98.1451 98.1451 1 1 0
0.0326407 98.1411 98.1411 1 1 0
0.0326621 98.1371 98.1371 1 1 0
0.0326837 98.1331 98.1331 1 1 0
0.0327052 98.1291 98.1291 1 1 0
0.0327268 98.1251 98.1251 1 1 0
0.0327484 98.1211 98.1211 1 1 0
0.0327701 98.1171 98.1171 1 1 0
0.0327917 98.1131 98.1131 1 1 0
0.0328134 98.1091 98.1091 1 1 0
0.0328352 98.1051 98.1051 1 1 0
0.0328569 98.1011 98.1011 1 1 0
0.0328787 98.0971 98.0971 1 1 0
0.0329006 98.0931 98.0931 1 1 0
0.0329224 98.0891 98.0891 1 1 0
0.0329443 98.085 98.085 1 1 0
0.0329662 98.081 98.081 1 1 0
0.0329882 98.077 98.077 1 1 0
0.0330102 98.073 98.073 1 1 0
0.0330322 98.0689 98.0689 1 1 0
0.0330542 98.0649 98.0649 1 1 0
0.0330763 98.0609 98.0609 1 1 0
0.0330984 98.0568 98.0568 1 1 0
0.0331206 98.0528 98.0528 1 1 0
0.0331428 98.0488 98.0488 1 1 0
0.033165 98.0447 98.0447 1 1 0
0.0331872 98.0407 98.0407 1 1 0
0.0332095 98.0366 98.0366 1 1 0
0.0332318 98.0326 98.0326 1 1 0
0.0332541 98.0285 98.0285 1 1 0
0.0332765 98.0244 98.0244 1 1 0
0.0332989 98.0204 98.0204 1 1 0
0.0333213 98.0163 98.0163 1 1 0
0.0333438 98.0122 98.0122 1 1 0
0.0333663 98.0082 98.0082 1 1 0
0.0333888 98.0041 98.0041 1 1 0
0.0334114 98 98 1 1 0
0.033434 97.996 97.996 1 1 0
0.0334566 97.9919 97.9919 1 1 0
0.0334793 97.9878 97.9878 1 1 0
0.033502 97.9837 97.9837 1 1 0
0.0335248 97.9796 97.9796 1 1 0
0.0335475 97.9755 97.9755 1 1 0
0.0335703 97.9715 97.9715 1 1 0
0.0335932 97.9674 97.9674 1 1 0
0.033616 97.9633 97.9633 1 1 0
0.0336389 97.9592 97.9592 1 1 0
0.0336619 97.9551 97.9551 1 1 0
0.0336849 97.951 97.951 1 1 0
0.0337079 97.9469 97.9469 1 1 0
0.0337309 97.9428 97.9428 1 1 0
0.033754 97.9386 97.9386 1 1 0
0.0337771 97.9345 97.9345 1 1 0
0.0338002 97.9304 97.9304 1 1 0
0.0338234 97.9263 97.9263 1 1 0
0.0338466 97.9222 97.9222 1 1 0
0.0338699 97.9181 97.9181 1 1 0
0.0338932 97.9139 97.9139 1 1 0
0.0339165 97.9098 97.9098 1 1 0
0.0339399 97.9057 97.9057 1 1 0
0.0339633 97.9015 97.9015 1 1 0
0.0339867 97.8974 97.8974 1 1 0
0.0340102 97.8933 97.8933 1 1 0
0.0340337 97.8891 97.8891 1 1 0
0.0340572 97.885 97.885 1 1 0
0.0340808 97.8809 97.8809 1 1 0
0.0341044 97.8767 97.8767 1 1 0
0.034128 97.8726 97.8726 1 1 0
0.0341517 97.8684 97.8684 1 1 0
0.0341755 97.8643 97.8643 1 1 0
0.0341992 97.8601 97.8601 1 1 0
0.034223 97.856 97.856 1 1 0
0.0342468 97.8518 97.8518 1 1 0
0.0342707 97.8476 97.8476 1 1 0
0.0342946 97.8435 97.8435 1 1 0
0.0343186 97.8393 97.8393 1 1 0
0.0343425 97.8351 97.8351 1 1 0
0.0343666 97.831 97.831 1 1 0
0.0343906 97.8268 97.8268 1 1 0
0.0344147 97.8226 97.8226 1 1 0
0.0344389 97.8185 97.8185 1 1 0
0.034463 97.8143 97.8143 1 1 0
0.0344872 97.8101 97.8101 1 1 0
0.0345115 97.8059 97.8059 1 1 0
0.0345358 97.8017 97.8017 1 1 0
0.0345601 97.7975 97.7975 1 1 0
0.0345845 97.7934 97.7934 1 1 0
0.0346089 97.7892 97.7892 1 1 0
0.0346333 97.785 97.785 1 1 0
0.0346578 97.7808 97.7808 1 1 0
0.0346823 97.7766 97.7766 1 1 0
0.0347069 97.7724 97.7724 1 1 0
0.0347315 97.7682 97.7682 1 1 0
0.0347561 97.764 97.764 1 1 0
0.0347808 97.7598 97.7598 1 1 0
0.0348055 97.7556 97.7556 1 1 0
0.0348302 97.7514 97.7514 1 1 0
0.034855 97.7471 97.7471 1 1 0
0.0348799 97.7429 97.7429 1 1 0
0.0349048 97.7387 97.7387 1 1 0
0.0349297 97.7345 97.7345 1 1 0
0.0349546 97.7303 97.7303 1 1 0
0.0349796 97.7261 97.7261 1 1 0
0.0350047 97.7218 97.7218 1 1 0
0.0350298 97.7176 97.7176 1 1 0
0.0350549 97.7134 97.7134 1 1 0
0.0350801 97.7092 97.7092 1 1 0
0.0351053 97.7049 97.7049 1 1 0
0.0351305 97.7007 97.7007 1 1 0
0.0351558 97.6965 97.6965 1 1 0
0.0351811 97.6922 97.6922 1 1 0
0.0352065 97.688 97.688 1 1 0
0.0352319 97.6837 97.6837 1 1 0
0.0352574 97.6795 97.6795 1 1 0
0.0352829 97.6753 97.6753 1 1 0
0.0353084 97.671 97.671 1 1 0
0.035334 97.6668 97.6668 1 1 0
0.0353596 97.6625 97.6625 1 1 0
0.0353853 97.6583 97.6583 1 1 0
0.035411 97.654 97.654 1 1 0
0.0354368 97.6497 97.6497 1 1 0
0.0354626 97.6455 97.6455 1 1 0
0.0354884 97.6412 97.6412 1 1 0
0.0355143 97.637 97.637 1 1 0
0.0355402 97.6327 97.6327 1 1 0
0.0355662 97.6284 97.6284 1 1 0
0.0355922 97.6242 97.6242 1 1 0
0.0356183 97.6199 97.6199 1 1 0
0.0356444 97.6156 97.6156 1 1 0
0.0356706 97.6114 97.6114 1 1 0
0.0356968 97.6071 97.6071 1 1 0
0.035723 97.6028 97.6028 1 1 0
0.0357493 97.5985 97.5985 1 1 0
0.0357756 97.5943 97.5943 1 1 0
0.035802 97.59 97.59 1 1 0
0.0358284 97.5857 97.5857 1 1 0
0.0358549 97.5814 97.5814 1 1 0
0.0358814 97.5771 97.5771 1 1 0
0.035908 97.5728 97.5728 1 1 0
0.0359346 97.5685 97.5685 1 1 0
0.0359612 97.5643 97.5643 1 1 0
0.0359879 97.56 97.56 1 1 0
0.0360147 97.5557 97.5557 1 1 0
0.0360415 97.5514 97.5514 1 1 0
0.0360683 97.5471 97.5471 1 1 0
0.0360952 97.5428 97.5428 1 1 0
0.0361221 97.5385 97.5385 1 1 0
0.0361491 97.5342 97.5342 1 1 0
0.0361762 97.5299 97.5299 1 1 0
0.0362032 97.5256 97.5256 1 1 0
0.0362304 97.5212 97.5212 1 1 0
0.0362575 97.5169 97.5169 1 1 0
0.0362848 97.5126 97.5126 1 1 0
0.036312 97.5083 97.5083 1 1 0
0.0363393 97.504 97.504 1 1 0
0.0363667 97.4997 97.4997 1 1 0
0.0363941 97.4954 97.4954 1 1 0
0.0364216 97.491 97.491 1 1 0
0.0364491 97.4867 97.4867 1 1 0
0.0364767 97.4824 97.4824 1 1 0
0.0365043 97.4781 97.4781 1 1 0
0.036532 97.4737 97.4737 1 1 0
0.0365597 97.4694 97.4694 1 1 0
0.0365874 97.4651 97.4651 1 1 0
0.0366152 97.4608 97.4608 1 1 0
0.0366431 97.4564 97.4564 1 1 0
0.036671 97.4521 97.4521 1 1 0
0.036699 97.4478 97.4478 1 1 0
0.036727 97.4434 97.4434 1 1 0
0.0367551 97.4391 97.4391 1 1 0
0.0367832 97.4348 97.4348 1 1 0
0.0368114 97.4304 97.4304 1 1 0
0.0368396 97.4261 97.4261 1 1 0
0.0368679 97.4217 97.4217 1 1 0
0.0368962 97.4174 97.4174 1 1 0
0.0369246 97.413 97.413 1 1 0
0.036953 97.4087 97.4087 1 1 0
0.0369815 97.4043 97.4043 1 1 0
0.03701 97.4 97.4 1 1 0
0.0370386 97.3956 97.3956 1 1 0
0.0370673 97.3913 97.3913 1 1 0
0.037096 97.3869 97.3869 1 1 0
0.0371247 97.3826 97.3826 1 1 0
0.0371535 97.3782 97.3782 1 1 0
0.0371824 97.3739 97.3739 1 1 0
0.0372113 97.3695 97.3695 1 1 0
0.0372403 97.3651 97.3651 1 1 0
0.0372693 97.3608 97.3608 1 1 0
0.0372984 97.3564 97.3564 1 1 0
0.0373275 97.352 97.352 1 1 0
0.0373567 97.3477 97.3477 1 1 0
0.0373859 97.3433 97.3433 1 1 0
0.0374152 97.3389 97.3389 1 1 0
0.0374446 97.3346 97.3346 1 1 0
0.037474 97.3302 97.3302 1 1 0
0.0375035 97.3258 97.3258 1 1 0
0.037533 97.3214 97.3214 1 1 0
0.0375626 97.3171 97.3171 1 1 0
0.0375922 97.3127 97.3127 1 1 0
0.0376219 97.3083 97.3083 1 1 0
0.0376517 97.3039 97.3039 1 1 0
0.0376815 97.2996 97.2996 1 1 0
0.0377113 97.2952 97.2952 1 1 0
0.0377413 97.2908 97.2908 1 1 0
0.0377713 97.2864 97.2864 1 1 0
0.0378013 97.282 97.282 1 1 0
0.0378314 97.2776 97.2776 1 1 0
0.0378616 97.2732 97.2732 1 1 0
0.0378918 97.2689 97.2689 1 1 0
0.037922 97.2645 97.2645 1 1 0
0.0379524 97.2601 97.2601 1 1 0
0.0379828 97.2557 97.2557 1 1 0
0.0380132 97.2513 97.2513 1 1 0
0.0380437 97.2469 97.2469 1 1 0
0.0380743 97.2425 97.2425 1 1 0
0.038105 97.2381 97.2381 1 1 0
0.0381357 97.2337 97.2337 1 1 0
0.0381664 97.2293 97.2293 1 1 0
0.0381972 97.2249 97.2249 1 1 0
0.0382281 97.2205 97.2205 1 1 0
0.0382591 97.2161 97.2161 1 1 0
0.0382901 97.2117 97.2117 1 1 0
0.0383211 97.2073 97.2073 1 1 0
0.0383523 97.2029 97.2029 1 1 0
0.0383835 97.1985 97.1985 1 1 0
0.0384147 97.1941 97.1941 1 1 0
0.038446 97.1897 97.1897 1 1 0
0.0384774 97.1853 97.1853 1 1 0
0.0385089 97.1808 97.1808 1 1 0
0.0385404 97.1764 97.1764 1 1 0
0.0385719 97.172 97.172 1 1 0
0.0386036 97.1676 97.1676 1 1 0
0.0386353 97.1632 97.1632 1 1 0
0.038667 97.1588 97.1588 1 1 0
0.0386989 97.1544 97.1544 1 1 0
0.0387308 97.1499 97.1499 1 1 0
0.0387627 97.1455 97.1455 1 1 0
0.0387947 97.1411 97.1411 1 1 0
0.0388268 97.1367 97.1367 1 1 0
0.038859 97.1323 97.1323 1 1 0
0.0388912 97.1279 97.1279 1 1 0
0.0389235 97.1234 97.1234 1 1 0
0.0389559 97.119 97.119 1 1 0
0.0389883 97.1146 97.1146 1 1 0
0.0390208 97.1102 97.1102 1 1 0
0.0390534 97.1057 97.1057 1 1 0
0.039086 97.1013 97.1013 1 1 0
0.0391187 97.0969 97.0969 1 1 0
0.0391515 97.0925 97.0925 1 1 0
0.0391843 97.088 97.088 1 1 0
0.0392172 97.0836 97.0836 1 1 0
0.0392502 97.0792 97.0792 1 1 0
0.0392832 97.0747 97.0747 1 1 0
0.0393163 97.0703 97.0703 1 1 0
0.0393495 97.0659 97.0659 1 1 0
0.0393828 97.0614 97.0614 1 1 0
0.0394161 97.057 97.057 1 1 0
0.0394495 97.0526 97.0526 1 1 0
0.039483 97.0481 97.0481 1 1 0
0.0395165 97.0437 97.0437 1 1 0
0.0395501 97.0393 97.0393 1 1 0
0.0395838 97.0348 97.0348 1 1 0
0.0396175 97.0304 97.0304 1 1 0
0.0396514 97.026 97.026 1 1 0
0.0396853 97.0215 97.0215 1 1 0
0.0397192 97.0171 97.0171 1 1 0
0.0397533 97.0126 97.0126 1 1 0
0.0397874 97.0082 97.0082 1 1 0
0.0398216 97.0038 97.0038 1 1 0
0.0398559 96.9993 96.9993 1 1 0
0.0398902 96.9949 96.9949 1 1 0
0.0399246 96.9904 96.9904 1 1 0
0.0399591 96.986 96.986 1 1 0
0.0399937 96.9815 96.9815 1 1 0
0.0400283 96.9771 96.9771 1 1 0
0.040063 96.9727 96.9727 1 1 0
0.0400978 96.9682 96.9682 1 1 0
0.0401327 96.9638 96.9638 1 1 0
0.0401677 96.9593 96.9593 1 1 0
0.0402027 96.9549 96.9549 1 1 0
0.0402378 96.9504 96.9504 1 1 0
0.040273 96.946 96.946 1 1 0
0.0403082 96.9415 96.9415 1 1 0
0.0403436 96.9371 96.9371 1 1 0
0.040379 96.9326 96.9326 1 1 0
0.0404145 96.9282 96.9282 1 1 0
0.0404501 96.9237 96.9237 1 1 0
0.0404857 96.9193 96.9193 1 1 0
0.0405214 96.9148 96.9148 1 1 0
0.0405573 96.9104 96.9104 1 1 0
0.0405932 96.9059 96.9059 1 1 0
0.0406291 96.9015 96.9015 1 1 0
0.0406652 96.897 96.897 1 1 0
0.0407013 96.8926 96.8926 1 1 0
0.0407375 96.8881 96.8881 1 1 0
0.0407738 96.8837 96.8837 1 1 0
0.0408102 96.8792 96.8792 1 1 0
0.0408467 96.8748 96.8748 1 1 0
0.0408832 96.8703 96.8703 1 1 0
0.0409199 96.8659 96.8659 1 1 0
0.0409566 96.8614 96.8614 1 1 0
0.0409934 96.857 96.857 1 1 0
0.0410303 96.8525 96.8525 1 1 0
0.0410673 96.8481 96.8481 1 1 0
0.0411043 96.8436 96.8436 1 1 0
0.0411415 96.8392 96.8392 1 1 0
0.0411787 96.8347 96.8347 1 1 0
0.041216 96.8303 96.8303 1 1 0
0.0412534 96.8258 96.8258 1 1 0
0.0412909 96.8214 96.8214 1 1 0
0.0413285 96.8169 96.8169 1 1 0
0.0413661 96.8125 96.8125 1 1 0
0.0414039 96.808 96.808 1 1 0
0.0414417 96.8036 96.8036 1 1 0
0.0414796 96.7991 96.7991 1 1 0
0.0415176 96.7946 96.7946 1 1 0
0.0415557 96.7902 96.7902 1 1 0
0.0415939 96.7857 96.7857 1 1 0
0.0416322 96.7813 96.7813 1 1 0
0.0416706 96.7768 96.7768 1 1 0
0.0417091 96.7724 96.7724 1 1 0
0.0417476 96.7679 96.7679 1 1 0
0.0417863 96.7635 96.7635 1 1 0
0.041825 96.759 96.759 1 1 0
0.0418638 96.7546 96.7546 1 1 0
0.0419027 96.7501 96.7501 1 1 0
0.0419418 96.7457 96.7457 1 1 0
0.0419809 96.7412 96.7412 1 1 0
0.0420201 96.7368 96.7368 1 1 0
0.0420594 96.7323 96.7323 1 1 0
0.0420987 96.7279 96.7279 1 1 0
0.0421382 96.7234 96.7234 1 1 0
0.0421778 96.719 96.719 1 1 0
0.0422175 96.7145 96.7145 1 1 0
0.0422572 96.7101 96.7101 1 1 0
0.0422971 96.7056 96.7056 1 1 0
0.0423371 96.7012 96.7012 1 1 0
0.0423771 96.6967 96.6967 1 1 0
0.0424173 96.6923 96.6923 1 1 0
0.0424575 96.6878 96.6878 1 1 0
0.0424979 96.6834 96.6834 1 1 0
0.0425383 96.6789 96.6789 1 1 0
0.0425789 96.6745 96.6745 1 1 0
0.0426195 96.67 96.67 1 1 0
0.0426603 96.6656 96.6656 1 1 0
0.0427011 96.6612 96.6612 1 1 0
0.0427421 96.6567 96.6567 1 1 0
0.0427831 96.6523 96.6523 1 1 0
0.0428243 96.6478 96.6478 1 1 0
0.0428655 96.6434 96.6434 1 1 0
0.0429068 96.6389 96.6389 1 1 0
0.0429483 96.6345 96.6345 1 1 0
0.0429899 96.6301 96.6301 1 1 0
0.0430315 96.6256 96.6256 1 1 0
0.0430733 96.6212 96.6212 1 1 0
0.0431151 96.6167 96.6167 1 1 0
0.0431571 96.6123 96.6123 1 1 0
0.0431992 96.6079 96.6079 1 1 0
0.0432414 96.6034 96.6034 1 1 0
0.0432836 96.599 96.599 1 1 0
0.043326 96.5946 96.5946 1 1 0
0.0433685 96.5901 96.5901 1 1 0
0.0434111 96.5857 96.5857 1 1 0
0.0434538 96.5813 96.5813 1 1 0
0.0434966 96.5768 96.5768 1 1 0
0.0435396 96.5724 96.5724 1 1 0
0.0435826 96.568 96.568 1 1 0
0.0436257 96.5635 96.5635 1 1 0
0.043669 96.5591 96.5591 1 1 0
0.0437124 96.5547 96.5547 1 1 0
0.0437558 96.5503 96.5503 1 1 0
0.0437994 96.5458 96.5458 1 1 0
0.0438431 96.5414 96.5414 1 1 0
0.0438869 96.537 96.537 1 1 0
0.0439308 96.5326 96.5326 1 1 0
0.0439748 96.5282 96.5282 1 1 0
0.044019 96.5237 96.5237 1 1 0
0.0440632 96.5193 96.5193 1 1 0
0.0441076 96.5149 96.5149 1 1 0
0.0441521 96.5105 96.5105 1 1 0
0.0441966 96.5061 96.5061 1 1 0
0.0442414 96.5017 96.5017 1 1 0
0.0442862 96.4972 96.4972 1 1 0
0.0443311 96.4928 96.4928 1 1 0
0.0443762 96.4884 96.4884 1 1 0
0.0444213 96.484 96.484 1 1 0
0.0444666 96.4796 96.4796 1 1 0
0.044512 96.4752 96.4752 1 1 0
0.0445575 96.4708 96.4708 1 1 0
0.0446032 96.4664 96.4664 1 1 0
0.0446489 96.462 96.462 1 1 0
0.0446948 96.4576 96.4576 1 1 0
0.0447408 96.4532 96.4532 1 1 0
0.0447869 96.4488 96.4488 1 1 0
0.0448331 96.4444 96.4444 1 1 0
0.0448795 96.44 96.44 1 1 0
0.044926 96.4356 96.4356 1 1 0
0.0449726 96.4312 96.4312 1 1 0
0.0450193 96.4268 96.4268 1 1 0
0.0450661 96.4224 96.4224 1 1 0
0.0451131 96.4181 96.4181 1 1 0
0.0451602 96.4137 96.4137 1 1 0
0.0452074 96.4093 96.4093 1 1 0
0.0452547 96.4049 96.4049 1 1 0
0.0453022 96.4005 96.4005 1 1 0
0.0453498 96.3961 96.3961 1 1 0
0.0453975 96.3918 96.3918 1 1 0
0.0454453 96.3874 96.3874 1 1 0
0.0454933 96.383 96.383 1 1 0
0.0455414 96.3787 96.3787 1 1 0
0.0455896 96.3743 96.3743 1 1 0
0.045638 96.3699 96.3699 1 1 0
0.0456864 96.3656 96.3656 1 1 0
0.045735 96.3612 96.3612 1 1 0
0.0457838 96.3568 96.3568 1 1 0
0.0458326 96.3525 96.3525 1 1 0
0.0458816 96.3481 96.3481 1 1 0
0.0459308 96.3438 96.3438 1 1 0
0.04598 96.3394 96.3394 1 1 0
0.0460294 96.3351 96.3351 1 1 0
0.0460789 96.3307 96.3307 1 1 0
0.0461286 96.3264 96.3264 1 1 0
0.0461783 96.322 96.322 1 1 0
0.0462283 96.3177 96.3177 1 1 0
0.0462783 96.3133 96.3133 1 1 0
0.0463285 96.309 96.309 1 1 0
0.0463788 96.3047 96.3047 1 1 0
0.0464293 96.3003 96.3003 1 1 0
0.0464799 96.296 96.296 1 1 0
0.0465306 96.2917 96.2917 1 1 0
0.0465815 96.2873 96.2873 1 1 0
0.0466325 96.283 96.283 1 1 0
0.0466836 96.2787 96.2787 1 1 0
0.0467349 96.2744 96.2744 1 1 0
0.0467863 96.2701 96.2701 1 1 0
0.0468378 96.2658 96.2658 1 1 0
0.0468895 96.2614 96.2614 1 1 0
0.0469414 96.2571 96.2571 1 1 0
0.0469933 96.2528 96.2528 1 1 0
0.0470455 96.2485 96.2485 1 1 0
0.0470977 96.2442 96.2442 1 1 0
0.0471501 96.2399 96.2399 1 1 0
0.0472026 96.2356 96.2356 1 1 0
0.0472553 96.2314 96.2314 1 1 0
0.0473082 96.2271 96.2271 1 1 0
0.0473611 96.2228 96.2228 1 1 0
0.0474142 96.2185 96.2185 1 1 0
0.0474675 96.2142 96.2142 1 1 0
0.0475209 96.2099 96.2099 1 1 0
0.0475744 96.2057 96.2057 1 1 0
0.0476281 96.2014 96.2014 1 1 0
0.047682 96.1971 96.1971 1 1 0
0.0477359 96.1929 96.1929 1 1 0
0.0477901 96.1886 96.1886 1 1 0
0.0478444 96.1844 96.1844 1 1 0
0.0478988 96.1801 96.1801 1 1 0
0.0479534 96.1758 96.1758 1 1 0
0.0480081 96.1716 96.1716 1 1 0
0.048063 96.1674 96.1674 1 1 0
0.048118 96.1631 96.1631 1 1 0
0.0481731 96.1589 96.1589 1 1 0
0.0482285 96.1546 96.1546 1 1 0
0.0482839 96.1504 96.1504 1 1 0
0.0483396 96.1462 96.1462 1 1 0
0.0483953 96.142 96.142 1 1 0
0.0484513 96.1377 96.1377 1 1 0
0.0485074 96.1335 96.1335 1 1 0
0.0485636 96.1293 96.1293 1 1 0
0.04862 96.1251 96.1251 1 1 0
0.0486765 96.1209 96.1209 1 1 0
0.0487332 96.1167 96.1167 1 1 0
0.0487901 96.1125 96.1125 1 1 0
0.0488471 96.1083 96.1083 1 1 0
0.0489043 96.1041 96.1041 1 1 0
0.0489616 96.0999 96.0999 1 1 0
0.049019 96.0957 96.0957 1 1 0
0.0490767 96.0916 96.0916 1 1 0
0.0491345 96.0874 96.0874 1 1 0
0.0491924 96.0832 96.0832 1 1 0
0.0492505 96.079 96.079 1 1 0
0.0493088 96.0749 96.0749 1 1 0
0.0493672 96.0707 96.0707 1 1 0
0.0494258 96.0666 96.0666 1 1 0
0.0494845 96.0624 96.0624 1 1 0
0.0495434 96.0583 96.0583 1 1 0
0.0496025 96.0541 96.0541 1 1 0
0.0496617 96.05 96.05 1 1 0
0.0497211 96.0459 96.0459 1 1 0
0.0497807 96.0417 96.0417 1 1 0
0.0498404 96.0376 96.0376 1 1 0
0.0499002 96.0335 96.0335 1 1 0
0.0499603 96.0294 96.0294 1 1 0
0.0500205 96.0253 96.0253 1 1 0
0.0500808 96.0211 96.0211 1 1 0
0.0501414 96.017 96.017 1 1 0
0.050202 96.0129 96.0129 1 1 0
0.0502629 96.0089 96.0089 1 1 0
0.0503239 96.0048 96.0048 1 1 0
0.0503851 96.0007 96.0007 1 1 0
0.0504464 95.9966 95.9966 1 1 0
0.050508 95.9925 95.9925 1 1 0
0.0505696 95.9885 95.9885 1 1 0
0.0506315 95.9844 95.9844 1 1 0
0.0506935 95.9803 95.9803 1 1 0
0.0507557 95.9763 95.9763 1 1 0
0.050818 95.9722 95.9722 1 1 0
0.0508805 95.9682 95.9682 1 1 0
0.0509432 95.9642 95.9642 1 1 0
0.0510061 95.9601 95.9601 1 1 0
0.0510691 95.9561 95.9561 1 1 0
0.0511323 95.9521 95.9521 1 1 0
0.0511957 95.9481 95.9481 1 1 0
0.0512592 95.944 95.944 1 1 0
0.0513229 95.94 95.94 1 1 0
0.0513867 95.936 95.936 1 1 0
0.0514508 95.932 95.932 1 1 0
0.051515 95.9281 95.9281 1 1 0
0.0515794 95.9241 95.9241 1 1 0
0.0516439 95.9201 95.9201 1 1 0
0.0517087 95.9161 95.9161 1 1 0
0.0517735 95.9121 95.9121 1 1 0
0.0518386 95.9082 95.9082 1 1 0
0.0519039 95.9042 95.9042 1 1 0
0.0519693 95.9003 95.9003 1 1 0
0.0520348 95.8963 95.8963 1 1 0
0.0521006 95.8924 95.8924 1 1 0
0.0521665 95.8885 95.8885 1 1 0
0.0522326 95.8845 95.8845 1 1 0
0.0522989 95.8806 95.8806 1 1 0
0.0523654 95.8767 95.8767 1 1 0
0.052432 95.8728 95.8728 1 1 0
0.0524988 95.8689 95.8689 1 1 0
0.0525657 95.865 95.865 1 1 0
0.0526329 95.8611 95.8611 1 1 0
0.0527002 95.8572 95.8572 1 1 0
0.0527677 95.8533 95.8533 1 1 0
0.0528354 95.8495 95.8495 1 1 0
0.0529032 95.8456 95.8456 1 1 0
0.0529712 95.8417 95.8417 1 1 0
0.0530394 95.8379 95.8379 1 1 0
0.0531078 95.8341 95.8341 1 1 0
0.0531763 95.8302 95.8302 1 1 0
0.0532451 95.8264 95.8264 1 1 0
0.0533139 95.8226 95.8226 1 1 0
0.053383 95.8187 95.8187 1 1 0
0.0534523 95.8149 95.8149 1 1 0
0.0535217 95.8111 95.8111 1 1 0
0.0535913 95.8073 95.8073 1 1 0
0.0536611 95.8035 95.8035 1 1 0
0.053731 95.7997 95.7997 1 1 0
0.0538011 95.796 95.796 1 1 0
0.0538714 95.7922 95.7922 1 1 0
0.0539419 95.7884 95.7884 1 1 0
0.0540126 95.7847 95.7847 1 1 0
0.0540834 95.7809 95.7809 1 1 0
0.0541544 95.7772 95.7772 1 1 0
0.0542256 95.7734 95.7734 1 1 0
0.0542969 95.7697 95.7697 1 1 0
0.0543685 95.766 95.766 1 1 0
0.0544402 95.7623 95.7623 1 1 0
0.0545121 95.7586 95.7586 1 1 0
0.0545841 95.7549 95.7549 1 1 0
0.0546564 95.7512 95.7512 1 1 0
0.0547288 95.7475 95.7475 1 1 0
0.0548014 95.7438 95.7438 1 1 0
0.0548741 95.7402 95.7402 1 1 0
0.0549471 95.7365 95.7365 1 1 0
0.0550202 95.7328 95.7328 1 1 0
0.0550935 95.7292 95.7292 1 1 0
0.0551669 95.7256 95.7256 1 1 0
0.0552406 95.7219 95.7219 1 1 0
0.0553144 95.7183 95.7183 1 1 0
0.0553884 95.7147 95.7147 1 1 0
0.0554626 95.7111 95.7111 1 1 0
0.0555369 95.7075 95.7075 1 1 0
0.0556114 95.7039 95.7039 1 1 0
0.0556861 95.7003 95.7003 1 1 0
0.055761 95.6967 95.6967 1 1 0
0.055836 95.6932 95.6932 1 1 0
0.0559113 95.6896 95.6896 1 1 0
0.0559866 95.6861 95.6861 1 1 0
0.0560622 95.6825 95.6825 1 1 0
0.0561379 95.679 95.679 1 1 0
0.0562139 95.6754 95.6754 1 1 0
0.0562899 95.6719 95.6719 1 1 0
0.0563662 95.6684 95.6684 1 1 0
0.0564426 95.6649 95.6649 1 1 0
0.0565192 95.6614 95.6614 1 1 0
0.056596 95.6579 95.6579 1 1 0
0.056673 95.6545 95.6545 1 1 0
0.0567501 95.651 95.651 1 1 0
0.0568274 95.6475 95.6475 1 1 0
0.0569048 95.6441 95.6441 1 1 0
0.0569825 95.6406 95.6406 1 1 0
0.0570603 95.6372 95.6372 1 1 0
0.0571382 95.6338 95.6338 1 1 0
0.0572164 95.6304 95.6304 1 1 0
0.0572947 95.627 95.627 1 1 0
0.0573732 95.6236 95.6236 1 1 0
0.0574518 95.6202 95.6202 1 1 0
0.0575306 95.6168 95.6168 1 1 0
0.0576096 95.6134 95.6134 1 1 0
0.0576888 95.61 95.61 1 1 0
0.0577681 95.6067 95.6067 1 1 0
0.0578476 95.6033 95.6033 1 1 0
0.0579272 95.6 95.6 1 1 0
0.0580071 95.5967 95.5967 1 1 0
0.058087 95.5934 95.5934 1 1 0
0.0581672 95.59 95.59 1 1 0
0.0582475 95.5867 95.5867 1 1 0
0.058328 95.5835 95.5835 1 1 0
0.0584086 95.5802 95.5802 1 1 0
0.0584895 95.5769 95.5769 1 1 0
0.0585704 95.5736 95.5736 1 1 0
0.0586516 95.5704 95.5704 1 1 0
0.0587329 95.5671 95.5671 1 1 0
0.0588143 95.5639 95.5639 1 1 0
0.058896 95.5607 95.5607 1 1 0
0.0589777 95.5574 95.5574 1 1 0
0.0590597 95.5542 95.5542 1 1 0
0.0591418 95.551 95.551 1 1 0
0.0592241 95.5478 95.5478 1 1 0
0.0593065 95.5447 95.5447 1 1 0
0.0593891 95.5415 95.5415 1 1 0
0.0594718 95.5383 95.5383 1 1 0
0.0595547 95.5352 95.5352 1 1 0
0.0596378 95.532 95.532 1 1 0
0.059721 95.5289 95.5289 1 1 0
0.0598044 95.5258 95.5258 1 1 0
0.0598879 95.5226 95.5226 1 1 0
0.0599716 95.5195 95.5195 1 1 0
0.0600554 95.5164 95.5164 1 1 0
0.0601394 95.5134 95.5134 1 1 0
0.0602235 95.5103 95.5103 1 1 0
0.0603078 95.5072 95.5072 1 1 0
0.0603923 95.5042 95.5042 1 1 0
0.0604769 95.5011 95.5011 1 1 0
0.0605616 95.4981 95.4981 1 1 0
0.0606465 95.495 95.495 1 1 0
0.0607316 95.492 95.492 1 1 0
0.0608167 95.489 95.489 1 1 0
0.0609021 95.486 95.486 1 1 0
0.0609876 95.483 95.483 1 1 0
0.0610732 95.48 95.48 1 1 0
0.061159 95.4771 95.4771 1 1 0
0.0612449 95.4741 95.4741 1 1 0
0.061331 95.4711 95.4711 1 1 0
0.0614173 95.4682 95.4682 1 1 0
0.0615036 95.4653 95.4653 1 1 0
0.0615901 95.4623 95.4623 1 1 0
0.0616768 95.4594 95.4594 1 1 0
0.0617636 95.4565 95.4565 1 1 0
0.0618505 95.4536 95.4536 1 1 0
0.0619376 95.4508 95.4508 1 1 0
0.0620248 95.4479 95.4479 1 1 0
0.0621122 95.445 95.445 1 1 0
0.0621997 95.4422 95.4422 1 1 0
0.0622873 95.4393 95.4393 1 1 0
0.0623751 95.4365 95.4365 1 1 0
0.062463 95.4337 95.4337 1 1 0
0.062551 95.4308 95.4308 1 1 0
0.0626392 95.428 95.428 1 1 0
0.0627275 95.4252 95.4252 1 1 0
0.062816 95.4225 95.4225 1 1 0
0.0629045 95.4197 95.4197 1 1 0
0.0629933 95.4169 95.4169 1 1 0
0.0630821 95.4142 95.4142 1 1 0
0.0631711 95.4114 95.4114 1 1 0
0.0632602 95.4087 95.4087 1 1 0
0.0633494 95.406 95.406 1 1 0
0.0634388 95.4032 95.4032 1 1 0
0.0635283 95.4005 95.4005 1 1 0
0.0636179 95.3978 95.3978 1 1 0
0.0637077 95.3951 95.3951 1 1 0
0.0637975 95.3925 95.3925 1 1 0
0.0638875 95.3898 95.3898 1 1 0
0.0639777 95.3871 95.3871 1 1 0
0.0640679 95.3845 95.3845 1 1 0
0.0641583 95.3819 95.3819 1 1 0
0.0642488 95.3792 95.3792 1 1 0
0.0643394 95.3766 95.3766 1 1 0
0.0644301 95.374 95.374 1 1 0
0.064521 95.3714 95.3714 1 1 0
0.064612 95.3688 95.3688 1 1 0
0.0647031 95.3662 95.3662 1 1 0
0.0647943 95.3637 95.3637 1 1 0
0.0648856 95.3611 95.3611 1 1 0
0.0649771 95.3586 95.3586 1 1 0
0.0650686 95.356 95.356 1 1 0
0.0651603 95.3535 95.3535 1 1 0
0.0652521 95.351 95.351 1 1 0
0.065344 95.3485 95.3485 1 1 0
0.0654361 95.346 95.346 1 1 0
0.0655282 95.3435 95.3435 1 1 0
0.0656204 95.341 95.341 1 1 0
0.0657128 95.3385 95.3385 1 1 0
0.0658053 95.3361 95.3361 1 1 0
0.0658978 95.3336 95.3336 1 1 0
0.0659905 95.3312 95.3312 1 1 0
0.0660833 95.3287 95.3287 1 1 0
0.0661762 95.3263 95.3263 1 1 0
0.0662692 95.3239 95.3239 1 1 0
0.0663623 95.3215 95.3215 1 1 0
0.0664556 95.3191 95.3191 1 1 0
0.0665489 95.3167 95.3167 1 1 0
0.0666423 95.3143 95.3143 1 1 0
0.0667358 95.312 95.312 1 1 0
0.0668295 95.3096 95.3096 1 1 0
0.0669232 95.3073 95.3073 1 1 0
0.0670171 95.3049 95.3049 1 1 0
0.067111 95.3026 95.3026 1 1 0
0.067205 95.3003 95.3003 1 1 0
0.0672992 95.298 95.298 1 1 0
0.0673934 95.2957 95.2957 1 1 0
0.0674877 95.2934 95.2934 1 1 0
0.0675821 95.2911 95.2911 1 1 0
0.0676767 95.2888 95.2888 1 1 0
0.0677713 95.2866 95.2866 1 1 0
0.067866 95.2843 95.2843 1 1 0
0.0679608 95.2821 95.2821 1 1 0
0.0680557 95.2798 95.2798 1 1 0
0.0681507 95.2776 95.2776 1 1 0
0.0682458 95.2754 95.2754 1 1 0
0.0683409 95.2732 95.2732 1 1 0
0.0684362 95.271 95.271 1 1 0
0.0685315 95.2688 95.2688 1 1 0
0.068627 95.2666 95.2666 1 1 0
0.0687225 95.2644 95.2644 1 1 0
0.0688181 95.2623 95.2623 1 1 0
0.0689138 95.2601 95.2601 1 1 0
0.0690096 95.258 95.258 1 1 0
0.0691055 95.2558 95.2558 1 1 0
0.0692015 95.2537 95.2537 1 1 0
0.0692975 95.2516 95.2516 1 1 0
0.0693936 95.2495 95.2495 1 1 0
0.0694899 95.2474 95.2474 1 1 0
0.0695861 95.2453 95.2453 1 1 0
0.0696825 95.2432 95.2432 1 1 0
0.069779 95.2412 95.2412 1 1 0
0.0698755 95.2391 95.2391 1 1 0
0.0699721 95.237 95.237 1 1 0
0.0700688 95.235 95.235 1 1 0
0.0701656 95.233 95.233 1 1 0
0.0702625 95.2309 95.2309 1 1 0
0.0703594 95.2289 95.2289 1 1 0
0.0704564 95.2269 95.2269 1 1 0
0.0705535 95.2249 95.2249 1 1 0
0.0706506 95.2229 95.2229 1 1 0
0.0707479 95.2209 95.2209 1 1 0
0.0708452 95.2189 95.2189 1 1 0
0.0709426 95.217 95.217 1 1 0
0.07104 95.215 95.215 1 1 0
0.0711375 95.2131 95.2131 1 1 0
0.0712351 95.2111 95.2111 1 1 0
0.0713328 95.2092 95.2092 1 1 0
0.0714305 95.2073 95.2073 1 1 0
0.0715283 95.2054 95.2054 1 1 0
0.0716262 95.2034 95.2034 1 1 0
0.0717242 95.2015 95.2015 1 1 0
0.0718222 95.1997 95.1997 1 1 0
0.0719203 95.1978 95.1978 1 1 0
0.0720184 95.1959 95.1959 1 1 0
0.0721166 95.194 95.194 1 1 0
0.0722149 95.1922 95.1922 1 1 0
0.0723133 95.1903 95.1903 1 1 0
0.0724117 95.1885 95.1885 1 1 0
0.0725102 95.1866 95.1866 1 1 0
0.0726087 95.1848 95.1848 1 1 0
0.0727073 95.183 95.183 1 1 0
0.072806 95.1812 95.1812 1 1 0
0.0729047 95.1794 95.1794 1 1 0
0.0730035 95.1776 95.1776 1 1 0
0.0731023 95.1758 95.1758 1 1 0
0.0732013 95.174 95.174 1 1 0
0.0733002 95.1723 95.1723 1 1 0
0.0733993 95.1705 95.1705 1 1 0
0.0734984 95.1687 95.1687 1 1 0
0.0735975 95.167 95.167 1 1 0
0.0736967 95.1653 95.1653 1 1 0
0.073796 95.1635 95.1635 1 1 0
0.0738953 95.1618 95.1618 1 1 0
0.0739947 95.1601 95.1601 1 1 0
0.0740941 95.1584 95.1584 1 1 0
0.0741936 95.1567 95.1567 1 1 0
0.0742931 95.155 95.155 1 1 0
0.0743927 95.1533 95.1533 1 1 0
0.0744924 95.1516 95.1516 1 1 0
0.0745921 95.15 95.15 1 1 0
0.0746919 95.1483 95.1483 1 1 0
0.0747917 95.1466 95.1466 1 1 0
0.0748915 95.145 95.145 1 1 0
0.0749914 95.1433 95.1433 1 1 0
0.0750914 95.1417 95.1417 1 1 0
0.0751914 95.1401 95.1401 1 1 0
0.0752915 95.1385 95.1385 1 1 0
0.0753916 95.1369 95.1369 1 1 0
0.0754918 95.1353 95.1353 1 1 0
0.075592 95.1337 95.1337 1 1 0
0.0756923 95.1321 95.1321 1 1 0
0.0757926 95.1305 95.1305 1 1 0
0.0758929 95.1289 95.1289 1 1 0
0.0759933 95.1273 95.1273 1 1 0
0.0760938 95.1258 95.1258 1 1 0
0.0761943 95.1242 95.1242 1 1 0
0.0762949 95.1227 95.1227 1 1 0
0.0763954 95.1211 95.1211 1 1 0
0.0764961 95.1196 95.1196 1 1 0
0.0765968 95.1181 95.1181 1 1 0
0.0766975 95.1166 95.1166 1 1 0
0.0767983 95.115 95.115 1 1 0
0.0768991 95.1135 95.1135 1 1 0
0.0769999 95.112 95.112 1 1 0
0.0771008 95.1105 95.1105 1 1 0
0.0772018 95.1091 95.1091 1 1 0
0.0773028 95.1076 95.1076 1 1 0
0.0774038 95.1061 95.1061 1 1 0
0.0775049 95.1046 95.1046 1 1 0
0.077606 95.1032 95.1032 1 1 0
0.0777071 95.1017 95.1017 1 1 0
0.0778083 95.1003 95.1003 1 1 0
0.0779095 95.0988 95.0988 1 1 0
0.0780108 95.0974 95.0974 1 1 0
0.0781121 95.096 95.096 1 1 0
0.0782134 95.0946 95.0946 1 1 0
0.0783148 95.0931 95.0931 1 1 0
0.0784162 95.0917 95.0917 1 1 0
0.0785177 95.0903 95.0903 1 1 0
0.0786192 95.0889 95.0889 1 1 0
0.0787207 95.0876 95.0876 1 1 0
0.0788223 95.0862 95.0862 1 1 0
0.0789239 95.0848 95.0848 1 1 0
0.0790256 95.0834 95.0834 1 1 0
0.0791272 95.0821 95.0821 1 1 0
0.0792289 95.0807 95.0807 1 1 0
0.0793307 95.0794 95.0794 1 1 0
0.0794325 95.078 95.078 1 1 0
0.0795343 95.0767 95.0767 1 1 0
0.0796361 95.0753 95.0753 1 1 0
0.079738 95.074 95.074 1 1 0
0.0798399 95.0727 95.0727 1 1 0
0.0799419 95.0714 95.0714 1 1 0
0.0800439 95.0701 95.0701 1 1 0
0.0801459 95.0688 95.0688 1 1 0
0.0802479 95.0675 95.0675 1 1 0
0.08035 95.0662 95.0662 1 1 0
0.0804521 95.0649 95.0649 1 1 0
0.0805543 95.0636 95.0636 1 1 0
0.0806565 95.0623 95.0623 1 1 0
0.0807587 95.0611 95.0611 1 1 0
0.0808609 95.0598 95.0598 1 1 0
0.0809632 95.0585 95.0585 1 1 0
0.0810655 95.0573 95.0573 1 1 0
0.0811678 95.056 95.056 1 1 0
0.0812701 95.0548 95.0548 1 1 0
0.0813725 95.0536 95.0536 1 1 0
0.0814749 95.0523 95.0523 1 1 0
0.0815774 95.0511 95.0511 1 1 0
0.0816798 95.0499 95.0499 1 1 0
0.0817823 95.0487 95.0487 1 1 0
0.0818849 95.0475 95.0475 1 1 0
0.0819874 95.0463 95.0463 1 1 0
0.08209 95.0451 95.0451 1 1 0
0.0821926 95.0439 95.0439 1 1 0
0.0822952 95.0427 95.0427 1 1 0
0.0823979 95.0415 95.0415 1 1 0
0.0825006 95.0404 95.0404 1 1 0
0.0826033 95.0392 95.0392 1 1 0
0.082706 95.038 95.038 1 1 0
0.0828088 95.0369 95.0369 1 1 0
0.0829116 95.0357 95.0357 1 1 0
0.0830144 95.0346 95.0346 1 1 0
0.0831172 95.0334 95.0334 1 1 0
0.0832201 95.0323 95.0323 1 1 0
0.083323 95.0311 95.0311 1 1 0
0.0834259 95.03 95.03 1 1 0
0.0835288 95.0289 95.0289 1 1 0
0.0836318 95.0278 95.0278 1 1 0
0.0837347 95.0267 95.0267 1 1 0
0.0838378 95.0256 95.0256 1 1 0
0.0839408 95.0244 95.0244 1 1 0
0.0840438 95.0234 95.0234 1 1 0
0.0841469 95.0223 95.0223 1 1 0
0.08425 95.0212 95.0212 1 1 0
0.0843531 95.0201 95.0201 1 1 0
0.0844563 95.019 95.019 1 1 0
0.0845594 95.0179 95.0179 1 1 0
0.0846626 95.0169 95.0169 1 1 0
0.0847658 95.0158 95.0158 1 1 0
0.084869 95.0147 95.0147 1 1 0
0.0849723 95.0137 95.0137 1 1 0
0.0850756 95.0126 95.0126 1 1 0
0.0851788 95.0116 95.0116 1 1 0
0.0852822 95.0105 95.0105 1 1 0
0.0853855 95.0095 95.0095 1 1 0
0.0854888 95.0085 95.0085 1 1 0
0.0855922 95.0074 95.0074 1 1 0
0.0856956 95.0064 95.0064 1 1 0
0.085799 95.0054 95.0054 1 1 0
0.0859024 95.0044 95.0044 1 1 0
0.0860059 95.0034 95.0034 1 1 0
0.0861093 95.0024 95.0024 1 1 0
0.0862128 95.0014 95.0014 1 1 0
0.0863163 95.0004 95.0004 1 1 0
0.0864198 94.9994 94.9994 1 1 0
0.0865234 94.9984 94.9984 1 1 0
0.0866269 94.9974 94.9974 1 1 0
0.0867305 94.9964 94.9964 1 1 0
0.0868341 94.9955 94.9955 1 1 0
0.0869377 94.9945 94.9945 1 1 0
0.0870414 94.9935 94.9935 1 1 0
0.087145 94.9926 94.9926 1 1 0
0.0872487 94.9916 94.9916 1 1 0
0.0873523 94.9907 94.9907 1 1 0
0.087456 94.9897 94.9897 1 1 0
0.0875598 94.9888 94.9888 1 1 0
0.0876635 94.9878 94.9878 1 1 0
0.0877672 94.9869 94.9869 1 1 0
0.087871 94.986 94.986 1 1 0
0.0879748 94.985 94.985 1 1 0
0.0880786 94.9841 94.9841 1 1 0
0.0881824 94.9832 94.9832 1 1 0
0.0882862 94.9823 94.9823 1 1 0
0.0883901 94.9814 94.9814 1 1 0
0.0884939 94.9805 94.9805 1 1 0
0.0885978 94.9795 94.9795 1 1 0
0.0887017 94.9786 94.9786 1 1 0
0.0888056 94.9778 94.9778 1 1 0
0.0889095 94.9769 94.9769 1 1 0
0.0890134 94.976 94.976 1 1 0
0.0891174 94.9751 94.9751 1 1 0
0.0892214 94.9742 94.9742 1 1 0
0.0893253 94.9733 94.9733 1 1 0
0.0894293 94.9725 94.9725 1 1 0
0.0895333 94.9716 94.9716 1 1 0
0.0896373 94.9707 94.9707 1 1 0
0.0897414 94.9699 94.9699 1 1 0
0.0898454 94.969 94.969 1 1 0
0.0899495 94.9681 94.9681 1 1 0
0.0900536 94.9673 94.9673 1 1 0
0.0901576 94.9664 94.9664 1 1 0
0.0902617 94.9656 94.9656 1 1 0
0.0903659 94.9648 94.9648 1 1 0
0.09047 94.9639 94.9639 1 1 0
0.0905741 94.9631 94.9631 1 1 0
0.0906783 94.9623 94.9623 1 1 0
0.0907824 94.9614 94.9614 1 1 0
0.0908866 94.9606 94.9606 1 1 0
0.0909908 94.9598 94.9598 1 1 0
0.091095 94.959 94.959 1 1 0
0.0911992 94.9582 94.9582 1 1 0
0.0913035 94.9574 94.9574 1 1 0
0.0914077 94.9566 94.9566 1 1 0
0.0915119 94.9558 94.9558 1 1 0
0.0916162 94.955 94.955 1 1 0
0.0917205 94.9542 94.9542 1 1 0
0.0918248 94.9534 94.9534 1 1 0
0.0919291 94.9526 94.9526 1 1 0
0.0920334 94.9518 94.9518 1 1 0
0.0921377 94.951 94.951 1 1 0
0.092242 94.9503 94.9503 1 1 0
0.0923464 94.9495 94.9495 1 1 0
0.0924507 94.9487 94.9487 1 1 0
0.0925551 94.9479 94.9479 1 1 0
0.0926595 94.9472 94.9472 1 1 0
0.0927638 94.9464 94.9464 1 1 0
0.0928682 94.9457 94.9457 1 1 0
0.0929726 94.9449 94.9449 1 1 0
0.0930771 94.9442 94.9442 1 1 0
0.0931815 94.9434 94.9434 1 1 0
0.0932859 94.9427 94.9427 1 1 0
0.0933904 94.9419 94.9419 1 1 0
0.0934948 94.9412 94.9412 1 1 0
0.0935993 94.9404 94.9404 1 1 0
0.0937038 94.9397 94.9397 1 1 0
0.0938083 94.939 94.939 1 1 0
0.0939128 94.9383 94.9383 1 1 0
0.0940173 94.9375 94.9375 1 1 0
0.0941218 94.9368 94.9368 1 1 0
0.0942263 94.9361 94.9361 1 1 0
0.0943308 94.9354 94.9354 1 1 0
0.0944354 94.9347 94.9347 1 1 0
0.0945399 94.934 94.934 1 1 0
0.0946445 94.9333 94.9333 1 1 0
0.0947491 94.9326 94.9326 1 1 0
0.0948537 94.9319 94.9319 1 1 0
0.0949582 94.9312 94.9312 1 1 0
0.0950628 94.9305 94.9305 1 1 0
0.0951674 94.9298 94.9298 1 1 0
0.0952721 94.9291 94.9291 1 1 0
0.0953767 94.9284 94.9284 1 1 0
0.0954813 94.9277 94.9277 1 1 0
0.095586 94.927 94.927 1 1 0
0.0956906 94.9264 94.9264 1 1 0
0.0957953 94.9257 94.9257 1 1 0
0.0958999 94.925 94.925 1 1 0
0.0960046 94.9244 94.9244 1 1 0
0.0961093 94.9237 94.9237 1 1 0
0.096214 94.923 94.923 1 1 0
0.0963187 94.9224 94.9224 1 1 0
0.0964234 94.9217 94.9217 1 1 0
0.0965281 94.9211 94.9211 1 1 0
0.0966328 94.9204 94.9204 1 1 0
0.0967376 94.9198 94.9198 1 1 0
0.0968423 94.9191 94.9191 1 1 0
0.096947 94.9185 94.9185 1 1 0
0.0970518 94.9178 94.9178 1 1 0
0.0971566 94.9172 94.9172 1 1 0
0.0972613 94.9166 94.9166 1 1 0
0.0973661 94.9159 94.9159 1 1 0
0.0974709 94.9153 94.9153 1 1 0
0.0975757 94.9147 94.9147 1 1 0
0.0976805 94.914 94.914 1 1 0
0.0977853 94.9134 94.9134 1 1 0
0.0978901 94.9128 94.9128 1 1 0
0.0979949 94.9122 94.9122 1 1 0
0.0980997 94.9116 94.9116 1 1 0
0.0982046 94.9109 94.9109 1 1 0
0.0983094 94.9103 94.9103 1 1 0
0.0984143 94.9097 94.9097 1 1 0
0.0985191 94.9091 94.9091 1 1 0
0.098624 94.9085 94.9085 1 1 0
0.0987288 94.9079 94.9079 1 1 0
0.0988337 94.9073 94.9073 1 1 0
0.0989386 94.9067 94.9067 1 1 0
0.0990435 94.9061 94.9061 1 1 0
0.0991484 94.9055 94.9055 1 1 0
0.0992533 94.905 94.905 1 1 0
0.0993582 94.9044 94.9044 1 1 0
0.0994631 94.9038 94.9038 1 1 0
0.099568 94.9032 94.9032 1 1 0
0.0996729 94.9026 94.9026 1 1 0
0.0997778 94.9021 94.9021 1 1 0
0.0998828 94.9015 94.9015 1 1 0
0.0999877 94.9009 94.9009 1 1 0
0.100093 94.9003 94.9003 1 1 0
0.100198 94.8998 94.8998 1 1 0
0.100303 94.8992 94.8992 1 1 0
0.100408 94.8986 94.8986 1 1 0
0.100513 94.8981 94.8981 1 1 0
0.100617 94.8975 94.8975 1 1 0
0.100722 94.897 94.897 1 1 0
0.100827 94.8964 94.8964 1 1 0
0.100932 94.8959 94.8959 1 1 0
0.101037 94.8953 94.8953 1 1 0
0.101142 94.8948 94.8948 1 1 0
0.101247 94.8942 94.8942 1 1 0
0.101352 94.8937 94.8937 1 1 0
0.101457 94.8931 94.8931 1 1 0
0.101563 94.8926 94.8926 1 1 0
0.101668 94.8921 94.8921 1 1 0
0.101773 94.8915 94.8915 1 1 0
0.101878 94.891 94.891 1 1 0
0.101983 94.8905 94.8905 1 1 0
0.102088 94.8899 94.8899 1 1 0
0.102193 94.8894 94.8894 1 1 0
0.102298 94.8889 94.8889 1 1 0
0.102403 94.8884 94.8884 1 1 0
0.102508 94.8879 94.8879 1 1 0
0.102613 94.8873 94.8873 1 1 0
0.102718 94.8868 94.8868 1 1 0
0.102823 94.8863 94.8863 1 1 0
0.102928 94.8858 94.8858 1 1 0
0.103033 94.8853 94.8853 1 1 0
0.103138 94.8848 94.8848 1 1 0
0.103244 94.8843 94.8843 1 1 0
0.103349 94.8838 94.8838 1 1 0
0.103454 94.8833 94.8833 1 1 0
0.103559 94.8828 94.8828 1 1 0
0.103664 94.8823 94.8823 1 1 0
0.103769 94.8818 94.8818 1 1 0
0.103874 94.8813 94.8813 1 1 0
0.103979 94.8808 94.8808 1 1 0
0.104085 94.8803 94.8803 1 1 0
0.10419 94.8798 94.8798 1 1 0
0.104295 94.8793 94.8793 1 1 0
0.1044 94.8789 94.8789 1 1 0
0.104505 94.8784 94.8784 1 1 0
0.10461 94.8779 94.8779 1 1 0
0.104716 94.8774 94.8774 1 1 0
0.104821 94.8769 94.8769 1 1 0
0.104926 94.8765 94.8765 1 1 0
0.105031 94.876 94.876 1 1 0
0.105136 94.8755 94.8755 1 1 0
0.105241 94.875 94.875 1 1 0
0.105347 94.8746 94.8746 1 1 0
0.105452 94.8741 94.8741 1 1 0
0.105557 94.8736 94.8736 1 1 0
0.105662 94.8732 94.8732 1 1 0
0.105767 94.8727 94.8727 1 1 0
0.105873 94.8723 94.8723 1 1 0
0.105978 94.8718 94.8718 1 1 0
0.106083 94.8714 94.8714 1 1 0
0.106188 94.8709 94.8709 1 1 0
0.106294 94.8705 94.8705 1 1 0
0.106399 94.87 94.87 1 1 0
0.106504 94.8696 94.8696 1 1 0
0.106609 94.8691 94.8691 1 1 0
0.106714 94.8687 94.8687 1 1 0
0.10682 94.8682 94.8682 1 1 0
0.106925 94.8678 94.8678 1 1 0
0.10703 94.8673 94.8673 1 1 0
0.107135 94.8669 94.8669 1 1 0
0.107241 94.8665 94.8665 1 1 0
0.107346 94.866 94.866 1 1 0
0.107451 94.8656 94.8656 1 1 0
0.107556 94.8652 94.8652 1 1 0
0.107662 94.8647 94.8647 1 1 0
0.107767 94.8643 94.8643 1 1 0
0.107872 94.8639 94.8639 1 1 0
0.107978 94.8635 94.8635 1 1 0
0.108083 94.863 94.863 1 1 0
0.108188 94.8626 94.8626 1 1 0
0.108293 94.8622 94.8622 1 1 0
0.108399 94.8618 94.8618 1 1 0
0.108504 94.8614 94.8614 1 1 0
0.108609 94.8609 94.8609 1 1 0
0.108715 94.8605 94.8605 1 1 0
0.10882 94.8601 94.8601 1 1 0
0.108925 94.8597 94.8597 1 1 0
0.109031 94.8593 94.8593 1 1 0
0.109136 94.8589 94.8589 1 1 0
0.109241 94.8585 94.8585 1 1 0
0.109347 94.8581 94.8581 1 1 0
0.109452 94.8577 94.8577 1 1 0
0.109557 94.8573 94.8573 1 1 0
0.109663 94.8569 94.8569 1 1 0
0.109768 94.8565 94.8565 1 1 0
0.109873 94.8561 94.8561 1 1 0
0.109979 94.8557 94.8557 1 1 0
0.110084 94.8553 94.8553 1 1 0
0.110189 94.8549 94.8549 1 1 0
0.110295 94.8545 94.8545 1 1 0
0.1104 94.8541 94.8541 1 1 0
0.110505 94.8537 94.8537 1 1 0
0.110611 94.8534 94.8534 1 1 0
0.110716 94.853 94.853 1 1 0
0.110821 94.8526 94.8526 1 1 0
0.110927 94.8522 94.8522 1 1 0
0.111032 94.8518 94.8518 1 1 0
0.111137 94.8514 94.8514 1 1 0
0.111243 94.8511 94.8511 1 1 0
0.111348 94.8507 94.8507 1 1 0
0.111454 94.8503 94.8503 1 1 0
0.111559 94.8499 94.8499 1 1 0
0.111664 94.8496 94.8496 1 1 0
0.11177 94.8492 94.8492 1 1 0
0.111875 94.8488 94.8488 1 1 0
0.11198 94.8485 94.8485 1 1 0
0.112086 94.8481 94.8481 1 1 0
0.112191 94.8477 94.8477 1 1 0
0.112297 94.8474 94.8474 1 1 0
0.112402 94.847 94.847 1 1 0
0.112507 94.8466 94.8466 1 1 0
0.112613 94.8463 94.8463 1 1 0
0.112718 94.8459 94.8459 1 1 0
0.112824 94.8456 94.8456 1 1 0
0.112929 94.8452 94.8452 1 1 0
0.113035 94.8448 94.8448 1 1 0
0.11314 94.8445 94.8445 1 1 0
0.113245 94.8441 94.8441 1 1 0
0.113351 94.8438 94.8438 1 1 0
0.113456 94.8434 94.8434 1 1 0
0.113562 94.8431 94.8431 1 1 0
0.113667 94.8427 94.8427 1 1 0
0.113773 94.8424 94.8424 1 1 0
0.113878 94.842 94.842 1 1 0
0.113983 94.8417 94.8417 1 1 0
0.114089 94.8414 94.8414 1 1 0
0.114194 94.841 94.841 1 1 0
0.1143 94.8407 94.8407 1 1 0
0.114405 94.8403 94.8403 1 1 0
0.114511 94.84 94.84 1 1 0
0.114616 94.8397 94.8397 1 1 0
0.114721 94.8393 94.8393 1 1 0
0.114827 94.839 94.839 1 1 0
0.114932 94.8387 94.8387 1 1 0
0.115038 94.8383 94.8383 1 1 0
0.115143 94.838 94.838 1 1 0
0.115249 94.8377 94.8377 1 1 0
0.115354 94.8373 94.8373 1 1 0
0.11546 94.837 94.837 1 1 0
0.115565 94.8367 94.8367 1 1 0
0.115671 94.8364 94.8364 1 1 0
0.115776 94.836 94.836 1 1 0
0.115882 94.8357 94.8357 1 1 0
0.115987 94.8354 94.8354 1 1 0
0.116093 94.8351 94.8351 1 1 0
0.116198 94.8348 94.8348 1 1 0
0.116303 94.8344 94.8344 1 1 0
0.116409 94.8341 94.8341 1 1 0
0.116514 94.8338 94.8338 1 1 0
0.11662 94.8335 94.8335 1 1 0
0.116725 94.8332 94.8332 1 1 0
0.116831 94.8329 94.8329 1 1 0
0.116936 94.8326 94.8326 1 1 0
0.117042 94.8322 94.8322 1 1 0
0.117147 94.8319 94.8319 1 1 0
0.117253 94.8316 94.8316 1 1 0
0.117358 94.8313 94.8313 1 1 0
0.117464 94.831 94.831 1 1 0
0.117569 94.8307 94.8307 1 1 0
0.117675 94.8304 94.8304 1 1 0
0.11778 94.8301 94.8301 1 1 0
0.117886 94.8298 94.8298 1 1 0
0.117991 94.8295 94.8295 1 1 0
0.118097 94.8292 94.8292 1 1 0
0.118202 94.8289 94.8289 1 1 0
0.118308 94.8286 94.8286 1 1 0
0.118413 94.8283 94.8283 1 1 0
0.118519 94.828 94.828 1 1 0
0.118625 94.8277 94.8277 1 1 0
0.11873 94.8274 94.8274 1 1 0
0.118836 94.8271 94.8271 1 1 0
0.118941 94.8269 94.8269 1 1 0
0.119047 94.8266 94.8266 1 1 0
0.119152 94.8263 94.8263 1 1 0
0.119258 94.826 94.826 1 1 0
0.119363 94.8257 94.8257 1 1 0
0.119469 94.8254 94.8254 1 1 0
0.119574 94.8251 94.8251 1 1 0
0.11968 94.8248 94.8248 1 1 0
0.119785 94.8246 94.8246 1 1 0
0.119891 94.8243 94.8243 1 1 0
0.119996 94.824 94.824 1 1 0
0.120102 94.8237 94.8237 1 1 0
0.120207 94.8234 94.8234 1 1 0
0.120313 94.8232 94.8232 1 1 0
0.120419 94.8229 94.8229 1 1 0
0.120524 94.8226 94.8226 1 1 0
0.12063 94.8223 94.8223 1 1 0
0.120735 94.8221 94.8221 1 1 0
0.120841 94.8218 94.8218 1 1 0
0.120946 94.8215 94.8215 1 1 0
0.121052 94.8212 94.8212 1 1 0
0.121157 94.821 94.821 1 1 0
0.121263 94.8207 94.8207 1 1 0
0.121369 94.8204 94.8204 1 1 0
0.121474 94.8202 94.8202 1 1 0
0.12158 94.8199 94.8199 1 1 0
0.121685 94.8196 94.8196 1 1 0
0.121791 94.8194 94.8194 1 1 0
0.121896 94.8191 94.8191 1 1 0
0.122002 94.8188 94.8188 1 1 0
0.122107 94.8186 94.8186 1 1 0
0.122213 94.8183 94.8183 1 1 0
0.122319 94.818 94.818 1 1 0
0.122424 94.8178 94.8178 1 1 0
0.12253 94.8175 94.8175 1 1 0
0.122635 94.8173 94.8173 1 1 0
0.122741 94.817 94.817 1 1 0
0.122847 94.8168 94.8168 1 1 0
0.122952 94.8165 94.8165 1 1 0
0.123058 94.8162 94.8162 1 1 0
0.123163 94.816 94.816 1 1 0
0.123269 94.8157 94.8157 1 1 0
0.123374 94.8155 94.8155 1 1 0
0.12348 94.8152 94.8152 1 1 0
0.123586 94.815 94.815 1 1 0
0.123691 94.8147 94.8147 1 1 0
0.123797 94.8145 94.8145 1 1 0
0.123902 94.8142 94.8142 1 1 0
0.124008 94.814 94.814 1 1 0
0.124114 94.8137 94.8137 1 1 0
0.124219 94.8135 94.8135 1 1 0
0.124325 94.8133 94.8133 1 1 0
0.12443 94.813 94.813 1 1 0
0.124536 94.8128 94.8128 1 1 0
0.124641 94.8125 94.8125 1 1 0
0.124747 94.8123 94.8123 1 1 0
0.124853 94.812 94.812 1 1 0
0.124958 94.8118 94.8118 1 1 0
0.125064 94.8116 94.8116 1 1 0
0.12517 94.8113 94.8113 1 1 0
0.125275 94.8111 94.8111 1 1 0
0.125381 94.8109 94.8109 1 1 0
0.125486 94.8106 94.8106 1 1 0
0.125592 94.8104 94.8104 1 1 0
0.125698 94.8102 94.8102 1 1 0
0.125803 94.8099 94.8099 1 1 0
0.125909 94.8097 94.8097 1 1 0
0.126014 94.8095 94.8095 1 1 0
0.12612 94.8092 94.8092 1 1 0
0.126226 94.809 94.809 1 1 0
0.126331 94.8088 94.8088 1 1 0
0.126437 94.8085 94.8085 1 1 0
0.126542 94.8083 94.8083 1 1 0
0.126648 94.8081 94.8081 1 1 0
0.126754 94.8079 94.8079 1 1 0
0.126859 94.8076 94.8076 1 1 0
0.126965 94.8074 94.8074 1 1 0
0.127071 94.8072 94.8072 1 1 0
0.127176 94.807 94.807 1 1 0
0.127282 94.8067 94.8067 1 1 0
0.127387 94.8065 94.8065 1 1 0
0.127493 94.8063 94.8063 1 1 0
0.127599 94.8061 94.8061 1 1 0
0.127704 94.8058 94.8058 1 1 0
0.12781 94.8056 94.8056 1 1 0
0.127916 94.8054 94.8054 1 1 0
0.128021 94.8052 94.8052 1 1 0
0.128127 94.805 94.805 1 1 0
0.128232 94.8048 94.8048 1 1 0
0.128338 94.8045 94.8045 1 1 0
0.128444 94.8043 94.8043 1 1 0
0.128549 94.8041 94.8041 1 1 0
0.128655 94.8039 94.8039 1 1 0
0.128761 94.8037 94.8037 1 1 0
0.128866 94.8035 94.8035 1 1 0
0.128972 94.8033 94.8033 1 1 0
0.129078 94.803 94.803 1 1 0
0.129183 94.8028 94.8028 1 1 0
0.129289 94.8026 94.8026 1 1 0
0.129394 94.8024 94.8024 1 1 0
0.1295 94.8022 94.8022 1 1 0
0.129606 94.802 94.802 1 1 0
0.129711 94.8018 94.8018 1 1 0
0.129817 94.8016 94.8016 1 1 0
0.129923 94.8014 94.8014 1 1 0
0.130028 94.8012 94.8012 1 1 0
0.130134 94.801 94.801 1 1 0
0.13024 94.8008 94.8008 1 1 0
0.130345 94.8006 94.8006 1 1 0
0.130451 94.8004 94.8004 1 1 0
0.130557 94.8002 94.8002 1 1 0
0.130662 94.8 94.8 1 1 0
0.130768 94.7998 94.7998 1 1 0
0.130874 94.7996 94.7996 1 1 0
0.130979 94.7994 94.7994 1 1 0
0.131085 94.7992 94.7992 1 1 0
0.131191 94.799 94.799 1 1 0
0.131296 94.7988 94.7988 1 1 0
0.131402 94.7986 94.7986 1 1 0
0.131508 94.7984 94.7984 1 1 0
0.131613 94.7982 94.7982 1 1 0
0.131719 94.798 94.798 1 1 0
0.131825 94.7978 94.7978 1 1 0
0.13193 94.7976 94.7976 1 1 0
0.132036 94.7974 94.7974 1 1 0
0.132142 94.7972 94.7972 1 1 0
0.132247 94.797 94.797 1 1 0
0.132353 94.7968 94.7968 1 1 0
0.132459 94.7966 94.7966 1 1 0
0.132564 94.7965 94.7965 1 1 0
0.13267 94.7963 94.7963 1 1 0
0.132776 94.7961 94.7961 1 1 0
0.132881 94.7959 94.7959 1 1 0
0.132987 94.7957 94.7957 1 1 0
0.133093 94.7955 94.7955 1 1 0
0.133198 94.7953 94.7953 1 1 0
0.133304 94.7951 94.7951 1 1 0
0.13341 94.795 94.795 1 1 0
0.133515 94.7948 94.7948 1 1 0
0.133621 94.7946 94.7946 1 1 0
0.133727 94.7944 94.7944 1 1 0
0.133832 94.7942 94.7942 1 1 0
0.133938 94.794 94.794 1 1 0
0.134044 94.7939 94.7939 1 1 0
0.134149 94.7937 94.7937 1 1 0
0.134255 94.7935 94.7935 1 1 0
0.134361 94.7933 94.7933 1 1 0
0.134466 94.7931 94.7931 1 1 0
0.134572 94.793 94.793 1 1 0
0.134678 94.7928 94.7928 1 1 0
0.134783 94.7926 94.7926 1 1 0
0.134889 94.7924 94.7924 1 1 0
0.134995 94.7922 94.7922 1 1 0
0.1351 94.7921 94.7921 1 1 0
0.135206 94.7919 94.7919 1 1 0
0.135312 94.7917 94.7917 1 1 0
0.135417 94.7915 94.7915 1 1 0
0.135523 94.7914 94.7914 1 1 0
0.135629 94.7912 94.7912 1 1 0
0.135735 94.791 94.791 1 1 0
0.13584 94.7908 94.7908 1 1 0
0.135946 94.7907 94.7907 1 1 0
0.136052 94.7905 94.7905 1 1 0
0.136157 94.7903 94.7903 1 1 0
0.136263 94.7902 94.7902 1 1 0
0.136369 94.79 94.79 1 1 0
0.136474 94.7898 94.7898 1 1 0
0.13658 94.7897 94.7897 1 1 0
0.136686 94.7895 94.7895 1 1 0
0.136791 94.7893 94.7893 1 1 0
0.136897 94.7892 94.7892 1 1 0
0.137003 94.789 94.789 1 1 0
0.137109 94.7888 94.7888 1 1 0
0.137214 94.7887 94.7887 1 1 0
0.13732 94.7885 94.7885 1 1 0
0.137426 94.7883 94.7883 1 1 0
0.137531 94.7882 94.7882 1 1 0
0.137637 94.788 94.788 1 1 0
0.137743 94.7878 94.7878 1 1 0
0.137848 94.7877 94.7877 1 1 0
0.137954 94.7875 94.7875 1 1 0
0.13806 94.7873 94.7873 1 1 0
0.138166 94.7872 94.7872 1 1 0
0.138271 94.787 94.787 1 1 0
0.138377 94.7869 94.7869 1 1 0
0.138483 94.7867 94.7867 1 1 0
0.138588 94.7865 94.7865 1 1 0
0.138694 94.7864 94.7864 1 1 0
0.1388 94.7862 94.7862 1 1 0
0.138906 94.7861 94.7861 1 1 0
0.139011 94.7859 94.7859 1 1 0
0.139117 94.7858 94.7858 1 1 0
0.139223 94.7856 94.7856 1 1 0
0.139328 94.7854 94.7854 1 1 0
0.139434 94.7853 94.7853 1 1 0
0.13954 94.7851 94.7851 1 1 0
0.139645 94.785 94.785 1 1 0
0.139751 94.7848 94.7848 1 1 0
0.139857 94.7847 94.7847 1 1 0
0.139963 94.7845 94.7845 1 1 0
0.140068 94.7844 94.7844 1 1 0
0.140174 94.7842 94.7842 1 1 0
0.14028 94.7841 94.7841 1 1 0
0.140385 94.7839 94.7839 1 1 0
0.140491 94.7838 94.7838 1 1 0
0.140597 94.7836 94.7836 1 1 0
0.140703 94.7835 94.7835 1 1 0
0.140808 94.7833 94.7833 1 1 0
0.140914 94.7832 94.7832 1 1 0
0.14102 94.783 94.783 1 1 0
0.141125 94.7829 94.7829 1 1 0
0.141231 94.7827 94.7827 1 1 0
0.141337 94.7826 94.7826 1 1 0
0.141443 94.7824 94.7824 1 1 0
0.141548 94.7823 94.7823 1 1 0
0.141654 94.7821 94.7821 1 1 0
0.14176 94.782 94.782 1 1 0
0.141866 94.7818 94.7818 1 1 0
0.141971 94.7817 94.7817 1 1 0
0.142077 94.7815 94.7815 1 1 0
0.142183 94.7814 94.7814 1 1 0
0.142288 94.7813 94.7813 1 1 0
0.142394 94.7811 94.7811 1 1 0
0.1425 94.781 94.781 1 1 0
0.142606 94.7808 94.7808 1 1 0
0.142711 94.7807 94.7807 1 1 0
0.142817 94.7805 94.7805 1 1 0
0.142923 94.7804 94.7804 1 1 0
0.143028 94.7803 94.7803 1 1 0
0.143134 94.7801 94.7801 1 1 0
0.14324 94.78 94.78 1 1 0
0.143346 94.7798 94.7798 1 1 0
0.143451 94.7797 94.7797 1 1 0
0.143557 94.7796 94.7796 1 1 0
0.143663 94.7794 94.7794 1 1 0
0.143769 94.7793 94.7793 1 1 0
0.143874 94.7792 94.7792 1 1 0
0.14398 94.779 94.779 1 1 0
0.144086 94.7789 94.7789 1 1 0
0.144192 94.7787 94.7787 1 1 0
0.144297 94.7786 94.7786 1 1 0
0.144403 94.7785 94.7785 1 1 0
0.144509 94.7783 94.7783 1 1 0
0.144614 94.7782 94.7782 1 1 0
0.14472 94.7781 94.7781 1 1 0
0.144826 94.7779 94.7779 1 1 0
0.144932 94.7778 94.7778 1 1 0
0.145037 94.7777 94.7777 1 1 0
0.145143 94.7775 94.7775 1 1 0
0.145249 94.7774 94.7774 1 1 0
0.145355 94.7773 94.7773 1 1 0
0.14546 94.7771 94.7771 1 1 0
0.145566 94.777 94.777 1 1 0
0.145672 94.7769 94.7769 1 1 0
0.145778 94.7767 94.7767 1 1 0
0.145883 94.7766 94.7766 1 1 0
0.145989 94.7765 94.7765 1 1 0
0.146095 94.7764 94.7764 1 1 0
0.146201 94.7762 94.7762 1 1 0
0.146306 94.7761 94.7761 1 1 0
0.146412 94.776 94.776 1 1 0
0.146518 94.7758 94.7758 1 1 0
0.146623 94.7757 94.7757 1 1 0
0.146729 94.7756 94.7756 1 1 0
0.146835 94.7755 94.7755 1 1 0
0.146941 94.7753 94.7753 1 1 0
0.147046 94.7752 94.7752 1 1 0
0.147152 94.7751 94.7751 1 1 0
0.147258 94.775 94.775 1 1 0
0.147364 94.7748 94.7748 1 1 0
0.147469 94.7747 94.7747 1 1 0
0.147575 94.7746 94.7746 1 1 0
0.147681 94.7745 94.7745 1 1 0
0.147787 94.7743 94.7743 1 1 0
0.147892 94.7742 94.7742 1 1 0
0.147998 94.7741 94.7741 1 1 0
0.148104 94.774 94.774 1 1 0
0.14821 94.7738 94.7738 1 1 0
0.148315 94.7737 94.7737 1 1 0
0.148421 94.7736 94.7736 1 1 0
0.148527 94.7735 94.7735 1 1 0
0.148633 94.7734 94.7734 1 1 0
0.148738 94.7732 94.7732 1 1 0
0.148844 94.7731 94.7731 1 1 0
0.14895 94.773 94.773 1 1 0
0.149056 94.7729 94.7729 1 1 0
0.149161 94.7728 94.7728 1 1 0
0.149267 94.7726 94.7726 1 1 0
0.149373 94.7725 94.7725 1 1 0
0.149479 94.7724 94.7724 1 1 0
0.149584 94.7723 94.7723 1 1 0
0.14969 94.7722 94.7722 1 1 0
0.149796 94.7721 94.7721 1 1 0
0.149902 94.7719 94.7719 1 1 0
0.150007 94.7718 94.7718 1 1 0
0.03 98.6481 98.6481 2 1 0
0.0299986 98.6484 98.6484 1 1 0
0.0299971 98.6487 98.6487 1 1 0
0.0299942 98.6493 98.6493 1 1 0
0.0299885 98.6504 98.6504 1 1 0
0.0299769 98.6527 98.6527 1 1 0
0.0299589 98.6562 98.6562 1 1 0
0.029941 98.6597 98.6597 1 1 0
0.029923 98.6633 98.6633 1 1 0
0.0299051 98.6668 98.6668 1 1 0
0.0298872 98.6703 98.6703 1 1 0
0.0298693 98.6738 98.6738 1 1 0
0.0298514 98.6774 98.6774 1 1 0
0.0298336 98.6809 98.6809 1 1 0
0.0298158 98.6844 98.6844 1 1 0
0.029798 98.6879 98.6879 1 1 0
0.0297802 98.6914 98.6914 1 1 0
0.0297625 98.6949 98.6949 1 1 0
0.0297447 98.6984 98.6984 1 1 0
0.029727 98.7019 98.7019 1 1 0
0.0297093 98.7053 98.7053 1 1 0
0.0296917 98.7088 98.7088 1 1 0
0.029674 98.7123 98.7123 1 1 0
0.0296564 98.7158 98.7158 1 1 0
0.0296388 98.7192 98.7192 1 1 0
0.0296212 98.7227 98.7227 1 1 0
0.0296037 98.7262 98.7262 1 1 0
0.0295861 98.7296 98.7296 1 1 0
0.0295686 98.7331 98.7331 1 1 0
0.0295511 98.7365 98.7365 1 1 0
0.0295336 98.74 98.74 1 1 0
0.0295162 98.7434 98.7434 1 1 0
0.0294987 98.7468 98.7468 1 1 0
0.0294813 98.7503 98.7503 1 1 0
0.0294639 98.7537 98.7537 1 1 0
0.0294466 98.7571 98.7571 1 1 0
0.0294292 98.7605 98.7605 1 1 0
0.0294119 98.7639 98.7639 1 1 0
0.0293946 98.7674 98.7674 1 1 0
0.0293773 98.7708 98.7708 1 1 0
0.02936 98.7742 98.7742 1 1 0
0.0293428 98.7776 98.7776 1 1 0
0.0293256 98.781 98.781 1 1 0
0.0293084 98.7844 98.7844 1 1 0
0.0292912 98.7877 98.7877 1 1 0
0.029274 98.7911 98.7911 1 1 0
0.0292569 98.7945 98.7945 1 1 0
0.0292398 98.7979 98.7979 1 1 0
0.0292227 98.8012 98.8012 1 1 0
0.0292056 98.8046 98.8046 1 1 0
0.0291885 98.808 98.808 1 1 0
0.0291715 98.8113 98.8113 1 1 0
0.0291545 98.8147 98.8147 1 1 0
0.0291375 98.818 98.818 1 1 0
0.0291205 98.8214 98.8214 1 1 0
0.0291036 98.8247 98.8247 1 1 0
0.0290866 98.8281 98.8281 1 1 0
0.0290697 98.8314 98.8314 1 1 0
0.0290528 98.8347 98.8347 1 1 0
0.0290359 98.838 98.838 1 1 0
0.0290191 98.8414 98.8414 1 1 0
0.0290023 98.8447 98.8447 1 1 0
0.0289854 98.848 98.848 1 1 0
0.0289687 98.8513 98.8513 1 1 0
0.0289519 98.8546 98.8546 1 1 0
0.0289351 98.8579 98.8579 1 1 0
0.0289184 98.8612 98.8612 1 1 0
0.0289017 98.8645 98.8645 1 1 0
0.028885 98.8678 98.8678 1 1 0
0.0288683 98.871 98.871 1 1 0
0.0288517 98.8743 98.8743 1 1 0
0.028835 98.8776 98.8776 1 1 0
0.0288184 98.8809 98.8809 1 1 0
0.0288018 98.8841 98.8841 1 1 0
0.0287853 98.8874 98.8874 1 1 0
0.0287687 98.8906 98.8906 1 1 0
0.0287522 98.8939 98.8939 1 1 0
0.0287357 98.8971 98.8971 1 1 0
0.0287192 98.9004 98.9004 1 1 0
0.0287027 98.9036 98.9036 1 1 0
0.0286863 98.9068 98.9068 1 1 0
0.0286698 98.9101 98.9101 1 1 0
0.0286534 98.9133 98.9133 1 1 0
0.028637 98.9165 98.9165 1 1 0
0.0286207 98.9197 98.9197 1 1 0
0.0286043 98.9229 98.9229 1 1 0
0.028588 98.9261 98.9261 1 1 0
0.0285717 98.9293 98.9293 1 1 0
0.0285554 98.9325 98.9325 1 1 0
0.0285391 98.9357 98.9357 1 1 0
0.0285228 98.9389 98.9389 1 1 0
0.0285066 98.9421 98.9421 1 1 0
0.0284904 98.9453 98.9453 1 1 0
0.0284742 98.9485 98.9485 1 1 0
0.028458 98.9516 98.9516 1 1 0
0.0284419 98.9548 98.9548 1 1 0
0.0284257 98.9579 98.9579 1 1 0
0.0284096 98.9611 98.9611 1 1 0
0.0283935 98.9643 98.9643 1 1 0
0.0283774 98.9674 98.9674 1 1 0
0.0283614 98.9705 98.9705 1 1 0
0.0283453 98.9737 98.9737 1 1 0
0.0283293 98.9768 98.9768 1 1 0
0.0283133 98.9799 98.9799 1 1 0
0.0282973 98.9831 98.9831 1 1 0
0.0282814 98.9862 98.9862 1 1 0
0.0282654 98.9893 98.9893 1 1 0
0.0282495 98.9924 98.9924 1 1 0
0.0282336 98.9955 98.9955 1 1 0
0.0282177 98.9986 98.9986 1 1 0
0.0282018 99.0017 99.0017 1 1 0
0.028186 99.0048 99.0048 1 1 0
0.0281702 99.0079 99.0079 1 1 0
0.0281544 99.011 99.011 1 1 0
0.0281386 99.0141 99.0141 1 1 0
0.0281228 99.0171 99.0171 1 1 0
0.028107 99.0202 99.0202 1 1 0
0.0280913 99.0233 99.0233 1 1 0
0.0280756 99.0263 99.0263 1 1 0
0.0280599 99.0294 99.0294 1 1 0
0.0280442 99.0324 99.0324 1 1 0
0.0280286 99.0355 99.0355 1 1 0
0.0280129 99.0385 99.0385 1 1 0
0.0279973 99.0415 99.0415 1 1 0
0.0279817 99.0446 99.0446 1 1 0
0.0279662 99.0476 99.0476 1 1 0
0.0279506 99.0506 99.0506 1 1 0
0.0279351 99.0536 99.0536 1 1 0
0.0279195 99.0566 99.0566 1 1 0
0.027904 99.0596 99.0596 1 1 0
0.0278885 99.0626 99.0626 1 1 0
0.0278731 99.0656 99.0656 1 1 0
0.0278576 99.0686 99.0686 1 1 0
0.0278422 99.0716 99.0716 1 1 0
0.0278268 99.0746 99.0746 1 1 0
0.0278114 99.0776 99.0776 1 1 0
0.027796 99.0806 99.0806 1 1 0
0.0277807 99.0835 99.0835 1 1 0
0.0277654 99.0865 99.0865 1 1 0
0.0277501 99.0894 99.0894 1 1 0
0.0277348 99.0924 99.0924 1 1 0
0.0277195 99.0953 99.0953 1 1 0
0.0277042 99.0983 99.0983 1 1 0
0.027689 99.1012 99.1012 1 1 0
0.0276738 99.1042 99.1042 1 1 0
0.0276586 99.1071 99.1071 1 1 0
0.0276434 99.11 99.11 1 1 0
0.0276282 99.1129 99.1129 1 1 0
0.0276131 99.1158 99.1158 1 1 0
0.027598 99.1187 99.1187 1 1 0
0.0275829 99.1217 99.1217 1 1 0
0.0275678 99.1246 99.1246 1 1 0
0.0275527 99.1274 99.1274 1 1 0
0.0275377 99.1303 99.1303 1 1 0
0.0275226 99.1332 99.1332 1 1 0
0.0275076 99.1361 99.1361 1 1 0
0.0274926 99.139 99.139 1 1 0
0.0274776 99.1418 99.1418 1 1 0
0.0274627 99.1447 99.1447 1 1 0
0.0274478 99.1476 99.1476 1 1 0
0.0274328 99.1504 99.1504 1 1 0
0.0274179 99.1533 99.1533 1 1 0
0.0274031 99.1561 99.1561 1 1 0
0.0273882 99.159 99.159 1 1 0
0.0273733 99.1618 99.1618 1 1 0
0.0273585 99.1646 99.1646 1 1 0
0.0273437 99.1674 99.1674 1 1 0
0.0273289 99.1703 99.1703 1 1 0
0.0273142 99.1731 99.1731 1 1 0
0.0272994 99.1759 99.1759 1 1 0
0.0272847 99.1787 99.1787 1 1 0
0.02727 99.1815 99.1815 1 1 0
0.0272553 99.1843 99.1843 1 1 0
0.0272406 99.1871 99.1871 1 1 0
0.0272259 99.1898 99.1898 1 1 0
0.0272113 99.1926 99.1926 1 1 0
0.0271967 99.1954 99.1954 1 1 0
0.0271821 99.1982 99.1982 1 1 0
0.0271675 99.2009 99.2009 1 1 0
0.0271529 99.2037 99.2037 1 1 0
0.0271384 99.2064 99.2064 1 1 0
0.0271239 99.2092 99.2092 1 1 0
0.0271094 99.2119 99.2119 1 1 0
0.0270949 99.2147 99.2147 1 1 0
0.0270804 99.2174 99.2174 1 1 0
0.0270659 99.2201 99.2201 1 1 0
0.0270515 99.2228 99.2228 1 1 0
0.0270371 99.2256 99.2256 1 1 0
0.0270227 99.2283 99.2283 1 1 0
0.0270083 99.231 99.231 1 1 0
0.026994 99.2337 99.2337 1 1 0
0.0269796 99.2364 99.2364 1 1 0
0.0269653 99.2391 99.2391 1 1 0
0.026951 99.2418 99.2418 1 1 0
0.0269367 99.2444 99.2444 1 1 0
0.0269225 99.2471 99.2471 1 1 0
0.0269082 99.2498 99.2498 1 1 0
0.026894 99.2524 99.2524 1 1 0
0.0268798 99.2551 99.2551 1 1 0
0.0268656 99.2578 99.2578 1 1 0
0.0268514 99.2604 99.2604 1 1 0
0.0268373 99.2631 99.2631 1 1 0
0.0268231 99.2657 99.2657 1 1 0
0.026809 99.2683 99.2683 1 1 0
0.0267949 99.271 99.271 1 1 0
0.0267808 99.2736 99.2736 1 1 0
0.0267668 99.2762 99.2762 1 1 0
0.0267527 99.2788 99.2788 1 1 0
0.0267387 99.2814 99.2814 1 1 0
0.0267247 99.284 99.284 1 1 0
0.0267107 99.2866 99.2866 1 1 0
0.0266967 99.2892 99.2892 1 1 0
0.0266828 99.2918 99.2918 1 1 0
0.0266688 99.2944 99.2944 1 1 0
0.0266549 99.2969 99.2969 1 1 0
0.026641 99.2995 99.2995 1 1 0
0.0266272 99.3021 99.3021 1 1 0
0.0266133 99.3046 99.3046 1 1 0
0.0265995 99.3072 99.3072 1 1 0
0.0265857 99.3097 99.3097 1 1 0
0.0265718 99.3123 99.3123 1 1 0
0.0265581 99.3148 99.3148 1 1 0
0.0265443 99.3174 99.3174 1 1 0
0.0265306 99.3199 99.3199 1 1 0
0.0265168 99.3224 99.3224 1 1 0
0.0265031 99.3249 99.3249 1 1 0
0.0264894 99.3274 99.3274 1 1 0
0.0264758 99.3299 99.3299 1 1 0
0.0264621 99.3324 99.3324 1 1 0
0.0264485 99.3349 99.3349 1 1 0
0.0264349 99.3374 99.3374 1 1 0
0.0264213 99.3399 99.3399 1 1 0
0.0264077 99.3424 99.3424 1 1 0
0.0263941 99.3449 99.3449 1 1 0
0.0263806 99.3473 99.3473 1 1 0
0.0263671 99.3498 99.3498 1 1 0
0.0263536 99.3523 99.3523 1 1 0
0.0263401 99.3547 99.3547 1 1 0
0.0263266 99.3572 99.3572 1 1 0
0.0263132 99.3596 99.3596 1 1 0
0.0262997 99.362 99.362 1 1 0
0.0262863 99.3645 99.3645 1 1 0
0.0262729 99.3669 99.3669 1 1 0
0.0262596 99.3693 99.3693 1 1 0
0.0262462 99.3717 99.3717 1 1 0
0.0262329 99.3741 99.3741 1 1 0
0.0262196 99.3765 99.3765 1 1 0
0.0262063 99.3789 99.3789 1 1 0
0.026193 99.3813 99.3813 1 1 0
0.0261797 99.3837 99.3837 1 1 0
0.0261665 99.3861 99.3861 1 1 0
0.0261533 99.3885 99.3885 1 1 0
0.0261401 99.3908 99.3908 1 1 0
0.0261269 99.3932 99.3932 1 1 0
0.0261137 99.3956 99.3956 1 1 0
0.0261006 99.3979 99.3979 1 1 0
0.0260874 99.4003 99.4003 1 1 0
0.0260743 99.4026 99.4026 1 1 0
0.0260612 99.405 99.405 1 1 0
0.0260482 99.4073 99.4073 1 1 0
0.0260351 99.4096 99.4096 1 1 0
0.0260221 99.4119 99.4119 1 1 0
0.026009 99.4143 99.4143 1 1 0
0.0259961 99.4166 99.4166 1 1 0
0.0259831 99.4189 99.4189 1 1 0
0.0259701 99.4212 99.4212 1 1 0
0.0259572 99.4235 99.4235 1 1 0
0.0259442 99.4258 99.4258 1 1 0
0.0259313 99.4281 99.4281 1 1 0
0.0259185 99.4303 99.4303 1 1 0
0.0259056 99.4326 99.4326 1 1 0
0.0258928 99.4349 99.4349 1 1 0
0.0258799 99.4371 99.4371 1 1 0
0.0258671 99.4394 99.4394 1 1 0
0.0258543 99.4416 99.4416 1 1 0
0.0258416 99.4439 99.4439 1 1 0
0.0258288 99.4461 99.4461 1 1 0
0.0258161 99.4484 99.4484 1 1 0
0.0258034 99.4506 99.4506 1 1 0
0.0257907 99.4528 99.4528 1 1 0
0.025778 99.455 99.455 1 1 0
0.0257653 99.4572 99.4572 1 1 0
0.0257527 99.4595 99.4595 1 1 0
0.0257401 99.4617 99.4617 1 1 0
0.0257275 99.4639 99.4639 1 1 0
0.0257149 99.466 99.466 1 1 0
0.0257023 99.4682 99.4682 1 1 0
0.0256898 99.4704 99.4704 1 1 0
0.0256773 99.4726 99.4726 1 1 0
0.0256648 99.4748 99.4748 1 1 0
0.0256523 99.4769 99.4769 1 1 0
0.0256398 99.4791 99.4791 1 1 0
0.0256274 99.4812 99.4812 1 1 0
0.0256149 99.4834 99.4834 1 1 0
0.0256025 99.4855 99.4855 1 1 0
0.0255901 99.4877 99.4877 1 1 0
0.0255778 99.4898 99.4898 1 1 0
0.0255654 99.4919 99.4919 1 1 0
0.0255531 99.494 99.494 1 1 0
0.0255408 99.4961 99.4961 1 1 0
0.0255285 99.4983 99.4983 1 1 0
0.0255162 99.5004 99.5004 1 1 0
0.0255039 99.5025 99.5025 1 1 0
0.0254917 99.5045 99.5045 1 1 0
0.0254795 99.5066 99.5066 1 1 0
0.0254673 99.5087 99.5087 1 1 0
0.0254551 99.5108 99.5108 1 1 0
0.0254429 99.5129 99.5129 1 1 0
0.0254308 99.5149 99.5149 1 1 0
0.0254187 99.517 99.517 1 1 0
0.0254066 99.519 99.519 1 1 0
0.0253945 99.5211 99.5211 1 1 0
0.0253824 99.5231 99.5231 1 1 0
0.0253704 99.5252 99.5252 1 1 0
0.0253584 99.5272 99.5272 1 1 0
0.0253464 99.5292 99.5292 1 1 0
0.0253344 99.5312 99.5312 1 1 0
0.0253224 99.5333 99.5333 1 1 0
0.0253105 99.5353 99.5353 1 1 0
0.0252985 99.5373 99.5373 1 1 0
0.0252866 99.5393 99.5393 1 1 0
0.0252747 99.5413 99.5413 1 1 0
0.0252629 99.5433 99.5433 1 1 0
0.025251 99.5452 99.5452 1 1 0
0.0252392 99.5472 99.5472 1 1 0
0.0252274 99.5492 99.5492 1 1 0
0.0252156 99.5512 99.5512 1 1 0
0.0252038 99.5531 99.5531 1 1 0
0.0251921 99.5551 99.5551 1 1 0
0.0251803 99.557 99.557 1 1 0
0.0251686 99.559 99.559 1 1 0
0.0251569 99.5609 99.5609 1 1 0
0.0251453 99.5628 99.5628 1 1 0
0.0251336 99.5648 99.5648 1 1 0
0.025122 99.5667 99.5667 1 1 0
0.0251104 99.5686 99.5686 1 1 0
0.0250988 99.5705 99.5705 1 1 0
0.0250872 99.5724 99.5724 1 1 0
0.0250756 99.5743 99.5743 1 1 0
0.0250641 99.5762 99.5762 1 1 0
0.0250526 99.5781 99.5781 1 1 0
0.0250411 99.58 99.58 1 1 0
0.0250296 99.5819 99.5819 1 1 0
0.0250182 99.5837 99.5837 1 1 0
0.0250067 99.5856 99.5856 1 1 0
0.0249953 99.5875 99.5875 1 1 0
0.0249839 99.5893 99.5893 1 1 0
0.0249725 99.5912 99.5912 1 1 0
0.0249612 99.593 99.593 1 1 0
0.0249498 99.5949 99.5949 1 1 0
0.0249385 99.5967 99.5967 1 1 0
0.0249272 99.5985 99.5985 1 1 0
0.024916 99.6004 99.6004 1 1 0
0.0249047 99.6022 99.6022 1 1 0
0.0248935 99.604 99.604 1 1 0
0.0248822 99.6058 99.6058 1 1 0
0.024871 99.6076 99.6076 1 1 0
0.0248599 99.6094 99.6094 1 1 0
0.0248487 99.6112 99.6112 1 1 0
0.0248376 99.613 99.613 1 1 0
0.0248265 99.6148 99.6148 1 1 0
0.0248154 99.6165 99.6165 1 1 0
0.0248043 99.6183 99.6183 1 1 0
0.0247932 99.6201 99.6201 1 1 0
0.0247822 99.6218 99.6218 1 1 0
0.0247712 99.6236 99.6236 1 1 0
0.0247602 99.6253 99.6253 1 1 0
0.0247492 99.6271 99.6271 1 1 0
0.0247383 99.6288 99.6288 1 1 0
0.0247273 99.6306 99.6306 1 1 0
0.0247164 99.6323 99.6323 1 1 0
0.0247055 99.634 99.634 1 1 0
0.0246946 99.6357 99.6357 1 1 0
0.0246838 99.6374 99.6374 1 1 0
0.024673 99.6391 99.6391 1 1 0
0.0246621 99.6408 99.6408 1 1 0
0.0246514 99.6425 99.6425 1 1 0
0.0246406 99.6442 99.6442 1 1 0
0.0246298 99.6459 99.6459 1 1 0
0.0246191 99.6476 99.6476 1 1 0
0.0246084 99.6493 99.6493 1 1 0
0.0245977 99.6509 99.6509 1 1 0
0.024587 99.6526 99.6526 1 1 0
0.0245764 99.6543 99.6543 1 1 0
0.0245658 99.6559 99.6559 1 1 0
0.0245552 99.6576 99.6576 1 1 0
0.0245446 99.6592 99.6592 1 1 0
0.024534 99.6608 99.6608 1 1 0
0.0245235 99.6625 99.6625 1 1 0
0.0245129 99.6641 99.6641 1 1 0
0.0245024 99.6657 99.6657 1 1 0
0.024492 99.6673 99.6673 1 1 0
0.0244815 99.669 99.669 1 1 0
0.0244711 99.6706 99.6706 1 1 0
0.0244606 99.6722 99.6722 1 1 0
0.0244502 99.6738 99.6738 1 1 0
0.0244399 99.6753 99.6753 1 1 0
0.0244295 99.6769 99.6769 1 1 0
0.0244192 99.6785 99.6785 1 1 0
0.0244089 99.6801 99.6801 1 1 0
0.0243986 99.6817 99.6817 1 1 0
0.0243883 99.6832 99.6832 1 1 0
0.024378 99.6848 99.6848 1 1 0
0.0243678 99.6863 99.6863 1 1 0
0.0243576 99.6879 99.6879 1 1 0
0.0243474 99.6894 99.6894 1 1 0
0.0243372 99.691 99.691 1 1 0
0.0243271 99.6925 99.6925 1 1 0
0.024317 99.694 99.694 1 1 0
0.0243069 99.6955 99.6955 1 1 0
0.0242968 99.6971 99.6971 1 1 0
0.0242867 99.6986 99.6986 1 1 0
0.0242767 99.7001 99.7001 1 1 0
0.0242667 99.7016 99.7016 1 1 0
0.0242567 99.7031 99.7031 1 1 0
0.0242467 99.7046 99.7046 1 1 0
0.0242367 99.7061 99.7061 1 1 0
0.0242268 99.7075 99.7075 1 1 0
0.0242169 99.709 99.709 1 1 0
0.024207 99.7105 99.7105 1 1 0
0.0241971 99.712 99.712 1 1 0
0.0241873 99.7134 99.7134 1 1 0
0.0241775 99.7149 99.7149 1 1 0
0.0241677 99.7163 99.7163 1 1 0
0.0241579 99.7178 99.7178 1 1 0
0.0241481 99.7192 99.7192 1 1 0
0.0241384 99.7207 99.7207 1 1 0
0.0241287 99.7221 99.7221 1 1 0
0.024119 99.7235 99.7235 1 1 0
0.0241093 99.7249 99.7249 1 1 0
0.0240996 99.7263 99.7263 1 1 0
0.02409 99.7278 99.7278 1 1 0
0.0240804 99.7292 99.7292 1 1 0
0.0240708 99.7306 99.7306 1 1 0
0.0240612 99.732 99.732 1 1 0
0.0240517 99.7333 99.7333 1 1 0
0.0240422 99.7347 99.7347 1 1 0
0.0240327 99.7361 99.7361 1 1 0
0.0240232 99.7375 99.7375 1 1 0
0.0240138 99.7389 99.7389 1 1 0
0.0240043 99.7402 99.7402 1 1 0
0.0239949 99.7416 99.7416 1 1 0
0.0239855 99.7429 99.7429 1 1 0
0.0239762 99.7443 99.7443 1 1 0
0.0239668 99.7456 99.7456 1 1 0
0.0239575 99.747 99.747 1 1 0
0.0239482 99.7483 99.7483 1 1 0
0.0239389 99.7496 99.7496 1 1 0
0.0239297 99.751 99.751 1 1 0
0.0239204 99.7523 99.7523 1 1 0
0.0239112 99.7536 99.7536 1 1 0
0.023902 99.7549 99.7549 1 1 0
0.0238929 99.7562 99.7562 1 1 0
0.0238837 99.7575 99.7575 1 1 0
0.0238746 99.7588 99.7588 1 1 0
0.0238655 99.7601 99.7601 1 1 0
0.0238565 99.7614 99.7614 1 1 0
0.0238474 99.7627 99.7627 1 1 0
0.0238384 99.764 99.764 1 1 0
0.0238294 99.7652 99.7652 1 1 0
0.0238204 99.7665 99.7665 1 1 0
0.0238114 99.7678 99.7678 1 1 0
0.0238025 99.769 99.769 1 1 0
0.0237936 99.7703 99.7703 1 1 0
0.0237847 99.7715 99.7715 1 1 0
0.0237758 99.7728 99.7728 1 1 0
0.023767 99.774 99.774 1 1 0
0.0237582 99.7753 99.7753 1 1 0
0.0237494 99.7765 99.7765 1 1 0
0.0237406 99.7777 99.7777 1 1 0
0.0237318 99.7789 99.7789 1 1 0
0.0237231 99.7801 99.7801 1 1 0
0.0237144 99.7814 99.7814 1 1 0
0.0237057 99.7826 99.7826 1 1 0
0.023697 99.7838 99.7838 1 1 0
0.0236884 99.785 99.785 1 1 0
0.0236798 99.7862 99.7862 1 1 0
0.0236712 99.7873 99.7873 1 1 0
0.0236626 99.7885 99.7885 1 1 0
0.0236541 99.7897 99.7897 1 1 0
0.0236456 99.7909 99.7909 1 1 0
0.0236371 99.792 99.792 1 1 0
0.0236286 99.7932 99.7932 1 1 0
0.0236202 99.7944 99.7944 1 1 0
0.0236117 99.7955 99.7955 1 1 0
0.0236033 99.7967 99.7967 1 1 0
0.023595 99.7978 99.7978 1 1 0
0.0235866 99.799 99.799 1 1 0
0.0235783 99.8001 99.8001 1 1 0
0.02357 99.8012 99.8012 1 1 0
0.0235617 99.8024 99.8024 1 1 0
0.0235535 99.8035 99.8035 1 1 0
0.0235452 99.8046 99.8046 1 1 0
0.023537 99.8057 99.8057 1 1 0
0.0235288 99.8068 99.8068 1 1 0
0.0235207 99.8079 99.8079 1 1 0
0.0235125 99.809 99.809 1 1 0
0.0235044 99.8101 99.8101 1 1 0
0.0234963 99.8112 99.8112 1 1 0
0.0234883 99.8123 99.8123 1 1 0
0.0234802 99.8134 99.8134 1 1 0
0.0234722 99.8145 99.8145 1 1 0
0.0234642 99.8155 99.8155 1 1 0
0.0234563 99.8166 99.8166 1 1 0
0.0234483 99.8177 99.8177 1 1 0
0.0234404 99.8187 99.8187 1 1 0
0.0234325 99.8198 99.8198 1 1 0
0.0234247 99.8209 99.8209 1 1 0
0.0234168 99.8219 99.8219 1 1 0
0.023409 99.8229 99.8229 1 1 0
0.0234012 99.824 99.824 1 1 0
0.0233934 99.825 99.825 1 1 0
0.0233857 99.826 99.826 1 1 0
0.023378 99.8271 99.8271 1 1 0
0.0233703 99.8281 99.8281 1 1 0
0.0233626 99.8291 99.8291 1 1 0
0.023355 99.8301 99.8301 1 1 0
0.0233474 99.8311 99.8311 1 1 0
0.0233398 99.8321 99.8321 1 1 0
0.0233322 99.8331 99.8331 1 1 0
0.0233247 99.8341 99.8341 1 1 0
0.0233172 99.8351 99.8351 1 1 0
0.0233097 99.8361 99.8361 1 1 0
0.0233022 99.8371 99.8371 1 1 0
0.0232948 99.8381 99.8381 1 1 0
0.0232874 99.839 99.839 1 1 0
0.02328 99.84 99.84 1 1 0
0.0232726 99.841 99.841 1 1 0
0.0232653 99.8419 99.8419 1 1 0
0.023258 99.8429 99.8429 1 1 0
0.0232507 99.8439 99.8439 1 1 0
0.0232435 99.8448 99.8448 1 1 0
0.0232362 99.8457 99.8457 1 1 0
0.023229 99.8467 99.8467 1 1 0
0.0232219 99.8476 99.8476 1 1 0
0.0232147 99.8486 99.8486 1 1 0
0.0232076 99.8495 99.8495 1 1 0
0.0232005 99.8504 99.8504 1 1 0
0.0231934 99.8513 99.8513 1 1 0
0.0231864 99.8522 99.8522 1 1 0
0.0231794 99.8532 99.8532 1 1 0
0.0231724 99.8541 99.8541 1 1 0
0.0231654 99.855 99.855 1 1 0
0.0231585 99.8559 99.8559 1 1 0
0.0231516 99.8568 99.8568 1 1 0
0.0231447 99.8577 99.8577 1 1 0
0.0231378 99.8585 99.8585 1 1 0
0.023131 99.8594 99.8594 1 1 0
0.0231242 99.8603 99.8603 1 1 0
0.0231174 99.8612 99.8612 1 1 0
0.0231107 99.8621 99.8621 1 1 0
0.023104 99.8629 99.8629 1 1 0
0.0230973 99.8638 99.8638 1 1 0
0.0230906 99.8646 99.8646 1 1 0
0.023084 99.8655 99.8655 1 1 0
0.0230774 99.8664 99.8664 1 1 0
0.0230708 99.8672 99.8672 1 1 0
0.0230642 99.8681 99.8681 1 1 0
0.0230577 99.8689 99.8689 1 1 0
0.0230512 99.8697 99.8697 1 1 0
0.0230447 99.8706 99.8706 1 1 0
0.0230383 99.8714 99.8714 1 1 0
0.0230319 99.8722 99.8722 1 1 0
0.0230255 99.873 99.873 1 1 0
0.0230191 99.8739 99.8739 1 1 0
0.0230128 99.8747 99.8747 1 1 0
0.0230065 99.8755 99.8755 1 1 0
0.0230002 99.8763 99.8763 1 1 0
0.022994 99.8771 99.8771 1 1 0
0.0229878 99.8779 99.8779 1 1 0
0.0229816 99.8787 99.8787 1 1 0
0.0229755 99.8795 99.8795 1 1 0
0.0229693 99.8803 99.8803 1 1 0
0.0229632 99.881 99.881 1 1 0
0.0229572 99.8818 99.8818 1 1 0
0.0229511 99.8826 99.8826 1 1 0
0.0229451 99.8834 99.8834 1 1 0
0.0229391 99.8841 99.8841 1 1 0
0.0229332 99.8849 99.8849 1 1 0
0.0229273 99.8857 99.8857 1 1 0
0.0229214 99.8864 99.8864 1 1 0
0.0229155 99.8872 99.8872 1 1 0
0.0229097 99.8879 99.8879 1 1 0
0.0229039 99.8887 99.8887 1 1 0
0.0228981 99.8894 99.8894 1 1 0
0.0228924 99.8901 99.8901 1 1 0
0.0228866 99.8909 99.8909 1 1 0
0.022881 99.8916 99.8916 1 1 0
0.0228753 99.8923 99.8923 1 1 0
0.0228697 99.8931 99.8931 1 1 0
0.0228641 99.8938 99.8938 1 1 0
0.0228585 99.8945 99.8945 1 1 0
0.022853 99.8952 99.8952 1 1 0
0.0228475 99.8959 99.8959 1 1 0
0.022842 99.8966 99.8966 1 1 0
0.0228366 99.8973 99.8973 1 1 0
0.0228312 99.898 99.898 1 1 0
0.0228258 99.8987 99.8987 1 1 0
0.0228205 99.8994 99.8994 1 1 0
0.0228152 99.9001 99.9001 1 1 0
0.0228099 99.9008 99.9008 1 1 0
0.0228046 99.9015 99.9015 1 1 0
0.0227994 99.9022 99.9022 1 1 0
0.0227942 99.9028 99.9028 1 1 0
0.0227891 99.9035 99.9035 1 1 0
0.022784 99.9042 99.9042 1 1 0
0.0227789 99.9048 99.9048 1 1 0
0.0227738 99.9055 99.9055 1 1 0
0.0227688 99.9062 99.9062 1 1 0
0.0227638 99.9068 99.9068 1 1 0
0.0227588 99.9075 99.9075 1 1 0
0.0227539 99.9081 99.9081 1 1 0
0.022749 99.9088 99.9088 1 1 0
0.0227442 99.9094 99.9094 1 1 0
0.0227393 99.91 99.91 1 1 0
0.0227345 99.9107 99.9107 1 1 0
0.0227298 99.9113 99.9113 1 1 0
0.0227251 99.9119 99.9119 1 1 0
0.0227204 99.9126 99.9126 1 1 0
0.0227157 99.9132 99.9132 1 1 0
0.0227111 99.9138 99.9138 1 1 0
0.0227065 99.9144 99.9144 1 1 0
0.0227019 99.915 99.915 1 1 0
0.0226974 99.9156 99.9156 1 1 0
0.0226929 99.9163 99.9163 1 1 0
0.0226884 99.9169 99.9169 1 1 0
0.022684 99.9175 99.9175 1 1 0
0.0226796 99.918 99.918 1 1 0
0.0226753 99.9186 99.9186 1 1 0
0.022671 99.9192 99.9192 1 1 0
0.0226667 99.9198 99.9198 1 1 0
0.0226624 99.9204 99.9204 1 1 0
0.0226582 99.921 99.921 1 1 0
0.022654 99.9216 99.9216 1 1 0
0.0226499 99.9221 99.9221 1 1 0
0.0226458 99.9227 99.9227 1 1 0
0.0226417 99.9233 99.9233 1 1 0
0.0226377 99.9238 99.9238 1 1 0
0.0226337 99.9244 99.9244 1 1 0
0.0226297 99.925 99.925 1 1 0
0.0226258 99.9255 99.9255 1 1 0
0.0226219 99.9261 99.9261 1 1 0
0.022618 99.9266 99.9266 1 1 0
0.0226142 99.9272 99.9272 1 1 0
0.0226104 99.9277 99.9277 1 1 0
0.0226067 99.9283 99.9283 1 1 0
0.022603 99.9288 99.9288 1 1 0
0.0225993 99.9293 99.9293 1 1 0
0.0225957 99.9299 99.9299 1 1 0
0.0225921 99.9304 99.9304 1 1 0
0.0225885 99.9309 99.9309 1 1 0
0.022585 99.9314 99.9314 1 1 0
0.0225815 99.932 99.932 1 1 0
0.0225781 99.9325 99.9325 1 1 0
0.0225747 99.933 99.933 1 1 0
0.0225713 99.9335 99.9335 1 1 0
0.022568 99.934 99.934 1 1 0
0.0225647 99.9345 99.9345 1 1 0
0.0225615 99.935 99.935 1 1 0
0.0225583 99.9355 99.9355 1 1 0
0.0225551 99.936 99.936 1 1 0
0.022552 99.9365 99.9365 1 1 0
0.0225489 99.937 99.937 1 1 0
0.0225458 99.9375 99.9375 1 1 0
0.0225428 99.938 99.938 1 1 0
0.0225398 99.9385 99.9385 1 1 0
0.0225369 99.9389 99.9389 1 1 0
0.022534 99.9394 99.9394 1 1 0
0.0225312 99.9399 99.9399 1 1 0
0.0225284 99.9404 99.9404 1 1 0
0.0225256 99.9408 99.9408 1 1 0
0.0225229 99.9413 99.9413 1 1 0
0.0225202 99.9418 99.9418 1 1 0
0.0225175 99.9422 99.9422 1 1 0
0.0225149 99.9427 99.9427 1 1 0
0.0225124 99.9431 99.9431 1 1 0
0.0225099 99.9436 99.9436 1 1 0
0.0225074 99.944 99.944 1 1 0
0.022505 99.9445 99.9445 1 1 0
0.0225026 99.9449 99.9449 1 1 0
0.0225002 99.9454 99.9454 1 1 0
0.0224979 99.9458 99.9458 1 1 0
0.0224957 99.9462 99.9462 1 1 0
0.0224934 99.9467 99.9467 1 1 0
0.0224913 99.9471 99.9471 1 1 0
0.0224891 99.9475 99.9475 1 1 0
0.022487 99.948 99.948 1 1 0
0.022485 99.9484 99.9484 1 1 0
0.022483 99.9488 99.9488 1 1 0
0.0224811 99.9492 99.9492 1 1 0
0.0224792 99.9496 99.9496 1 1 0
0.0224773 99.9501 99.9501 1 1 0
0.0224755 99.9505 99.9505 1 1 0
0.0224737 99.9509 99.9509 1 1 0
0.022472 99.9513 99.9513 1 1 0
0.0224703 99.9517 99.9517 1 1 0
0.0224687 99.9521 99.9521 1 1 0
0.0224671 99.9525 99.9525 1 1 0
0.0224655 99.9529 99.9529 1 1 0
0.0224641 99.9533 99.9533 1 1 0
0.0224626 99.9537 99.9537 1 1 0
0.0224612 99.9541 99.9541 1 1 0
0.0224599 99.9544 99.9544 1 1 0
0.0224586 99.9548 99.9548 1 1 0
0.0224573 99.9552 99.9552 1 1 0
0.0224561 99.9556 99.9556 1 1 0
0.022455 99.956 99.956 1 1 0
0.0224538 99.9563 99.9563 1 1 0
0.0224528 99.9567 99.9567 1 1 0
0.0224518 99.9571 99.9571 1 1 0
0.0224508 99.9575 99.9575 1 1 0
0.0224499 99.9578 99.9578 1 1 0
0.0224491 99.9582 99.9582 1 1 0
0.0224483 99.9585 99.9585 1 1 0
0.0224475 99.9589 99.9589 1 1 0
0.0224468 99.9593 99.9593 1 1 0
0.0224461 99.9596 99.9596 1 1 0
0.0224455 99.96 99.96 1 1 0
0.022445 99.9603 99.9603 1 1 0
0.0224445 99.9607 99.9607 1 1 0
0.022444 99.961 99.961 1 1 0
0.0224436 99.9613 99.9613 1 1 0
0.0224433 99.9617 99.9617 1 1 0
0.022443 99.962 99.962 1 1 0
0.0224428 99.9624 99.9624 1 1 0
0.0224426 99.9627 99.9627 1 1 0
0.0224425 99.963 99.963 1 1 0
0.0224424 99.9633 99.9633 1 1 0
0.0224424 99.9636 99.9636 1 1 0
0.0224424 99.9639 99.9639 2 1 0
0.0224425 99.9643 99.9643 2 1 0
0.0224426 99.9646 99.9646 2 1 0
0.0224428 99.9649 99.9649 2 1 0
0.0224431 99.9652 99.9652 2 1 0
0.0224434 99.9655 99.9655 2 1 0
0.0224438 99.9658 99.9658 2 1 0
0.0224442 99.9662 99.9662 2 1 0
0.0224447 99.9665 99.9665 2 1 0
0.0224452 99.9668 99.9668 2 1 0
0.0224458 99.9671 99.9671 2 1 0
0.0224464 99.9674 99.9674 2 1 0
0.0224472 99.9677 99.9677 2 1 0
0.0224479 99.968 99.968 2 1 0
0.0224488 99.9683 99.9683 2 1 0
0.0224496 99.9686 99.9686 2 1 0
0.0224506 99.9688 99.9688 2 1 0
0.0224516 99.9691 99.9691 2 1 0
0.0224527 99.9694 99.9694 2 1 0
0.0224538 99.9697 99.9697 2 1 0
0.022455 99.97 99.97 2 1 0
0.0224563 99.9703 99.9703 2 1 0
0.0224576 99.9706 99.9706 2 1 0
0.022459 99.9708 99.9708 2 1 0
0.0224604 99.9711 99.9711 2 1 0
0.0224619 99.9714 99.9714 2 1 0
0.0224635 99.9717 99.9717 2 1 0
0.0224652 99.9719 99.9719 2 1 0
0.0224669 99.9722 99.9722 2 1 0
0.0224686 99.9725 99.9725 2 1 0
0.0224705 99.9727 99.9727 2 1 0
0.0224724 99.973 99.973 2 1 0
0.0224743 99.9732 99.9732 2 1 0
0.0224764 99.9735 99.9735 2 1 0
0.0224785 99.9738 99.9738 2 1 0
0.0224806 99.974 99.974 2 1 0
0.0224829 99.9743 99.9743 2 1 0
0.0224852 99.9745 99.9745 2 1 0
0.0224876 99.9748 99.9748 2 1 0
0.02249 99.975 99.975 2 1 0
0.0224925 99.9753 99.9753 2 1 0
0.0224951 99.9755 99.9755 2 1 0
0.0224978 99.9757 99.9757 2 1 0
0.0225005 99.976 99.976 2 1 0
0.0225033 99.9762 99.9762 2 1 0
0.0225062 99.9765 99.9765 2 1 0
0.0225091 99.9767 99.9767 2 1 0
0.0225121 99.9769 99.9769 2 1 0
0.0225152 99.9772 99.9772 2 1 0
0.0225184 99.9774 99.9774 2 1 0
0.0225216 99.9776 99.9776 2 1 0
0.022525 99.9778 99.9778 2 1 0
0.0225284 99.9781 99.9781 2 1 0
0.0225318 99.9783 99.9783 2 1 0
0.0225354 99.9785 99.9785 2 1 0
0.022539 99.9787 99.9787 2 1 0
0.0225427 99.979 99.979 2 1 0
0.0225465 99.9792 99.9792 2 1 0
0.0225503 99.9794 99.9794 2 1 0
0.0225543 99.9796 99.9796 2 1 0
0.0225583 99.9798 99.9798 2 1 0
0.0225624 99.98 99.98 2 1 0
0.0225666 99.9802 99.9802 2 1 0
0.0225708 99.9804 99.9804 2 1 0
0.0225752 99.9806 99.9806 2 1 0
0.0225796 99.9808 99.9808 2 1 0
0.0225841 99.981 99.981 2 1 0
0.0225887 99.9812 99.9812 2 1 0
0.0225934 99.9814 99.9814 2 1 0
0.0225982 99.9816 99.9816 2 1 0
0.022603 99.9818 99.9818 2 1 0
0.022608 99.982 99.982 2 1 0
0.022613 99.9822 99.9822 2 1 0
0.0226181 99.9824 99.9824 2 1 0
0.0226233 99.9826 99.9826 2 1 0
0.0226286 99.9828 99.9828 2 1 0
0.022634 99.983 99.983 2 1 0
0.0226395 99.9832 99.9832 2 1 0
0.022645 99.9833 99.9833 2 1 0
0.0226507 99.9835 99.9835 2 1 0
0.0226564 99.9837 99.9837 2 1 0
0.0226623 99.9839 99.9839 2 1 0
0.0226682 99.9841 99.9841 2 1 0
0.0226742 99.9842 99.9842 2 1 0
0.0226804 99.9844 99.9844 2 1 0
0.0226866 99.9846 99.9846 2 1 0
0.0226929 99.9848 99.9848 2 1 0
0.0226993 99.9849 99.9849 2 1 0
0.0227058 99.9851 99.9851 2 1 0
0.0227124 99.9853 99.9853 2 1 0
0.0227192 99.9854 99.9854 2 1 0
0.022726 99.9856 99.9856 2 1 0
0.0227329 99.9858 99.9858 2 1 0
0.0227399 99.9859 99.9859 2 1 0
0.022747 99.9861 99.9861 2 1 0
0.0227543 99.9862 99.9862 2 1 0
0.0227616 99.9864 99.9864 2 1 0
0.022769 99.9865 99.9865 2 1 0
0.0227766 99.9867 99.9867 2 1 0
0.0227842 99.9869 99.9869 2 1 0
0.022792 99.987 99.987 2 1 0
0.0227999 99.9872 99.9872 2 1 0
0.0228078 99.9873 99.9873 2 1 0
0.0228159 99.9875 99.9875 2 1 0
0.0228241 99.9876 99.9876 2 1 0
0.0228325 99.9878 99.9878 2 1 0
0.0228409 99.9879 99.9879 2 1 0
0.0228494 99.988 99.988 2 1 0
0.0228581 99.9882 99.9882 2 1 0
0.0228669 99.9883 99.9883 2 1 0
0.0228758 99.9885 99.9885 2 1 0
0.0228848 99.9886 99.9886 2 1 0
0.0228939 99.9887 99.9887 2 1 0
0.0229032 99.9889 99.9889 2 1 0
0.0229125 99.989 99.989 2 1 0
0.022922 99.9891 99.9891 2 1 0
0.0229317 99.9893 99.9893 2 1 0
0.0229414 99.9894 99.9894 2 1 0
0.0229513 99.9895 99.9895 2 1 0
0.0229613 99.9897 99.9897 2 1 0
0.0229714 99.9898 99.9898 2 1 0
0.0229817 99.9899 99.9899 2 1 0
0.022992 99.99 99.99 2 1 0
0.0230026 99.9902 99.9902 2 1 0
0.0230132 99.9903 99.9903 2 1 0
0.023024 99.9904 99.9904 2 1 0
0.0230349 99.9905 99.9905 2 1 0
0.023046 99.9906 99.9906 2 1 0
0.0230572 99.9908 99.9908 2 1 0
0.0230685 99.9909 99.9909 2 1 0
0.02308 99.991 99.991 2 1 0
0.0230916 99.9911 99.9911 2 1 0
0.0231034 99.9912 99.9912 2 1 0
0.0231153 99.9913 99.9913 2 1 0
0.0231273 99.9915 99.9915 2 1 0
0.0231395 99.9916 99.9916 2 1 0
0.0231518 99.9917 99.9917 2 1 0
0.0231643 99.9918 99.9918 2 1 0
0.023177 99.9919 99.9919 2 1 0
0.0231898 99.992 99.992 2 1 0
0.0232027 99.9921 99.9921 2 1 0
0.0232158 99.9922 99.9922 2 1 0
0.0232291 99.9923 99.9923 2 1 0
0.0232425 99.9924 99.9924 2 1 0
0.0232561 99.9925 99.9925 2 1 0
0.0232698 99.9926 99.9926 2 1 0
0.0232837 99.9927 99.9927 2 1 0
0.0232978 99.9928 99.9928 2 1 0
0.023312 99.9929 99.9929 2 1 0
0.0233264 99.993 99.993 2 1 0
0.023341 99.9931 99.9931 2 1 0
0.0233557 99.9932 99.9932 2 1 0
0.0233707 99.9933 99.9933 2 1 0
0.0233857 99.9934 99.9934 2 1 0
0.023401 99.9935 99.9935 2 1 0
0.0234165 99.9936 99.9936 2 1 0
0.0234321 99.9936 99.9936 2 1 0
0.0234479 99.9937 99.9937 2 1 0
0.0234639 99.9938 99.9938 2 1 0
0.02348 99.9939 99.9939 2 1 0
0.0234964 99.994 99.994 2 1 0
0.0235129 99.9941 99.9941 2 1 0
0.0235297 99.9942 99.9942 2 1 0
0.0235466 99.9942 99.9942 2 1 0
0.0235637 99.9943 99.9943 2 1 0
0.0235811 99.9944 99.9944 2 1 0
0.0235986 99.9945 99.9945 2 1 0
0.0236163 99.9946 99.9946 2 1 0
0.0236342 99.9947 99.9947 2 1 0
0.0236524 99.9947 99.9947 2 1 0
0.0236707 99.9948 99.9948 2 1 0
0.0236892 99.9949 99.9949 2 1 0
0.023708 99.995 99.995 2 1 0
0.023727 99.995 99.995 2 1 0
0.0237462 99.9951 99.9951 2 1 0
0.0237656 99.9952 99.9952 2 1 0
0.0237852 99.9953 99.9953 2 1 0
0.0238051 99.9953 99.9953 2 1 0
0.0238251 99.9954 99.9954 2 1 0
0.0238455 99.9955 99.9955 2 1 0
0.023866 99.9955 99.9955 2 1 0
0.0238868 99.9956 99.9956 2 1 0
0.0239078 99.9957 99.9957 2 1 0
0.023929 99.9957 99.9957 2 1 0
0.0239505 99.9958 99.9958 2 1 0
0.0239723 99.9959 99.9959 2 1 0
0.0239943 99.9959 99.9959 2 1 0
0.0240165 99.996 99.996 2 1 0
0.024039 99.9961 99.9961 2 1 0
0.0240617 99.9961 99.9961 2 1 0
0.0240847 99.9962 99.9962 2 1 0
0.024108 99.9962 99.9962 2 1 0
0.0241315 99.9963 99.9963 2 1 0
0.0241553 99.9964 99.9964 2 1 0
0.0241794 99.9964 99.9964 2 1 0
0.0242037 99.9965 99.9965 2 1 0
0.0242284 99.9965 99.9965 2 1 0
0.0242533 99.9966 99.9966 2 1 0
0.0242785 99.9966 99.9966 2 1 0
0.0243039 99.9967 99.9967 2 1 0
0.0243297 99.9968 99.9968 2 1 0
0.0243558 99.9968 99.9968 2 1 0
0.0243821 99.9969 99.9969 2 1 0
0.0244088 99.9969 99.9969 2 1 0
0.0244358 99.997 99.997 2 1 0
0.024463 99.997 99.997 2 1 0
0.0244906 99.9971 99.9971 2 1 0
0.0245185 99.9971 99.9971 2 1 0
0.0245468 99.9972 99.9972 2 1 0
0.0245753 99.9972 99.9972 2 1 0
0.0246042 99.9973 99.9973 2 1 0
0.0246334 99.9973 99.9973 2 1 0
0.024663 99.9974 99.9974 2 1 0
0.0246929 99.9974 99.9974 2 1 0
0.0247232 99.9974 99.9974 2 1 0
0.0247538 99.9975 99.9975 2 1 0
0.0247847 99.9975 99.9975 2 1 0
0.024816 99.9976 99.9976 2 1 0
0.0248477 99.9976 99.9976 2 1 0
0.0248798 99.9977 99.9977 2 1 0
0.0249122 99.9977 99.9977 2 1 0
0.024945 99.9978 99.9978 2 1 0
0.0249782 99.9978 99.9978 2 1 0
0.0250118 99.9978 99.9978 2 1 0
0.0250458 99.9979 99.9979 2 1 0
0.0250802 99.9979 99.9979 2 1 0
0.025115 99.998 99.998 2 1 0
0.0251502 99.998 99.998 2 1 0
0.0251858 99.998 99.998 2 1 0
0.0252218 99.9981 99.9981 2 1 0
0.0252583 99.9981 99.9981 2 1 0
0.0252952 99.9981 99.9981 2 1 0
0.0253326 99.9982 99.9982 2 1 0
0.0253704 99.9982 99.9982 2 1 0
0.0254086 99.9982 99.9982 2 1 0
0.0254473 99.9983 99.9983 2 1 0
0.0254865 99.9983 99.9983 2 1 0
0.0255262 99.9983 99.9983 2 1 0
0.0255663 99.9984 99.9984 2 1 0
0.025607 99.9984 99.9984 2 1 0
0.0256481 99.9984 99.9984 2 1 0
0.0256897 99.9985 99.9985 2 1 0
0.0257318 99.9985 99.9985 2 1 0
0.0257745 99.9985 99.9985 2 1 0
0.0258177 99.9986 99.9986 2 1 0
0.0258614 99.9986 99.9986 2 1 0
0.0259057 99.9986 99.9986 2 1 0
0.0259505 99.9986 99.9986 2 1 0
0.0259958 99.9987 99.9987 2 1 0
0.0260418 99.9987 99.9987 2 1 0
0.0260883 99.9987 99.9987 2 1 0
0.0261354 99.9988 99.9988 2 1 0
0.0261831 99.9988 99.9988 2 1 0
0.0262314 99.9988 99.9988 2 1 0
0.0262803 99.9988 99.9988 2 1 0
0.0263298 99.9989 99.9989 2 1 0
0.02638 99.9989 99.9989 2 1 0
0.0264308 99.9989 99.9989 2 1 0
0.0264823 99.9989 99.9989 2 1 0
0.0265344 99.999 99.999 2 1 0
0.0265872 99.999 99.999 2 1 0
0.0266407 99.999 99.999 2 1 0
0.0266948 99.999 99.999 2 1 0
0.0267497 99.999 99.999 2 1 0
0.0268054 99.9991 99.9991 2 1 0
0.0268617 99.9991 99.9991 2 1 0
0.0269188 99.9991 99.9991 2 1 0
0.0269767 99.9991 99.9991 2 1 0
0.0270353 99.9992 99.9992 2 1 0
0.0270947 99.9992 99.9992 2 1 0
0.0271549 99.9992 99.9992 2 1 0
0.0272159 99.9992 99.9992 2 1 0
0.0272778 99.9992 99.9992 2 1 0
0.0273405 99.9992 99.9992 2 1 0
0.027404 99.9993 99.9993 2 1 0
0.0274684 99.9993 99.9993 2 1 0
0.0275337 99.9993 99.9993 2 1 0
0.0276 99.9993 99.9993 2 1 0
0.0276671 99.9993 99.9993 2 1 0
0.0277352 99.9994 99.9994 2 1 0
0.0278042 99.9994 99.9994 2 1 0
0.0278742 99.9994 99.9994 2 1 0
0.0279452 99.9994 99.9994 2 1 0
0.0280172 99.9994 99.9994 2 1 0
0.0280902 99.9994 99.9994 2 1 0
0.0281643 99.9994 99.9994 2 1 0
0.0282394 99.9995 99.9995 2 1 0
0.0283156 99.9995 99.9995 2 1 0
0.028393 99.9995 99.9995 2 1 0
0.0284715 99.9995 99.9995 2 1 0
0.0285511 99.9995 99.9995 2 1 0
0.0286319 99.9995 99.9995 2 1 0
0.0287139 99.9995 99.9995 2 1 0
0.0287971 99.9996 99.9996 2 1 0
0.0288816 99.9996 99.9996 2 1 0
0.0289674 99.9996 99.9996 2 1 0
0.0290545 99.9996 99.9996 2 1 0
0.0291429 99.9996 99.9996 2 1 0
0.0292326 99.9996 99.9996 2 1 0
0.0293238 99.9996 99.9996 2 1 0
0.0294163 99.9996 99.9996 2 1 0
0.0295103 99.9996 99.9996 2 1 0
0.0296058 99.9997 99.9997 2 1 0
0.0297028 99.9997 99.9997 2 1 0
0.0298013 99.9997 99.9997 2 1 0
0.0299014 99.9997 99.9997 2 1 0
0.0300031 99.9997 99.9997 2 1 0
0.0301065 99.9997 99.9997 2 1 0
0.0302116 99.9997 99.9997 2 1 0
0.0303183 99.9997 99.9997 2 1 0
0.0304269 99.9997 99.9997 2 1 0
0.0305372 99.9997 99.9997 2 1 0
0.0306494 99.9997 99.9997 2 1 0
0.0307635 99.9998 99.9998 2 1 0
0.0308795 99.9998 99.9998 2 1 0
0.0309975 99.9998 99.9998 2 1 0
0.0311175 99.9998 99.9998 2 1 0
0.0312396 99.9998 99.9998 2 1 0
0.0313638 99.9998 99.9998 2 1 0
0.0314902 99.9998 99.9998 2 1 0
0.0316188 99.9998 99.9998 2 1 0
0.0317497 99.9998 99.9998 2 1 0
0.031883 99.9998 99.9998 2 1 0
0.0320187 99.9998 99.9998 2 1 0
0.0321568 99.9998 99.9998 2 1 0
0.0322975 99.9998 99.9998 2 1 0
0.0324408 99.9998 99.9998 2 1 0
0.0325867 99.9998 99.9998 2 1 0
0.0327354 99.9999 99.9999 2 1 0
0.0328869 99.9999 99.9999 2 1 0
0.0330413 99.9999 99.9999 2 1 0
0.0331986 99.9999 99.9999 2 1 0
0.033359 99.9999 99.9999 2 1 0
0.0335225 99.9999 99.9999 2 1 0
0.0336893 99.9999 99.9999 2 1 0
0.0338594 99.9999 99.9999 2 1 0
0.0340329 99.9999 99.9999 2 1 0
0.0342099 99.9999 99.9999 2 1 0
0.0343905 99.9999 99.9999 2 1 0
0.0345748 99.9999 99.9999 2 1 0
0.0347629 99.9999 99.9999 2 1 0
0.034955 99.9999 99.9999 2 1 0
0.0351512 99.9999 99.9999 2 1 0
0.0353516 99.9999 99.9999 2 1 0
0.0355562 99.9999 99.9999 2 1 0
0.0357654 99.9999 99.9999 2 1 0
0.0359791 99.9999 99.9999 2 1 0
0.0361976 99.9999 99.9999 2 1 0
0.036421 99.9999 99.9999 2 1 0
0.0366494 99.9999 99.9999 2 1 0
0.0368831 99.9999 99.9999 2 1 0
0.0371221 99.9999 99.9999 2 1 0
0.0373668 99.9999 99.9999 2 1 0
0.0376172 99.9999 99.9999 2 1 0
0.0378736 100 100 2 1 0
0.0381362 100 100 2 1 0
0.0384052 100 100 2 1 0
0.0386809 100 100 2 1 0
0.0389634 100 100 2 1 0
0.0392531 100 100 2 1 0
0.0395501 100 100 2 1 0
0.0398549 100 100 2 1 0
0.0401676 100 100 2 1 0
0.0404885 100 100 2 1 0
0.0408181 100 100 2 1 0
0.0411566 100 100 2 1 0
0.0415045 100 100 2 1 0
0.0418619 100 100 2 1 0
0.0422295 100 100 2 1 0
0.0426076 100 100 2 1 0
0.0429966 100 100 2 1 0
0.043397 100 100 2 1 0
0.0438093 100 100 2 1 0
0.044234 100 100 2 1 0
0.0446717 100 100 2 1 0
0.045123 100 100 2 1 0
0.0455885 100 100 2 1 0
0.0460689 100 100 2 1 0
0.0465648 100 100 2 1 0
0.047077 100 100 2 1 0
0.0476063 100 100 2 1 0
0.0481535 100 100 2 1 0
0.0487196 100 100 2 1 0
0.0493056 100 100 2 1 0
0.0499123 100 100 2 1 0
0.050541 100 100 2 1 0
0.0511928 100 100 2 1 0
0.051869 100 100 2 1 0
0.0525709 100 100 2 1 0
0.0532999 100 100 2 1 0
0.0540577 100 100 2 1 0
0.0548459 100 100 2 1 0
0.0556662 100 100 2 1 0
0.0565207 100 100 2 1 0
0.0574113 100 100 2 1 0
0.0583405 100 100 2 1 0
0.0593105 100 100 2 1 0
0.0603241 100 100 2 1 0
0.0613842 100 100 2 1 0
0.0624937 100 100 2 1 0
0.0636562 100 100 2 1 0
0.0648753 100 100 2 1 0
0.066155 100 100 2 1 0
0.0674997 100 100 2 1 0
0.0689142 100 100 2 1 0
0.0704038 100 100 2 1 0
0.0719742 100 100 2 1 0
0.0736316 100 100 2 1 0
0.0753832 100 100 2 1 0
0.0772365 100 100 2 1 0
0.0791997 100 100 2 1 0
0.0812825 100 100 2 1 0
0.0834951 100 100 2 1 0
0.085849 100 100 2 1 0
0.088357 100 100 2 1 0
0.0910332 100 100 2 1 0
0.0938936 100 100 2 1 0
0.0969557 100 100 2 1 0
0.100239 100 100 2 1 0
0.103767 100 100 2 1 0
0.107563 100 100 2 1 0
0.111657 100 100 2 1 0
0.116079 100 100 2 1 0
0.120867 100 100 2 1 0
0.12606 100 100 2 1 0
0.131706 100 100 2 1 0
0.137859 100 100 2 1 0
0.144578 100 100 2 1 0
0.151935 100 100 2 1 0
0.151935 100 100 2 1 0
0.152553 100 100 2 1 0
0.153176 100 100 2 1 0
0.154437 100 100 2 1 0
0.157015 100 100 2 1 0
0.162412 100 100 2 1 0
0.171164 100 100 2 1 0
0.181212 100 100 2 1 0
0.192344 100 100 2 1 0
0.204715 100 100 2 1 0
0.21851 100 100 2 1 0
0.233946 100 100 2 1 0
0.251287 100 100 2 1 0
0.270848 100 100 2 1 0
0.293011 100 100 2 1 0
0.318243 100 100 2 1 0
0.347119 100 100 2 1 0
0.380352 100 100 2 1 0
0.418837 100 100 2 1 0
0.463701 100 100 2 1 0
0.516383 100 100 2 1 0
0.578727 100 100 2 1 0
0.653119 100 100 2 1 0
0.74265 100 100 2 1 0
0.851311 100 100 2 1 0
0.984173 100 100 2 1 0
1.14743 100 100 2 1 0
