0.03 125.459 125.459 2 1 0
0.0300014 125.485 125.485 1 1 0
0.0300029 125.511 125.511 1 1 0
0.0300058 125.563 125.563 1 1 0
0.0300115 125.667 125.667 1 1 0
0.0300231 125.875 125.875 1 1 0
0.0300412 126.2 126.2 1 1 0
0.0300593 126.525 126.525 1 1 0
0.0300774 126.851 126.851 1 1 0
0.0300955 127.177 127.177 1 1 0
0.0301137 127.503 127.503 1 1 0
0.0301319 127.83 127.83 1 1 0
0.0301501 128.157 128.157 1 1 0
0.0301683 128.484 128.484 1 1 0
0.0301866 128.811 128.811 1 1 0
0.0302048 129.139 129.139 1 1 0
0.0302231 129.468 129.468 1 1 0
0.0302414 129.796 129.796 1 1 0
0.0302598 130.125 130.125 1 1 0
0.0302781 130.454 130.454 1 1 0
0.0302965 130.784 130.784 1 1 0
0.0303149 131.113 131.113 1 1 0
0.0303334 131.444 131.444 1 1 0
0.0303518 131.774 131.774 1 1 0
0.0303703 132.105 132.105 1 1 0
0.0303888 132.436 132.436 1 1 0
0.0304073 132.767 132.767 1 1 0
0.0304259 133.099 133.099 1 1 0
0.0304445 133.431 133.431 1 1 0
0.030463 133.763 133.763 1 1 0
0.0304817 134.095 134.095 1 1 0
0.0305003 134.428 134.428 1 1 0
0.030519 134.762 134.762 1 1 0
0.0305377 135.095 135.095 1 1 0
0.0305564 135.429 135.429 1 1 0
0.0305751 135.763 135.763 1 1 0
0.0305939 136.097 136.097 1 1 0
0.0306126 136.432 136.432 1 1 0
0.0306314 136.767 136.767 1 1 0
0.0306503 137.102 137.102 1 1 0
0.0306691 137.438 137.438 1 1 0
0.030688 137.774 137.774 1 1 0
0.0307069 138.11 138.11 1 1 0
0.0307258 138.446 138.446 1 1 0
0.0307448 138.783 138.783 1 1 0
0.0307637 139.12 139.12 1 1 0
0.0307827 139.457 139.457 1 1 0
0.0308017 139.795 139.795 1 1 0
0.0308208 140.133 140.133 1 1 0
0.0308399 140.471 140.471 1 1 0
0.0308589 140.809 140.809 1 1 0
0.0308781 141.148 141.148 1 1 0
0.0308972 141.487 141.487 1 1 0
0.0309164 141.827 141.827 1 1 0
0.0309356 142.166 142.166 1 1 0
0.0309548 142.506 142.506 1 1 0
0.030974 142.846 142.846 1 1 0
0.0309933 143.187 143.187 1 1 0
0.0310126 143.528 143.528 1 1 0
0.0310319 143.869 143.869 1 1 0
0.0310512 144.21 144.21 1 1 0
0.0310706 144.551 144.551 1 1 0
0.0310899 144.893 144.893 1 1 0
0.0311094 145.235 145.235 1 1 0
0.0311288 145.578 145.578 1 1 0
0.0311483 145.921 145.921 1 1 0
0.0311677 146.264 146.264 1 1 0
0.0311872 146.607 146.607 1 1 0
0.0312068 146.95 146.95 1 1 0
0.0312263 147.294 147.294 1 1 0
0.0312459 147.638 147.638 1 1 0
0.0312655 147.983 147.983 1 1 0
0.0312852 148.327 148.327 1 1 0
0.0313048 148.672 148.672 1 1 0
0.0313245 149.017 149.017 1 1 0
0.0313442 149.363 149.363 1 1 0
0.031364 149.708 149.708 1 1 0
0.0313838 150.054 150.054 1 1 0
0.0314035 150.4 150.4 1 1 0
0.0314234 150.747 150.747 1 1 0
0.0314432 151.094 151.094 1 1 0
0.0314631 151.441 151.441 1 1 0
0.031483 151.788 151.788 1 1 0
0.0315029 152.135 152.135 1 1 0
0.0315228 152.483 152.483 1 1 0
0.0315428 152.831 152.831 1 1 0
0.0315628 153.18 153.18 1 1 0
0.0315828 153.528 153.528 1 1 0
0.0316029 153.877 153.877 1 1 0
0.031623 154.226 154.226 1 1 0
0.0316431 154.575 154.575 1 1 0
0.0316632 154.925 154.925 1 1 0
0.0316834 155.275 155.275 1 1 0
0.0317035 155.625 155.625 1 1 0
0.0317238 155.975 155.975 1 1 0
0.031744 156.326 156.326 1 1 0
0.0317643 156.677 156.677 1 1 0
0.0317845 157.028 157.028 1 1 0
0.0318049 157.379 157.379 1 1 0
0.0318252 157.731 157.731 1 1 0
0.0318456 158.083 158.083 1 1 0
0.031866 158.435 158.435 1 1 0
0.0318864 158.787 158.787 1 1 0
0.0319069 159.14 159.14 1 1 0
0.0319274 159.492 159.492 1 1 0
0.0319479 159.846 159.846 1 1 0
0.0319684 160.199 160.199 1 1 0
0.031989 160.552 160.552 1 1 0
0.0320096 160.906 160.906 1 1 0
0.0320302 161.26 161.26 1 1 0
0.0320508 161.615 161.615 1 1 0
0.0320715 161.969 161.969 1 1 0
0.0320922 162.324 162.324 1 1 0
0.032113 162.679 162.679 1 1 0
0.0321337 163.034 163.034 1 1 0
0.0321545 163.39 163.39 1 1 0
0.0321753 163.745 163.745 1 1 0
0.0321962 164.101 164.101 1 1 0
0.032217 164.457 164.457 1 1 0
0.032238 164.814 164.814 1 1 0
0.0322589 165.17 165.17 1 1 0
0.0322798 165.527 165.527 1 1 0
0.0323008 165.884 165.884 1 1 0
0.0323219 166.242 166.242 1 1 0
0.0323429 166.599 166.599 1 1 0
0.032364 166.957 166.957 1 1 0
0.0323851 167.315 167.315 1 1 0
0.0324062 167.673 167.673 1 1 0
0.0324274 168.032 168.032 1 1 0
0.0324486 168.391 168.391 1 1 0
0.0324698 168.75 168.75 1 1 0
0.0324911 169.109 169.109 1 1 0
0.0325123 169.468 169.468 1 1 0
0.0325337 169.828 169.828 1 1 0
0.032555 170.188 170.188 1 1 0
0.0325764 170.548 170.548 1 1 0
0.0325978 170.908 170.908 1 1 0
0.0326192 171.268 171.268 1 1 0
0.0326407 171.629 171.629 1 1 0
0.0326621 171.99 171.99 1 1 0
0.0326837 172.351 172.351 1 1 0
0.0327052 172.713 172.713 1 1 0
0.0327268 173.074 173.074 1 1 0
0.0327484 173.436 173.436 1 1 0
0.0327701 173.798 173.798 1 1 0
0.0327917 174.16 174.16 1 1 0
0.0328134 174.523 174.523 1 1 0
0.0328352 174.885 174.885 1 1 0
0.0328569 175.248 175.248 1 1 0
0.0328787 175.611 175.611 1 1 0
0.0329006 175.974 175.974 1 1 0
0.0329224 176.338 176.338 1 1 0
0.0329443 176.702 176.702 1 1 0
0.0329662 177.065 177.065 1 1 0
0.0329882 177.43 177.43 1 1 0
0.0330102 177.794 177.794 1 1 0
0.0330322 178.158 178.158 1 1 0
0.0330542 178.523 178.523 1 1 0
0.0330763 178.888 178.888 1 1 0
0.0330984 179.253 179.253 1 1 0
0.0331206 179.619 179.619 1 1 0
0.0331428 179.984 179.984 1 1 0
0.033165 180.35 180.35 1 1 0
0.0331872 180.716 180.716 1 1 0
0.0332095 181.082 181.082 1 1 0
0.0332318 181.448 181.448 1 1 0
0.0332541 181.815 181.815 1 1 0
0.0332765 182.182 182.182 1 1 0
0.0332989 182.549 182.549 1 1 0
0.0333213 182.916 182.916 1 1 0
0.0333438 183.283 183.283 1 1 0
0.0333663 183.651 183.651 1 1 0
0.0333888 184.018 184.018 1 1 0
0.0334114 184.386 184.386 1 1 0
0.033434 184.754 184.754 1 1 0
0.0334566 185.123 185.123 1 1 0
0.0334793 185.491 185.491 1 1 0
0.033502 185.86 185.86 1 1 0
0.0335248 186.229 186.229 1 1 0
0.0335475 186.598 186.598 1 1 0
0.0335703 186.967 186.967 1 1 0
0.0335932 187.336 187.336 1 1 0
0.033616 187.706 187.706 1 1 0
0.0336389 188.076 188.076 1 1 0
0.0336619 188.446 188.446 1 1 0
0.0336849 188.816 188.816 1 1 0
0.0337079 189.186 189.186 1 1 0
0.0337309 189.557 189.557 1 1 0
0.033754 189.927 189.927 1 1 0
0.0337771 190.298 190.298 1 1 0
0.0338002 190.669 190.669 1 1 0
0.0338234 191.041 191.041 1 1 0
0.0338466 191.412 191.412 1 1 0
0.0338699 191.784 191.784 1 1 0
0.0338932 192.156 192.156 1 1 0
0.0339165 192.528 192.528 1 1 0
0.0339399 192.9 192.9 1 1 0
0.0339633 193.272 193.272 1 1 0
0.0339867 193.645 193.645 1 1 0
0.0340102 194.017 194.017 1 1 0
0.0340337 194.39 194.39 1 1 0
0.0340572 194.763 194.763 1 1 0
0.0340808 195.136 195.136 1 1 0
0.0341044 195.51 195.51 1 1 0
0.034128 195.883 195.883 1 1 0
0.0341517 196.257 196.257 1 1 0
0.0341755 196.631 196.631 1 1 0
0.0341992 197.005 197.005 1 1 0
0.034223 197.379 197.379 1 1 0
0.0342468 197.753 197.753 1 1 0
0.0342707 198.128 198.128 1 1 0
0.0342946 198.503 198.503 1 1 0
0.0343186 198.878 198.878 1 1 0
0.0343425 199.253 199.253 1 1 0
0.0343666 199.628 199.628 1 1 0
0.0343906 200.003 200.003 1 1 0
0.0344147 200.379 200.379 1 1 0
0.0344389 200.754 200.754 1 1 0
0.034463 201.13 201.13 1 1 0
0.0344872 201.506 201.506 1 1 0
0.0345115 201.882 201.882 1 1 0
0.0345358 202.259 202.259 1 1 0
0.0345601 202.635 202.635 1 1 0
0.0345845 203.012 203.012 1 1 0
0.0346089 203.389 203.389 1 1 0
0.0346333 203.766 203.766 1 1 0
0.0346578 204.143 204.143 1 1 0
0.0346823 204.52 204.52 1 1 0
0.0347069 204.898 204.898 1 1 0
0.0347315 205.275 205.275 1 1 0
0.0347561 205.653 205.653 1 1 0
0.0347808 206.031 206.031 1 1 0
0.0348055 206.409 206.409 1 1 0
0.0348302 206.787 206.787 1 1 0
0.034855 207.165 207.165 1 1 0
0.0348799 207.544 207.544 1 1 0
0.0349048 207.922 207.922 1 1 0
0.0349297 208.301 208.301 1 1 0
0.0349546 208.68 208.68 1 1 0
0.0349796 209.059 209.059 1 1 0
0.0350047 209.438 209.438 1 1 0
0.0350298 209.818 209.818 1 1 0
0.0350549 210.197 210.197 1 1 0
0.0350801 210.577 210.577 1 1 0
0.0351053 210.957 210.957 1 1 0
0.0351305 211.337 211.337 1 1 0
0.0351558 211.717 211.717 1 1 0
0.0351811 212.097 212.097 1 1 0
0.0352065 212.477 212.477 1 1 0
0.0352319 212.858 212.858 1 1 0
0.0352574 213.238 213.238 1 1 0
0.0352829 213.619 213.619 1 1 0
0.0353084 214 214 1 1 0
0.035334 214.381 214.381 1 1 0
0.0353596 214.762 214.762 1 1 0
0.0353853 215.143 215.143 1 1 0
0.035411 215.525 215.525 1 1 0
0.0354368 215.906 215.906 1 1 0
0.0354626 216.288 216.288 1 1 0
0.0354884 216.67 216.67 1 1 0
0.0355143 217.052 217.052 1 1 0
0.0355402 217.434 217.434 1 1 0
0.0355662 217.816 217.816 1 1 0
0.0355922 218.199 218.199 1 1 0
0.0356183 218.581 218.581 1 1 0
0.0356444 218.964 218.964 1 1 0
0.0356706 219.346 219.346 1 1 0
0.0356968 219.729 219.729 1 1 0
0.035723 220.112 220.112 1 1 0
0.0357493 220.495 220.495 1 1 0
0.0357756 220.879 220.879 1 1 0
0.035802 221.262 221.262 1 1 0
0.0358284 221.645 221.645 1 1 0
0.0358549 222.029 222.029 1 1 0
0.0358814 222.413 222.413 1 1 0
0.035908 222.797 222.797 1 1 0
0.0359346 223.181 223.181 1 1 0
0.0359612 223.565 223.565 1 1 0
0.0359879 223.949 223.949 1 1 0
0.0360147 224.333 224.333 1 1 0
0.0360415 224.718 224.718 1 1 0
0.0360683 225.102 225.102 1 1 0
0.0360952 225.487 225.487 1 1 0
0.0361221 225.872 225.872 1 1 0
0.0361491 226.256 226.256 1 1 0
0.0361762 226.641 226.641 1 1 0
0.0362032 227.027 227.027 1 1 0
0.0362304 227.412 227.412 1 1 0
0.0362575 227.797 227.797 1 1 0
0.0362848 228.183 228.183 1 1 0
0.036312 228.568 228.568 1 1 0
0.0363393 228.954 228.954 1 1 0
0.0363667 229.339 229.339 1 1 0
0.0363941 229.725 229.725 1 1 0
0.0364216 230.111 230.111 1 1 0
0.0364491 230.497 230.497 1 1 0
0.0364767 230.884 230.884 1 1 0
0.0365043 231.27 231.27 1 1 0
0.036532 231.656 231.656 1 1 0
0.0365597 232.043 232.043 1 1 0
0.0365874 232.429 232.429 1 1 0
0.0366152 232.816 232.816 1 1 0
0.0366431 233.203 233.203 1 1 0
0.036671 233.59 233.59 1 1 0
0.036699 233.977 233.977 1 1 0
0.036727 234.364 234.364 1 1 0
0.0367551 234.751 234.751 1 1 0
0.0367832 235.138 235.138 1 1 0
0.0368114 235.526 235.526 1 1 0
0.0368396 235.913 235.913 1 1 0
0.0368679 236.301 236.301 1 1 0
0.0368962 236.688 236.688 1 1 0
0.0369246 237.076 237.076 1 1 0
0.036953 237.464 237.464 1 1 0
0.0369815 237.852 237.852 1 1 0
0.03701 238.24 238.24 1 1 0
0.0370386 238.628 238.628 1 1 0
0.0370673 239.016 239.016 1 1 0
0.037096 239.405 239.405 1 1 0
0.0371247 239.793 239.793 1 1 0
0.0371535 240.181 240.181 1 1 0
0.0371824 240.57 240.57 1 1 0
0.0372113 240.959 240.959 1 1 0
0.0372403 241.347 241.347 1 1 0
0.0372693 241.736 241.736 1 1 0
0.0372984 242.125 242.125 1 1 0
0.0373275 242.514 242.514 1 1 0
0.0373567 242.903 242.903 1 1 0
0.0373859 243.292 243.292 1 1 0
0.0374152 243.681 243.681 1 1 0
0.0374446 244.071 244.071 1 1 0
0.037474 244.46 244.46 1 1 0
0.0375035 244.849 244.849 1 1 0
0.037533 245.239 245.239 1 1 0
0.0375626 245.629 245.629 1 1 0
0.0375922 246.018 246.018 1 1 0
0.0376219 246.408 246.408 1 1 0
0.0376517 246.798 246.798 1 1 0
0.0376815 247.188 247.188 1 1 0
0.0377113 247.578 247.578 1 1 0
0.0377413 247.968 247.968 1 1 0
0.0377713 248.358 248.358 1 1 0
0.0378013 248.748 248.748 1 1 0
0.0378314 249.138 249.138 1 1 0
0.0378616 249.528 249.528 1 1 0
0.0378918 249.919 249.919 1 1 0
0.037922 250.309 250.309 1 1 0
0.0379524 250.7 250.7 1 1 0
0.0379828 251.09 251.09 1 1 0
0.0380132 251.481 251.481 1 1 0
0.0380437 251.872 251.872 1 1 0
0.0380743 252.262 252.262 1 1 0
0.038105 252.653 252.653 1 1 0
0.0381357 253.044 253.044 1 1 0
0.0381664 253.435 253.435 1 1 0
0.0381972 253.826 253.826 1 1 0
0.0382281 254.217 254.217 1 1 0
0.0382591 254.608 254.608 1 1 0
0.0382901 254.999 254.999 1 1 0
0.0383211 255.39 255.39 1 1 0
0.0383523 255.782 255.782 1 1 0
0.0383835 256.173 256.173 1 1 0
0.0384147 256.564 256.564 1 1 0
0.038446 256.956 256.956 1 1 0
0.0384774 257.347 257.347 1 1 0
0.0385089 257.739 257.739 1 1 0
0.0385404 258.13 258.13 1 1 0
0.0385719 258.522 258.522 1 1 0
0.0386036 258.914 258.914 1 1 0
0.0386353 259.305 259.305 1 1 0
0.038667 259.697 259.697 1 1 0
0.0386989 260.089 260.089 1 1 0
0.0387308 260.481 260.481 1 1 0
0.0387627 260.873 260.873 1 1 0
0.0387947 261.264 261.264 1 1 0
0.0388268 261.656 261.656 1 1 0
0.038859 262.048 262.048 1 1 0
0.0388912 262.44 262.44 1 1 0
0.0389235 262.832 262.832 1 1 0
0.0389559 263.225 263.225 1 1 0
0.0389883 263.617 263.617 1 1 0
0.0390208 264.009 264.009 1 1 0
0.0390534 264.401 264.401 1 1 0
0.039086 264.793 264.793 1 1 0
0.0391187 265.186 265.186 1 1 0
0.0391515 265.578 265.578 1 1 0
0.0391843 265.97 265.97 1 1 0
0.0392172 266.363 266.363 1 1 0
0.0392502 266.755 266.755 1 1 0
0.0392832 267.148 267.148 1 1 0
0.0393163 267.54 267.54 1 1 0
0.0393495 267.932 267.932 1 1 0
0.0393828 268.325 268.325 1 1 0
0.0394161 268.718 268.718 1 1 0
0.0394495 269.11 269.11 1 1 0
0.039483 269.503 269.503 1 1 0
0.0395165 269.895 269.895 1 1 0
0.0395501 270.288 270.288 1 1 0
0.0395838 270.681 270.681 1 1 0
0.0396175 271.073 271.073 1 1 0
0.0396514 271.466 271.466 1 1 0
0.0396853 271.859 271.859 1 1 0
0.0397192 272.251 272.251 1 1 0
0.0397533 272.644 272.644 1 1 0
0.0397874 273.037 273.037 1 1 0
0.0398216 273.429 273.429 1 1 0
0.0398559 273.822 273.822 1 1 0
0.0398902 274.215 274.215 1 1 0
0.0399246 274.608 274.608 1 1 0
0.0399591 275 275 1 1 0
0.0399937 275.393 275.393 1 1 0
0.0400283 275.786 275.786 1 1 0
0.040063 276.179 276.179 1 1 0
0.0400978 276.572 276.572 1 1 0
0.0401327 276.964 276.964 1 1 0
0.0401677 277.357 277.357 1 1 0
0.0402027 277.75 277.75 1 1 0
0.0402378 278.143 278.143 1 1 0
0.040273 278.536 278.536 1 1 0
0.0403082 278.928 278.928 1 1 0
0.0403436 279.321 279.321 1 1 0
0.040379 279.714 279.714 1 1 0
0.0404145 280.107 280.107 1 1 0
0.0404501 280.5 280.5 1 1 0
0.0404857 280.892 280.892 1 1 0
0.0405214 281.285 281.285 1 1 0
0.0405573 281.678 281.678 1 1 0
0.0405932 282.071 282.071 1 1 0
0.0406291 282.463 282.463 1 1 0
0.0406652 282.856 282.856 1 1 0
0.0407013 283.249 283.249 1 1 0
0.0407375 283.641 283.641 1 1 0
0.0407738 284.034 284.034 1 1 0
0.0408102 284.427 284.427 1 1 0
0.0408467 284.819 284.819 1 1 0
0.0408832 285.212 285.212 1 1 0
0.0409199 285.605 285.605 1 1 0
0.0409566 285.997 285.997 1 1 0
0.0409934 286.39 286.39 1 1 0
0.0410303 286.782 286.782 1 1 0
0.0410673 287.175 287.175 1 1 0
0.0411043 287.567 287.567 1 1 0
0.0411415 287.96 287.96 1 1 0
0.0411787 288.352 288.352 1 1 0
0.041216 288.744 288.744 1 1 0
0.0412534 289.137 289.137 1 1 0
0.0412909 289.529 289.529 1 1 0
0.0413285 289.921 289.921 1 1 0
0.0413661 290.313 290.313 1 1 0
0.0414039 290.706 290.706 1 1 0
0.0414417 291.098 291.098 1 1 0
0.0414796 291.49 291.49 1 1 0
0.0415176 291.882 291.882 1 1 0
0.0415557 292.274 292.274 1 1 0
0.0415939 292.666 292.666 1 1 0
0.0416322 293.058 293.058 1 1 0
0.0416706 293.45 293.45 1 1 0
0.0417091 293.842 293.842 1 1 0
0.0417476 294.233 294.233 1 1 0
0.0417863 294.625 294.625 1 1 0
0.041825 295.017 295.017 1 1 0
0.0418638 295.409 295.409 1 1 0
0.0419027 295.8 295.8 1 1 0
0.0419418 296.192 296.192 1 1 0
0.0419809 296.583 296.583 1 1 0
0.0420201 296.975 296.975 1 1 0
0.0420594 297.366 297.366 1 1 0
0.0420987 297.757 297.757 1 1 0
0.0421382 298.148 298.148 1 1 0
0.0421778 298.54 298.54 1 1 0
0.0422175 298.931 298.931 1 1 0
0.0422572 299.322 299.322 1 1 0
0.0422971 299.713 299.713 1 1 0
0.0423371 300.104 300.104 1 1 0
0.0423771 300.495 300.495 1 1 0
0.0424173 300.885 300.885 1 1 0
0.0424575 301.276 301.276 1 1 0
0.0424979 301.667 301.667 1 1 0
0.0425383 302.057 302.057 1 1 0
0.0425789 302.448 302.448 1 1 0
0.0426195 302.838 302.838 1 1 0
0.0426603 303.228 303.228 1 1 0
0.0427011 303.618 303.618 1 1 0
0.0427421 304.009 304.009 1 1 0
0.0427831 304.399 304.399 1 1 0
0.0428243 304.789 304.789 1 1 0
0.0428655 305.178 305.178 1 1 0
0.0429068 305.568 305.568 1 1 0
0.0429483 305.958 305.958 1 1 0
0.0429899 306.348 306.348 1 1 0
0.0430315 306.737 306.737 1 1 0
0.0430733 307.126 307.126 1 1 0
0.0431151 307.516 307.516 1 1 0
0.0431571 307.905 307.905 1 1 0
0.0431992 308.294 308.294 1 1 0
0.0432414 308.683 308.683 1 1 0
0.0432836 309.072 309.072 1 1 0
0.043326 309.461 309.461 1 1 0
0.0433685 309.849 309.849 1 1 0
0.0434111 310.238 310.238 1 1 0
0.0434538 310.627 310.627 1 1 0
0.0434966 311.015 311.015 1 1 0
0.0435396 311.403 311.403 1 1 0
0.0435826 311.791 311.791 1 1 0
0.0436257 312.179 312.179 1 1 0
0.043669 312.567 312.567 1 1 0
0.0437124 312.955 312.955 1 1 0
0.0437558 313.343 313.343 1 1 0
0.0437994 313.73 313.73 1 1 0
0.0438431 314.117 314.117 1 1 0
0.0438869 314.505 314.505 1 1 0
0.0439308 314.892 314.892 1 1 0
0.0439748 315.279 315.279 1 1 0
0.044019 315.666 315.666 1 1 0
0.0440632 316.052 316.052 1 1 0
0.0441076 316.439 316.439 1 1 0
0.0441521 316.826 316.826 1 1 0
0.0441966 317.212 317.212 1 1 0
0.0442414 317.598 317.598 1 1 0
0.0442862 317.984 317.984 1 1 0
0.0443311 318.37 318.37 1 1 0
0.0443762 318.756 318.756 1 1 0
0.0444213 319.141 319.141 1 1 0
0.0444666 319.527 319.527 1 1 0
0.044512 319.912 319.912 1 1 0
0.0445575 320.297 320.297 1 1 0
0.0446032 320.682 320.682 1 1 0
0.0446489 321.067 321.067 1 1 0
0.0446948 321.452 321.452 1 1 0
0.0447408 321.836 321.836 1 1 0
0.0447869 322.22 322.22 1 1 0
0.0448331 322.605 322.605 1 1 0
0.0448795 322.989 322.989 1 1 0
0.044926 323.372 323.372 1 1 0
0.0449726 323.756 323.756 1 1 0
0.0450193 324.14 324.14 1 1 0
0.0450661 324.523 324.523 1 1 0
0.0451131 324.906 324.906 1 1 0
0.0451602 325.289 325.289 1 1 0
0.0452074 325.672 325.672 1 1 0
0.0452547 326.054 326.054 1 1 0
0.0453022 326.437 326.437 1 1 0
0.0453498 326.819 326.819 1 1 0
0.0453975 327.201 327.201 1 1 0
0.0454453 327.582 327.582 1 1 0
0.0454933 327.964 327.964 1 1 0
0.0455414 328.346 328.346 1 1 0
0.0455896 328.727 328.727 1 1 0
0.045638 329.108 329.108 1 1 0
0.0456864 329.488 329.488 1 1 0
0.045735 329.869 329.869 1 1 0
0.0457838 330.249 330.249 1 1 0
0.0458326 330.63 330.63 1 1 0
0.0458816 331.01 331.01 1 1 0
0.0459308 331.389 331.389 1 1 0
0.04598 331.769 331.769 1 1 0
0.0460294 332.148 332.148 1 1 0
0.0460789 332.527 332.527 1 1 0
0.0461286 332.906 332.906 1 1 0
0.0461783 333.285 333.285 1 1 0
0.0462283 333.663 333.663 1 1 0
0.0462783 334.041 334.041 1 1 0
0.0463285 334.419 334.419 1 1 0
0.0463788 334.797 334.797 1 1 0
0.0464293 335.174 335.174 1 1 0
0.0464799 335.551 335.551 1 1 0
0.0465306 335.928 335.928 1 1 0
0.0465815 336.305 336.305 1 1 0
0.0466325 336.682 336.682 1 1 0
0.0466836 337.058 337.058 1 1 0
0.0467349 337.434 337.434 1 1 0
0.0467863 337.809 337.809 1 1 0
0.0468378 338.185 338.185 1 1 0
0.0468895 338.56 338.56 1 1 0
0.0469414 338.935 338.935 1 1 0
0.0469933 339.31 339.31 1 1 0
0.0470455 339.684 339.684 1 1 0
0.0470977 340.058 340.058 1 1 0
0.0471501 340.432 340.432 1 1 0
0.0472026 340.805 340.805 1 1 0
0.0472553 341.179 341.179 1 1 0
0.0473082 341.552 341.552 1 1 0
0.0473611 341.924 341.924 1 1 0
0.0474142 342.297 342.297 1 1 0
0.0474675 342.669 342.669 1 1 0
0.0475209 343.041 343.041 1 1 0
0.0475744 343.412 343.412 1 1 0
0.0476281 343.783 343.783 1 1 0
0.047682 344.154 344.154 1 1 0
0.0477359 344.525 344.525 1 1 0
0.0477901 344.895 344.895 1 1 0
0.0478444 345.265 345.265 1 1 0
0.0478988 345.635 345.635 1 1 0
0.0479534 346.004 346.004 1 1 0
0.0480081 346.373 346.373 1 1 0
0.048063 346.742 346.742 1 1 0
0.048118 347.111 347.111 1 1 0
0.0481731 347.479 347.479 1 1 0
0.0482285 347.846 347.846 1 1 0
0.0482839 348.214 348.214 1 1 0
0.0483396 348.581 348.581 1 1 0
0.0483953 348.948 348.948 1 1 0
0.0484513 349.314 349.314 1 1 0
0.0485074 349.68 349.68 1 1 0
0.0485636 350.046 350.046 1 1 0
0.04862 350.411 350.411 1 1 0
0.0486765 350.776 350.776 1 1 0
0.0487332 351.141 351.141 1 1 0
0.0487901 351.505 351.505 1 1 0
0.0488471 351.869 351.869 1 1 0
0.0489043 352.233 352.233 1 1 0
0.0489616 352.596 352.596 1 1 0
0.049019 352.959 352.959 1 1 0
0.0490767 353.321 353.321 1 1 0
0.0491345 353.683 353.683 1 1 0
0.0491924 354.045 354.045 1 1 0
0.0492505 354.406 354.406 1 1 0
0.0493088 354.767 354.767 1 1 0
0.0493672 355.128 355.128 1 1 0
0.0494258 355.488 355.488 1 1 0
0.0494845 355.847 355.847 1 1 0
0.0495434 356.207 356.207 1 1 0
0.0496025 356.566 356.566 1 1 0
0.0496617 356.924 356.924 1 1 0
0.0497211 357.282 357.282 1 1 0
0.0497807 357.64 357.64 1 1 0
0.0498404 357.997 357.997 1 1 0
0.0499002 358.354 358.354 1 1 0
0.0499603 358.711 358.711 1 1 0
0.0500205 359.067 359.067 1 1 0
0.0500808 359.422 359.422 1 1 0
0.0501414 359.777 359.777 1 1 0
0.050202 360.132 360.132 1 1 0
0.0502629 360.486 360.486 1 1 0
0.0503239 360.84 360.84 1 1 0
0.0503851 361.194 361.194 1 1 0
0.0504464 361.547 361.547 1 1 0
0.050508 361.899 361.899 1 1 0
0.0505696 362.251 362.251 1 1 0
0.0506315 362.603 362.603 1 1 0
0.0506935 362.954 362.954 1 1 0
0.0507557 363.305 363.305 1 1 0
0.050818 363.655 363.655 1 1 0
0.0508805 364.005 364.005 1 1 0
0.0509432 364.354 364.354 1 1 0
0.0510061 364.703 364.703 1 1 0
0.0510691 365.051 365.051 1 1 0
0.0511323 365.399 365.399 1 1 0
0.0511957 365.746 365.746 1 1 0
0.0512592 366.093 366.093 1 1 0
0.0513229 366.439 366.439 1 1 0
0.0513867 366.785 366.785 1 1 0
0.0514508 367.13 367.13 1 1 0
0.051515 367.475 367.475 1 1 0
0.0515794 367.819 367.819 1 1 0
0.0516439 368.163 368.163 1 1 0
0.0517087 368.506 368.506 1 1 0
0.0517735 368.849 368.849 1 1 0
0.0518386 369.191 369.191 1 1 0
0.0519039 369.533 369.533 1 1 0
0.0519693 369.874 369.874 1 1 0
0.0520348 370.215 370.215 1 1 0
0.0521006 370.555 370.555 1 1 0
0.0521665 370.895 370.895 1 1 0
0.0522326 371.234 371.234 1 1 0
0.0522989 371.572 371.572 1 1 0
0.0523654 371.91 371.91 1 1 0
0.052432 372.247 372.247 1 1 0
0.0524988 372.584 372.584 1 1 0
0.0525657 372.92 372.92 1 1 0
0.0526329 373.256 373.256 1 1 0
0.0527002 373.591 373.591 1 1 0
0.0527677 373.926 373.926 1 1 0
0.0528354 374.26 374.26 1 1 0
0.0529032 374.593 374.593 1 1 0
0.0529712 374.926 374.926 1 1 0
0.0530394 375.258 375.258 1 1 0
0.0531078 375.59 375.59 1 1 0
0.0531763 375.921 375.921 1 1 0
0.0532451 376.251 376.251 1 1 0
0.0533139 376.581 376.581 1 1 0
0.053383 376.91 376.91 1 1 0
0.0534523 377.239 377.239 1 1 0
0.0535217 377.567 377.567 1 1 0
0.0535913 377.894 377.894 1 1 0
0.0536611 378.221 378.221 1 1 0
0.053731 378.547 378.547 1 1 0
0.0538011 378.873 378.873 1 1 0
0.0538714 379.198 379.198 1 1 0
0.0539419 379.522 379.522 1 1 0
0.0540126 379.846 379.846 1 1 0
0.0540834 380.169 380.169 1 1 0
0.0541544 380.491 380.491 1 1 0
0.0542256 380.813 380.813 1 1 0
0.0542969 381.134 381.134 1 1 0
0.0543685 381.454 381.454 1 1 0
0.0544402 381.774 381.774 1 1 0
0.0545121 382.093 382.093 1 1 0
0.0545841 382.411 382.411 1 1 0
0.0546564 382.729 382.729 1 1 0
0.0547288 383.046 383.046 1 1 0
0.0548014 383.363 383.363 1 1 0
0.0548741 383.679 383.679 1 1 0
0.0549471 383.994 383.994 1 1 0
0.0550202 384.308 384.308 1 1 0
0.0550935 384.622 384.622 1 1 0
0.0551669 384.935 384.935 1 1 0
0.0552406 385.247 385.247 1 1 0
0.0553144 385.559 385.559 1 1 0
0.0553884 385.87 385.87 1 1 0
0.0554626 386.18 386.18 1 1 0
0.0555369 386.49 386.49 1 1 0
0.0556114 386.799 386.799 1 1 0
0.0556861 387.107 387.107 1 1 0
0.055761 387.414 387.414 1 1 0
0.055836 387.721 387.721 1 1 0
0.0559113 388.027 388.027 1 1 0
0.0559866 388.332 388.332 1 1 0
0.0560622 388.637 388.637 1 1 0
0.0561379 388.941 388.941 1 1 0
0.0562139 389.244 389.244 1 1 0
0.0562899 389.546 389.546 1 1 0
0.0563662 389.848 389.848 1 1 0
0.0564426 390.149 390.149 1 1 0
0.0565192 390.449 390.449 1 1 0
0.056596 390.748 390.748 1 1 0
0.056673 391.047 391.047 1 1 0
0.0567501 391.345 391.345 1 1 0
0.0568274 391.642 391.642 1 1 0
0.0569048 391.938 391.938 1 1 0
0.0569825 392.234 392.234 1 1 0
0.0570603 392.529 392.529 1 1 0
0.0571382 392.823 392.823 1 1 0
0.0572164 393.116 393.116 1 1 0
0.0572947 393.409 393.409 1 1 0
0.0573732 393.701 393.701 1 1 0
0.0574518 393.992 393.992 1 1 0
0.0575306 394.282 394.282 1 1 0
0.0576096 394.572 394.572 1 1 0
0.0576888 394.86 394.86 1 1 0
0.0577681 395.148 395.148 1 1 0
0.0578476 395.435 395.435 1 1 0
0.0579272 395.722 395.722 1 1 0
0.0580071 396.007 396.007 1 1 0
0.058087 396.292 396.292 1 1 0
0.0581672 396.576 396.576 1 1 0
0.0582475 396.859 396.859 1 1 0
0.058328 397.142 397.142 1 1 0
0.0584086 397.423 397.423 1 1 0
0.0584895 397.704 397.704 1 1 0
0.0585704 397.984 397.984 1 1 0
0.0586516 398.263 398.263 1 1 0
0.0587329 398.542 398.542 1 1 0
0.0588143 398.819 398.819 1 1 0
0.058896 399.096 399.096 1 1 0
0.0589777 399.372 399.372 1 1 0
0.0590597 399.647 399.647 1 1 0
0.0591418 399.922 399.922 1 1 0
0.0592241 400.195 400.195 1 1 0
0.0593065 400.468 400.468 1 1 0
0.0593891 400.74 400.74 1 1 0
0.0594718 401.011 401.011 1 1 0
0.0595547 401.281 401.281 1 1 0
0.0596378 401.55 401.55 1 1 0
0.059721 401.819 401.819 1 1 0
0.0598044 402.086 402.086 1 1 0
0.0598879 402.353 402.353 1 1 0
0.0599716 402.619 402.619 1 1 0
0.0600554 402.885 402.885 1 1 0
0.0601394 403.149 403.149 1 1 0
0.0602235 403.412 403.412 1 1 0
0.0603078 403.675 403.675 1 1 0
0.0603923 403.937 403.937 1 1 0
0.0604769 404.198 404.198 1 1 0
0.0605616 404.458 404.458 1 1 0
0.0606465 404.718 404.718 1 1 0
0.0607316 404.976 404.976 1 1 0
0.0608167 405.234 405.234 1 1 0
0.0609021 405.491 405.491 1 1 0
0.0609876 405.747 405.747 1 1 0
0.0610732 406.002 406.002 1 1 0
0.061159 406.256 406.256 1 1 0
0.0612449 406.509 406.509 1 1 0
0.061331 406.762 406.762 1 1 0
0.0614173 407.014 407.014 1 1 0
0.0615036 407.265 407.265 1 1 0
0.0615901 407.515 407.515 1 1 0
0.0616768 407.764 407.764 1 1 0
0.0617636 408.012 408.012 1 1 0
0.0618505 408.259 408.259 1 1 0
0.0619376 408.506 408.506 1 1 0
0.0620248 408.752 408.752 1 1 0
0.0621122 408.997 408.997 1 1 0
0.0621997 409.241 409.241 1 1 0
0.0622873 409.484 409.484 1 1 0
0.0623751 409.726 409.726 1 1 0
0.062463 409.968 409.968 1 1 0
0.062551 410.208 410.208 1 1 0
0.0626392 410.448 410.448 1 1 0
0.0627275 410.687 410.687 1 1 0
0.062816 410.925 410.925 1 1 0
0.0629045 411.162 411.162 1 1 0
0.0629933 411.399 411.399 1 1 0
0.0630821 411.634 411.634 1 1 0
0.0631711 411.869 411.869 1 1 0
0.0632602 412.103 412.103 1 1 0
0.0633494 412.335 412.335 1 1 0
0.0634388 412.568 412.568 1 1 0
0.0635283 412.799 412.799 1 1 0
0.0636179 413.029 413.029 1 1 0
0.0637077 413.259 413.259 1 1 0
0.0637975 413.487 413.487 1 1 0
0.0638875 413.715 413.715 1 1 0
0.0639777 413.942 413.942 1 1 0
0.0640679 414.168 414.168 1 1 0
0.0641583 414.393 414.393 1 1 0
0.0642488 414.618 414.618 1 1 0
0.0643394 414.841 414.841 1 1 0
0.0644301 415.064 415.064 1 1 0
0.064521 415.286 415.286 1 1 0
0.064612 415.507 415.507 1 1 0
0.0647031 415.727 415.727 1 1 0
0.0647943 415.946 415.946 1 1 0
0.0648856 416.165 416.165 1 1 0
0.0649771 416.382 416.382 1 1 0
0.0650686 416.599 416.599 1 1 0
0.0651603 416.815 416.815 1 1 0
0.0652521 417.03 417.03 1 1 0
0.065344 417.244 417.244 1 1 0
0.0654361 417.457 417.457 1 1 0
0.0655282 417.67 417.67 1 1 0
0.0656204 417.882 417.882 1 1 0
0.0657128 418.093 418.093 1 1 0
0.0658053 418.303 418.303 1 1 0
0.0658978 418.512 418.512 1 1 0
0.0659905 418.72 418.72 1 1 0
0.0660833 418.928 418.928 1 1 0
0.0661762 419.134 419.134 1 1 0
0.0662692 419.34 419.34 1 1 0
0.0663623 419.545 419.545 1 1 0
0.0664556 419.75 419.75 1 1 0
0.0665489 419.953 419.953 1 1 0
0.0666423 420.156 420.156 1 1 0
0.0667358 420.357 420.357 1 1 0
0.0668295 420.558 420.558 1 1 0
0.0669232 420.758 420.758 1 1 0
0.0670171 420.958 420.958 1 1 0
0.067111 421.156 421.156 1 1 0
0.067205 421.354 421.354 1 1 0
0.0672992 421.551 421.551 1 1 0
0.0673934 421.747 421.747 1 1 0
0.0674877 421.942 421.942 1 1 0
0.0675821 422.136 422.136 1 1 0
0.0676767 422.33 422.33 1 1 0
0.0677713 422.523 422.523 1 1 0
0.067866 422.715 422.715 1 1 0
0.0679608 422.906 422.906 1 1 0
0.0680557 423.096 423.096 1 1 0
0.0681507 423.286 423.286 1 1 0
0.0682458 423.475 423.475 1 1 0
0.0683409 423.663 423.663 1 1 0
0.0684362 423.85 423.85 1 1 0
0.0685315 424.036 424.036 1 1 0
0.068627 424.222 424.222 1 1 0
0.0687225 424.407 424.407 1 1 0
0.0688181 424.591 424.591 1 1 0
0.0689138 424.774 424.774 1 1 0
0.0690096 424.957 424.957 1 1 0
0.0691055 425.138 425.138 1 1 0
0.0692015 425.319 425.319 1 1 0
0.0692975 425.499 425.499 1 1 0
0.0693936 425.679 425.679 1 1 0
0.0694899 425.858 425.858 1 1 0
0.0695861 426.035 426.035 1 1 0
0.0696825 426.212 426.212 1 1 0
0.069779 426.389 426.389 1 1 0
0.0698755 426.564 426.564 1 1 0
0.0699721 426.739 426.739 1 1 0
0.0700688 426.913 426.913 1 1 0
0.0701656 427.087 427.087 1 1 0
0.0702625 427.259 427.259 1 1 0
0.0703594 427.431 427.431 1 1 0
0.0704564 427.602 427.602 1 1 0
0.0705535 427.772 427.772 1 1 0
0.0706506 427.942 427.942 1 1 0
0.0707479 428.111 428.111 1 1 0
0.0708452 428.279 428.279 1 1 0
0.0709426 428.446 428.446 1 1 0
0.07104 428.613 428.613 1 1 0
0.0711375 428.779 428.779 1 1 0
0.0712351 428.944 428.944 1 1 0
0.0713328 429.109 429.109 1 1 0
0.0714305 429.272 429.272 1 1 0
0.0715283 429.435 429.435 1 1 0
0.0716262 429.598 429.598 1 1 0
0.0717242 429.759 429.759 1 1 0
0.0718222 429.92 429.92 1 1 0
0.0719203 430.08 430.08 1 1 0
0.0720184 430.24 430.24 1 1 0
0.0721166 430.398 430.398 1 1 0
0.0722149 430.556 430.556 1 1 0
0.0723133 430.714 430.714 1 1 0
0.0724117 430.87 430.87 1 1 0
0.0725102 431.026 431.026 1 1 0
0.0726087 431.182 431.182 1 1 0
0.0727073 431.336 431.336 1 1 0
0.072806 431.49 431.49 1 1 0
0.0729047 431.643 431.643 1 1 0
0.0730035 431.796 431.796 1 1 0
0.0731023 431.947 431.947 1 1 0
0.0732013 432.099 432.099 1 1 0
0.0733002 432.249 432.249 1 1 0
0.0733993 432.399 432.399 1 1 0
0.0734984 432.548 432.548 1 1 0
0.0735975 432.696 432.696 1 1 0
0.0736967 432.844 432.844 1 1 0
0.073796 432.991 432.991 1 1 0
0.0738953 433.138 433.138 1 1 0
0.0739947 433.284 433.284 1 1 0
0.0740941 433.429 433.429 1 1 0
0.0741936 433.573 433.573 1 1 0
0.0742931 433.717 433.717 1 1 0
0.0743927 433.86 433.86 1 1 0
0.0744924 434.003 434.003 1 1 0
0.0745921 434.145 434.145 1 1 0
0.0746919 434.286 434.286 1 1 0
0.0747917 434.427 434.427 1 1 0
0.0748915 434.567 434.567 1 1 0
0.0749914 434.706 434.706 1 1 0
0.0750914 434.845 434.845 1 1 0
0.0751914 434.983 434.983 1 1 0
0.0752915 435.12 435.12 1 1 0
0.0753916 435.257 435.257 1 1 0
0.0754918 435.393 435.393 1 1 0
0.075592 435.529 435.529 1 1 0
0.0756923 435.664 435.664 1 1 0
0.0757926 435.799 435.799 1 1 0
0.0758929 435.932 435.932 1 1 0
0.0759933 436.065 436.065 1 1 0
0.0760938 436.198 436.198 1 1 0
0.0761943 436.33 436.33 1 1 0
0.0762949 436.461 436.461 1 1 0
0.0763954 436.592 436.592 1 1 0
0.0764961 436.722 436.722 1 1 0
0.0765968 436.852 436.852 1 1 0
0.0766975 436.981 436.981 1 1 0
0.0767983 437.109 437.109 1 1 0
0.0768991 437.237 437.237 1 1 0
0.0769999 437.365 437.365 1 1 0
0.0771008 437.491 437.491 1 1 0
0.0772018 437.617 437.617 1 1 0
0.0773028 437.743 437.743 1 1 0
0.0774038 437.868 437.868 1 1 0
0.0775049 437.992 437.992 1 1 0
0.077606 438.116 438.116 1 1 0
0.0777071 438.239 438.239 1 1 0
0.0778083 438.362 438.362 1 1 0
0.0779095 438.484 438.484 1 1 0
0.0780108 438.606 438.606 1 1 0
0.0781121 438.727 438.727 1 1 0
0.0782134 438.848 438.848 1 1 0
0.0783148 438.967 438.967 1 1 0
0.0784162 439.087 439.087 1 1 0
0.0785177 439.206 439.206 1 1 0
0.0786192 439.324 439.324 1 1 0
0.0787207 439.442 439.442 1 1 0
0.0788223 439.559 439.559 1 1 0
0.0789239 439.676 439.676 1 1 0
0.0790256 439.792 439.792 1 1 0
0.0791272 439.908 439.908 1 1 0
0.0792289 440.023 440.023 1 1 0
0.0793307 440.137 440.137 1 1 0
0.0794325 440.252 440.252 1 1 0
0.0795343 440.365 440.365 1 1 0
0.0796361 440.478 440.478 1 1 0
0.079738 440.591 440.591 1 1 0
0.0798399 440.703 440.703 1 1 0
0.0799419 440.814 440.814 1 1 0
0.0800439 440.925 440.925 1 1 0
0.0801459 441.036 441.036 1 1 0
0.0802479 441.146 441.146 1 1 0
0.08035 441.255 441.255 1 1 0
0.0804521 441.364 441.364 1 1 0
0.0805543 441.473 441.473 1 1 0
0.0806565 441.581 441.581 1 1 0
0.0807587 441.688 441.688 1 1 0
0.0808609 441.795 441.795 1 1 0
0.0809632 441.902 441.902 1 1 0
0.0810655 442.008 442.008 1 1 0
0.0811678 442.114 442.114 1 1 0
0.0812701 442.219 442.219 1 1 0
0.0813725 442.323 442.323 1 1 0
0.0814749 442.428 442.428 1 1 0
0.0815774 442.531 442.531 1 1 0
0.0816798 442.635 442.635 1 1 0
0.0817823 442.737 442.737 1 1 0
0.0818849 442.84 442.84 1 1 0
0.0819874 442.942 442.942 1 1 0
0.08209 443.043 443.043 1 1 0
0.0821926 443.144 443.144 1 1 0
0.0822952 443.244 443.244 1 1 0
0.0823979 443.344 443.344 1 1 0
0.0825006 443.444 443.444 1 1 0
0.0826033 443.543 443.543 1 1 0
0.082706 443.642 443.642 1 1 0
0.0828088 443.74 443.74 1 1 0
0.0829116 443.838 443.838 1 1 0
0.0830144 443.935 443.935 1 1 0
0.0831172 444.032 444.032 1 1 0
0.0832201 444.128 444.128 1 1 0
0.083323 444.224 444.224 1 1 0
0.0834259 444.32 444.32 1 1 0
0.0835288 444.415 444.415 1 1 0
0.0836318 444.51 444.51 1 1 0
0.0837347 444.604 444.604 1 1 0
0.0838378 444.698 444.698 1 1 0
0.0839408 444.792 444.792 1 1 0
0.0840438 444.885 444.885 1 1 0
0.0841469 444.977 444.977 1 1 0
0.08425 445.069 445.069 1 1 0
0.0843531 445.161 445.161 1 1 0
0.0844563 445.253 445.253 1 1 0
0.0845594 445.344 445.344 1 1 0
0.0846626 445.434 445.434 1 1 0
0.0847658 445.524 445.524 1 1 0
0.084869 445.614 445.614 1 1 0
0.0849723 445.704 445.704 1 1 0
0.0850756 445.792 445.792 1 1 0
0.0851788 445.881 445.881 1 1 0
0.0852822 445.969 445.969 1 1 0
0.0853855 446.057 446.057 1 1 0
0.0854888 446.144 446.144 1 1 0
0.0855922 446.231 446.231 1 1 0
0.0856956 446.318 446.318 1 1 0
0.085799 446.404 446.404 1 1 0
0.0859024 446.49 446.49 1 1 0
0.0860059 446.576 446.576 1 1 0
0.0861093 446.661 446.661 1 1 0
0.0862128 446.745 446.745 1 1 0
0.0863163 446.83 446.83 1 1 0
0.0864198 446.914 446.914 1 1 0
0.0865234 446.997 446.997 1 1 0
0.0866269 447.08 447.08 1 1 0
0.0867305 447.163 447.163 1 1 0
0.0868341 447.246 447.246 1 1 0
0.0869377 447.328 447.328 1 1 0
0.0870414 447.41 447.41 1 1 0
0.087145 447.491 447.491 1 1 0
0.0872487 447.572 447.572 1 1 0
0.0873523 447.653 447.653 1 1 0
0.087456 447.733 447.733 1 1 0
0.0875598 447.813 447.813 1 1 0
0.0876635 447.893 447.893 1 1 0
0.0877672 447.972 447.972 1 1 0
0.087871 448.051 448.051 1 1 0
0.0879748 448.129 448.129 1 1 0
0.0880786 448.208 448.208 1 1 0
0.0881824 448.285 448.285 1 1 0
0.0882862 448.363 448.363 1 1 0
0.0883901 448.44 448.44 1 1 0
0.0884939 448.517 448.517 1 1 0
0.0885978 448.594 448.594 1 1 0
0.0887017 448.67 448.67 1 1 0
0.0888056 448.746 448.746 1 1 0
0.0889095 448.821 448.821 1 1 0
0.0890134 448.896 448.896 1 1 0
0.0891174 448.971 448.971 1 1 0
0.0892214 449.046 449.046 1 1 0
0.0893253 449.12 449.12 1 1 0
0.0894293 449.194 449.194 1 1 0
0.0895333 449.267 449.267 1 1 0
0.0896373 449.341 449.341 1 1 0
0.0897414 449.413 449.413 1 1 0
0.0898454 449.486 449.486 1 1 0
0.0899495 449.558 449.558 1 1 0
0.0900536 449.63 449.63 1 1 0
0.0901576 449.702 449.702 1 1 0
0.0902617 449.773 449.773 1 1 0
0.0903659 449.844 449.844 1 1 0
0.09047 449.915 449.915 1 1 0
0.0905741 449.986 449.986 1 1 0
0.0906783 450.056 450.056 1 1 0
0.0907824 450.125 450.125 1 1 0
0.0908866 450.195 450.195 1 1 0
0.0909908 450.264 450.264 1 1 0
0.091095 450.333 450.333 1 1 0
0.0911992 450.402 450.402 1 1 0
0.0913035 450.47 450.47 1 1 0
0.0914077 450.538 450.538 1 1 0
0.0915119 450.606 450.606 1 1 0
0.0916162 450.673 450.673 1 1 0
0.0917205 450.74 450.74 1 1 0
0.0918248 450.807 450.807 1 1 0
0.0919291 450.874 450.874 1 1 0
0.0920334 450.94 450.94 1 1 0
0.0921377 451.006 451.006 1 1 0
0.092242 451.072 451.072 1 1 0
0.0923464 451.137 451.137 1 1 0
0.0924507 451.203 451.203 1 1 0
0.0925551 451.268 451.268 1 1 0
0.0926595 451.332 451.332 1 1 0
0.0927638 451.396 451.396 1 1 0
0.0928682 451.461 451.461 1 1 0
0.0929726 451.524 451.524 1 1 0
0.0930771 451.588 451.588 1 1 0
0.0931815 451.651 451.651 1 1 0
0.0932859 451.714 451.714 1 1 0
0.0933904 451.777 451.777 1 1 0
0.0934948 451.839 451.839 1 1 0
0.0935993 451.901 451.901 1 1 0
0.0937038 451.963 451.963 1 1 0
0.0938083 452.025 452.025 1 1 0
0.0939128 452.086 452.086 1 1 0
0.0940173 452.148 452.148 1 1 0
0.0941218 452.209 452.209 1 1 0
0.0942263 452.269 452.269 1 1 0
0.0943308 452.33 452.33 1 1 0
0.0944354 452.39 452.39 1 1 0
0.0945399 452.449 452.449 1 1 0
0.0946445 452.509 452.509 1 1 0
0.0947491 452.568 452.568 1 1 0
0.0948537 452.628 452.628 1 1 0
0.0949582 452.686 452.686 1 1 0
0.0950628 452.745 452.745 1 1 0
0.0951674 452.803 452.803 1 1 0
0.0952721 452.862 452.862 1 1 0
0.0953767 452.919 452.919 1 1 0
0.0954813 452.977 452.977 1 1 0
0.095586 453.034 453.034 1 1 0
0.0956906 453.092 453.092 1 1 0
0.0957953 453.149 453.149 1 1 0
0.0958999 453.205 453.205 1 1 0
0.0960046 453.262 453.262 1 1 0
0.0961093 453.318 453.318 1 1 0
0.096214 453.374 453.374 1 1 0
0.0963187 453.43 453.43 1 1 0
0.0964234 453.485 453.485 1 1 0
0.0965281 453.54 453.54 1 1 0
0.0966328 453.596 453.596 1 1 0
0.0967376 453.65 453.65 1 1 0
0.0968423 453.705 453.705 1 1 0
0.096947 453.759 453.759 1 1 0
0.0970518 453.813 453.813 1 1 0
0.0971566 453.867 453.867 1 1 0
0.0972613 453.921 453.921 1 1 0
0.0973661 453.975 453.975 1 1 0
0.0974709 454.028 454.028 1 1 0
0.0975757 454.081 454.081 1 1 0
0.0976805 454.134 454.134 1 1 0
0.0977853 454.186 454.186 1 1 0
0.0978901 454.239 454.239 1 1 0
0.0979949 454.291 454.291 1 1 0
0.0980997 454.343 454.343 1 1 0
0.0982046 454.395 454.395 1 1 0
0.0983094 454.446 454.446 1 1 0
0.0984143 454.497 454.497 1 1 0
0.0985191 454.549 454.549 1 1 0
0.098624 454.6 454.6 1 1 0
0.0987288 454.65 454.65 1 1 0
0.0988337 454.701 454.701 1 1 0
0.0989386 454.751 454.751 1 1 0
0.0990435 454.801 454.801 1 1 0
0.0991484 454.851 454.851 1 1 0
0.0992533 454.901 454.901 1 1 0
0.0993582 454.95 454.95 1 1 0
0.0994631 454.999 454.999 1 1 0
0.099568 455.048 455.048 1 1 0
0.0996729 455.097 455.097 1 1 0
0.0997778 455.146 455.146 1 1 0
0.0998828 455.195 455.195 1 1 0
0.0999877 455.243 455.243 1 1 0
0.100093 455.291 455.291 1 1 0
0.100198 455.339 455.339 1 1 0
0.100303 455.387 455.387 1 1 0
0.100408 455.434 455.434 1 1 0
0.100513 455.481 455.481 1 1 0
0.100617 455.529 455.529 1 1 0
0.100722 455.575 455.575 1 1 0
0.100827 455.622 455.622 1 1 0
0.100932 455.669 455.669 1 1 0
0.101037 455.715 455.715 1 1 0
0.101142 455.761 455.761 1 1 0
0.101247 455.807 455.807 1 1 0
0.101352 455.853 455.853 1 1 0
0.101457 455.899 455.899 1 1 0
0.101563 455.944 455.944 1 1 0
0.101668 455.99 455.99 1 1 0
0.101773 456.035 456.035 1 1 0
0.101878 456.08 456.08 1 1 0
0.101983 456.124 456.124 1 1 0
0.102088 456.169 456.169 1 1 0
0.102193 456.213 456.213 1 1 0
0.102298 456.257 456.257 1 1 0
0.102403 456.302 456.302 1 1 0
0.102508 456.345 456.345 1 1 0
0.102613 456.389 456.389 1 1 0
0.102718 456.433 456.433 1 1 0
0.102823 456.476 456.476 1 1 0
0.102928 456.519 456.519 1 1 0
0.103033 456.562 456.562 1 1 0
0.103138 456.605 456.605 1 1 0
0.103244 456.648 456.648 1 1 0
0.103349 456.69 456.69 1 1 0
0.103454 456.732 456.732 1 1 0
0.103559 456.775 456.775 1 1 0
0.103664 456.817 456.817 1 1 0
0.103769 456.858 456.858 1 1 0
0.103874 456.9 456.9 1 1 0
0.103979 456.942 456.942 1 1 0
0.104085 456.983 456.983 1 1 0
0.10419 457.024 457.024 1 1 0
0.104295 457.065 457.065 1 1 0
0.1044 457.106 457.106 1 1 0
0.104505 457.147 457.147 1 1 0
0.10461 457.187 457.187 1 1 0
0.104716 457.228 457.228 1 1 0
0.104821 457.268 457.268 1 1 0
0.104926 457.308 457.308 1 1 0
0.105031 457.348 457.348 1 1 0
0.105136 457.388 457.388 1 1 0
0.105241 457.427 457.427 1 1 0
0.105347 457.467 457.467 1 1 0
0.105452 457.506 457.506 1 1 0
0.105557 457.545 457.545 1 1 0
0.105662 457.584 457.584 1 1 0
0.105767 457.623 457.623 1 1 0
0.105873 457.662 457.662 1 1 0
0.105978 457.7 457.7 1 1 0
0.106083 457.739 457.739 1 1 0
0.106188 457.777 457.777 1 1 0
0.106294 457.815 457.815 1 1 0
0.106399 457.853 457.853 1 1 0
0.106504 457.891 457.891 1 1 0
0.106609 457.928 457.928 1 1 0
0.106714 457.966 457.966 1 1 0
0.10682 458.003 458.003 1 1 0
0.106925 458.04 458.04 1 1 0
0.10703 458.078 458.078 1 1 0
0.107135 458.115 458.115 1 1 0
0.107241 458.151 458.151 1 1 0
0.107346 458.188 458.188 1 1 0
0.107451 458.225 458.225 1 1 0
0.107556 458.261 458.261 1 1 0
0.107662 458.297 458.297 1 1 0
0.107767 458.333 458.333 1 1 0
0.107872 458.369 458.369 1 1 0
0.107978 458.405 458.405 1 1 0
0.108083 458.441 458.441 1 1 0
0.108188 458.476 458.476 1 1 0
0.108293 458.512 458.512 1 1 0
0.108399 458.547 458.547 1 1 0
0.108504 458.582 458.582 1 1 0
0.108609 458.617 458.617 1 1 0
0.108715 458.652 458.652 1 1 0
0.10882 458.687 458.687 1 1 0
0.108925 458.722 458.722 1 1 0
0.109031 458.756 458.756 1 1 0
0.109136 458.791 458.791 1 1 0
0.109241 458.825 458.825 1 1 0
0.109347 458.859 458.859 1 1 0
0.109452 458.893 458.893 1 1 0
0.109557 458.927 458.927 1 1 0
0.109663 458.961 458.961 1 1 0
0.109768 458.994 458.994 1 1 0
0.109873 459.028 459.028 1 1 0
0.109979 459.061 459.061 1 1 0
0.110084 459.094 459.094 1 1 0
0.110189 459.127 459.127 1 1 0
0.110295 459.16 459.16 1 1 0
0.1104 459.193 459.193 1 1 0
0.110505 459.226 459.226 1 1 0
0.110611 459.259 459.259 1 1 0
0.110716 459.291 459.291 1 1 0
0.110821 459.323 459.323 1 1 0
0.110927 459.356 459.356 1 1 0
0.111032 459.388 459.388 1 1 0
0.111137 459.42 459.42 1 1 0
0.111243 459.452 459.452 1 1 0
0.111348 459.484 459.484 1 1 0
0.111454 459.515 459.515 1 1 0
0.111559 459.547 459.547 1 1 0
0.111664 459.578 459.578 1 1 0
0.11177 459.61 459.61 1 1 0
0.111875 459.641 459.641 1 1 0
0.11198 459.672 459.672 1 1 0
0.112086 459.703 459.703 1 1 0
0.112191 459.734 459.734 1 1 0
0.112297 459.765 459.765 1 1 0
0.112402 459.795 459.795 1 1 0
0.112507 459.826 459.826 1 1 0
0.112613 459.856 459.856 1 1 0
0.112718 459.886 459.886 1 1 0
0.112824 459.917 459.917 1 1 0
0.112929 459.947 459.947 1 1 0
0.113035 459.977 459.977 1 1 0
0.11314 460.007 460.007 1 1 0
0.113245 460.036 460.036 1 1 0
0.113351 460.066 460.066 1 1 0
0.113456 460.095 460.095 1 1 0
0.113562 460.125 460.125 1 1 0
0.113667 460.154 460.154 1 1 0
0.113773 460.183 460.183 1 1 0
0.113878 460.213 460.213 1 1 0
0.113983 460.242 460.242 1 1 0
0.114089 460.27 460.27 1 1 0
0.114194 460.299 460.299 1 1 0
0.1143 460.328 460.328 1 1 0
0.114405 460.357 460.357 1 1 0
0.114511 460.385 460.385 1 1 0
0.114616 460.413 460.413 1 1 0
0.114721 460.442 460.442 1 1 0
0.114827 460.47 460.47 1 1 0
0.114932 460.498 460.498 1 1 0
0.115038 460.526 460.526 1 1 0
0.115143 460.554 460.554 1 1 0
0.115249 460.582 460.582 1 1 0
0.115354 460.609 460.609 1 1 0
0.11546 460.637 460.637 1 1 0
0.115565 460.664 460.664 1 1 0
0.115671 460.692 460.692 1 1 0
0.115776 460.719 460.719 1 1 0
0.115882 460.746 460.746 1 1 0
0.115987 460.773 460.773 1 1 0
0.116093 460.8 460.8 1 1 0
0.116198 460.827 460.827 1 1 0
0.116303 460.854 460.854 1 1 0
0.116409 460.881 460.881 1 1 0
0.116514 460.907 460.907 1 1 0
0.11662 460.934 460.934 1 1 0
0.116725 460.96 460.96 1 1 0
0.116831 460.987 460.987 1 1 0
0.116936 461.013 461.013 1 1 0
0.117042 461.039 461.039 1 1 0
0.117147 461.065 461.065 1 1 0
0.117253 461.091 461.091 1 1 0
0.117358 461.117 461.117 1 1 0
0.117464 461.143 461.143 1 1 0
0.117569 461.168 461.168 1 1 0
0.117675 461.194 461.194 1 1 0
0.11778 461.22 461.22 1 1 0
0.117886 461.245 461.245 1 1 0
0.117991 461.27 461.27 1 1 0
0.118097 461.296 461.296 1 1 0
0.118202 461.321 461.321 1 1 0
0.118308 461.346 461.346 1 1 0
0.118413 461.371 461.371 1 1 0
0.118519 461.396 461.396 1 1 0
0.118625 461.42 461.42 1 1 0
0.11873 461.445 461.445 1 1 0
0.118836 461.47 461.47 1 1 0
0.118941 461.494 461.494 1 1 0
0.119047 461.519 461.519 1 1 0
0.119152 461.543 461.543 1 1 0
0.119258 461.567 461.567 1 1 0
0.119363 461.592 461.592 1 1 0
0.119469 461.616 461.616 1 1 0
0.119574 461.64 461.64 1 1 0
0.11968 461.664 461.664 1 1 0
0.119785 461.688 461.688 1 1 0
0.119891 461.711 461.711 1 1 0
0.119996 461.735 461.735 1 1 0
0.120102 461.759 461.759 1 1 0
0.120207 461.782 461.782 1 1 0
0.120313 461.806 461.806 1 1 0
0.120419 461.829 461.829 1 1 0
0.120524 461.852 461.852 1 1 0
0.12063 461.876 461.876 1 1 0
0.120735 461.899 461.899 1 1 0
0.120841 461.922 461.922 1 1 0
0.120946 461.945 461.945 1 1 0
0.121052 461.968 461.968 1 1 0
0.121157 461.991 461.991 1 1 0
0.121263 462.013 462.013 1 1 0
0.121369 462.036 462.036 1 1 0
0.121474 462.059 462.059 1 1 0
0.12158 462.081 462.081 1 1 0
0.121685 462.104 462.104 1 1 0
0.121791 462.126 462.126 1 1 0
0.121896 462.148 462.148 1 1 0
0.122002 462.17 462.17 1 1 0
0.122107 462.193 462.193 1 1 0
0.122213 462.215 462.215 1 1 0
0.122319 462.237 462.237 1 1 0
0.122424 462.259 462.259 1 1 0
0.12253 462.28 462.28 1 1 0
0.122635 462.302 462.302 1 1 0
0.122741 462.324 462.324 1 1 0
0.122847 462.345 462.345 1 1 0
0.122952 462.367 462.367 1 1 0
0.123058 462.388 462.388 1 1 0
0.123163 462.41 462.41 1 1 0
0.123269 462.431 462.431 1 1 0
0.123374 462.452 462.452 1 1 0
0.12348 462.474 462.474 1 1 0
0.123586 462.495 462.495 1 1 0
0.123691 462.516 462.516 1 1 0
0.123797 462.537 462.537 1 1 0
0.123902 462.558 462.558 1 1 0
0.124008 462.578 462.578 1 1 0
0.124114 462.599 462.599 1 1 0
0.124219 462.62 462.62 1 1 0
0.124325 462.641 462.641 1 1 0
0.12443 462.661 462.661 1 1 0
0.124536 462.682 462.682 1 1 0
0.124641 462.702 462.702 1 1 0
0.124747 462.722 462.722 1 1 0
0.124853 462.743 462.743 1 1 0
0.124958 462.763 462.763 1 1 0
0.125064 462.783 462.783 1 1 0
0.12517 462.803 462.803 1 1 0
0.125275 462.823 462.823 1 1 0
0.125381 462.843 462.843 1 1 0
0.125486 462.863 462.863 1 1 0
0.125592 462.883 462.883 1 1 0
0.125698 462.902 462.902 1 1 0
0.125803 462.922 462.922 1 1 0
0.125909 462.942 462.942 1 1 0
0.126014 462.961 462.961 1 1 0
0.12612 462.981 462.981 1 1 0
0.126226 463 463 1 1 0
0.126331 463.02 463.02 1 1 0
0.126437 463.039 463.039 1 1 0
0.126542 463.058 463.058 1 1 0
0.126648 463.077 463.077 1 1 0
0.126754 463.096 463.096 1 1 0
0.126859 463.115 463.115 1 1 0
0.126965 463.134 463.134 1 1 0
0.127071 463.153 463.153 1 1 0
0.127176 463.172 463.172 1 1 0
0.127282 463.191 463.191 1 1 0
0.127387 463.21 463.21 1 1 0
0.127493 463.228 463.228 1 1 0
0.127599 463.247 463.247 1 1 0
0.127704 463.266 463.266 1 1 0
0.12781 463.284 463.284 1 1 0
0.127916 463.303 463.303 1 1 0
0.128021 463.321 463.321 1 1 0
0.128127 463.339 463.339 1 1 0
0.128232 463.357 463.357 1 1 0
0.128338 463.376 463.376 1 1 0
0.128444 463.394 463.394 1 1 0
0.128549 463.412 463.412 1 1 0
0.128655 463.43 463.43 1 1 0
0.128761 463.448 463.448 1 1 0
0.128866 463.466 463.466 1 1 0
0.128972 463.484 463.484 1 1 0
0.129078 463.501 463.501 1 1 0
0.129183 463.519 463.519 1 1 0
0.129289 463.537 463.537 1 1 0
0.129394 463.554 463.554 1 1 0
0.1295 463.572 463.572 1 1 0
0.129606 463.589 463.589 1 1 0
0.129711 463.607 463.607 1 1 0
0.129817 463.624 463.624 1 1 0
0.129923 463.642 463.642 1 1 0
0.130028 463.659 463.659 1 1 0
0.130134 463.676 463.676 1 1 0
0.13024 463.693 463.693 1 1 0
0.130345 463.71 463.71 1 1 0
0.130451 463.727 463.727 1 1 0
0.130557 463.744 463.744 1 1 0
0.130662 463.761 463.761 1 1 0
0.130768 463.778 463.778 1 1 0
0.130874 463.795 463.795 1 1 0
0.130979 463.812 463.812 1 1 0
0.131085 463.829 463.829 1 1 0
0.131191 463.845 463.845 1 1 0
0.131296 463.862 463.862 1 1 0
0.131402 463.879 463.879 1 1 0
0.131508 463.895 463.895 1 1 0
0.131613 463.911 463.911 1 1 0
0.131719 463.928 463.928 1 1 0
0.131825 463.944 463.944 1 1 0
0.13193 463.961 463.961 1 1 0
0.132036 463.977 463.977 1 1 0
0.132142 463.993 463.993 1 1 0
0.132247 464.009 464.009 1 1 0
0.132353 464.025 464.025 1 1 0
0.132459 464.041 464.041 1 1 0
0.132564 464.057 464.057 1 1 0
0.13267 464.073 464.073 1 1 0
0.132776 464.089 464.089 1 1 0
0.132881 464.105 464.105 1 1 0
0.132987 464.121 464.121 1 1 0
0.133093 464.137 464.137 1 1 0
0.133198 464.152 464.152 1 1 0
0.133304 464.168 464.168 1 1 0
0.13341 464.184 464.184 1 1 0
0.133515 464.199 464.199 1 1 0
0.133621 464.215 464.215 1 1 0
0.133727 464.23 464.23 1 1 0
0.133832 464.246 464.246 1 1 0
0.133938 464.261 464.261 1 1 0
0.134044 464.276 464.276 1 1 0
0.134149 464.292 464.292 1 1 0
0.134255 464.307 464.307 1 1 0
0.134361 464.322 464.322 1 1 0
0.134466 464.337 464.337 1 1 0
0.134572 464.352 464.352 1 1 0
0.134678 464.367 464.367 1 1 0
0.134783 464.382 464.382 1 1 0
0.134889 464.397 464.397 1 1 0
0.134995 464.412 464.412 1 1 0
0.1351 464.427 464.427 1 1 0
0.135206 464.442 464.442 1 1 0
0.135312 464.456 464.456 1 1 0
0.135417 464.471 464.471 1 1 0
0.135523 464.486 464.486 1 1 0
0.135629 464.5 464.5 1 1 0
0.135735 464.515 464.515 1 1 0
0.13584 464.53 464.53 1 1 0
0.135946 464.544 464.544 1 1 0
0.136052 464.559 464.559 1 1 0
0.136157 464.573 464.573 1 1 0
0.136263 464.587 464.587 1 1 0
0.136369 464.602 464.602 1 1 0
0.136474 464.616 464.616 1 1 0
0.13658 464.63 464.63 1 1 0
0.136686 464.644 464.644 1 1 0
0.136791 464.658 464.658 1 1 0
0.136897 464.673 464.673 1 1 0
0.137003 464.687 464.687 1 1 0
0.137109 464.701 464.701 1 1 0
0.137214 464.715 464.715 1 1 0
0.13732 464.728 464.728 1 1 0
0.137426 464.742 464.742 1 1 0
0.137531 464.756 464.756 1 1 0
0.137637 464.77 464.77 1 1 0
0.137743 464.784 464.784 1 1 0
0.137848 464.797 464.797 1 1 0
0.137954 464.811 464.811 1 1 0
0.13806 464.825 464.825 1 1 0
0.138166 464.838 464.838 1 1 0
0.138271 464.852 464.852 1 1 0
0.138377 464.865 464.865 1 1 0
0.138483 464.879 464.879 1 1 0
0.138588 464.892 464.892 1 1 0
0.138694 464.906 464.906 1 1 0
0.1388 464.919 464.919 1 1 0
0.138906 464.932 464.932 1 1 0
0.139011 464.946 464.946 1 1 0
0.139117 464.959 464.959 1 1 0
0.139223 464.972 464.972 1 1 0
0.139328 464.985 464.985 1 1 0
0.139434 464.998 464.998 1 1 0
0.13954 465.011 465.011 1 1 0
0.139645 465.024 465.024 1 1 0
0.139751 465.037 465.037 1 1 0
0.139857 465.05 465.05 1 1 0
0.139963 465.063 465.063 1 1 0
0.140068 465.076 465.076 1 1 0
0.140174 465.089 465.089 1 1 0
0.14028 465.102 465.102 1 1 0
0.140385 465.114 465.114 1 1 0
0.140491 465.127 465.127 1 1 0
0.140597 465.14 465.14 1 1 0
0.140703 465.153 465.153 1 1 0
0.140808 465.165 465.165 1 1 0
0.140914 465.178 465.178 1 1 0
0.14102 465.19 465.19 1 1 0
0.141125 465.203 465.203 1 1 0
0.141231 465.215 465.215 1 1 0
0.141337 465.228 465.228 1 1 0
0.141443 465.24 465.24 1 1 0
0.141548 465.252 465.252 1 1 0
0.141654 465.265 465.265 1 1 0
0.14176 465.277 465.277 1 1 0
0.141866 465.289 465.289 1 1 0
0.141971 465.301 465.301 1 1 0
0.142077 465.314 465.314 1 1 0
0.142183 465.326 465.326 1 1 0
0.142288 465.338 465.338 1 1 0
0.142394 465.35 465.35 1 1 0
0.1425 465.362 465.362 1 1 0
0.142606 465.374 465.374 1 1 0
0.142711 465.386 465.386 1 1 0
0.142817 465.398 465.398 1 1 0
0.142923 465.41 465.41 1 1 0
0.143028 465.421 465.421 1 1 0
0.143134 465.433 465.433 1 1 0
0.14324 465.445 465.445 1 1 0
0.143346 465.457 465.457 1 1 0
0.143451 465.469 465.469 1 1 0
0.143557 465.48 465.48 1 1 0
0.143663 465.492 465.492 1 1 0
0.143769 465.503 465.503 1 1 0
0.143874 465.515 465.515 1 1 0
0.14398 465.527 465.527 1 1 0
0.144086 465.538 465.538 1 1 0
0.144192 465.55 465.55 1 1 0
0.144297 465.561 465.561 1 1 0
0.144403 465.572 465.572 1 1 0
0.144509 465.584 465.584 1 1 0
0.144614 465.595 465.595 1 1 0
0.14472 465.606 465.606 1 1 0
0.144826 465.618 465.618 1 1 0
0.144932 465.629 465.629 1 1 0
0.145037 465.64 465.64 1 1 0
0.145143 465.651 465.651 1 1 0
0.145249 465.662 465.662 1 1 0
0.145355 465.674 465.674 1 1 0
0.14546 465.685 465.685 1 1 0
0.145566 465.696 465.696 1 1 0
0.145672 465.707 465.707 1 1 0
0.145778 465.718 465.718 1 1 0
0.145883 465.729 465.729 1 1 0
0.145989 465.74 465.74 1 1 0
0.146095 465.751 465.751 1 1 0
0.146201 465.761 465.761 1 1 0
0.146306 465.772 465.772 1 1 0
0.146412 465.783 465.783 1 1 0
0.146518 465.794 465.794 1 1 0
0.146623 465.805 465.805 1 1 0
0.146729 465.815 465.815 1 1 0
0.146835 465.826 465.826 1 1 0
0.146941 465.837 465.837 1 1 0
0.147046 465.847 465.847 1 1 0
0.147152 465.858 465.858 1 1 0
0.147258 465.868 465.868 1 1 0
0.147364 465.879 465.879 1 1 0
0.147469 465.889 465.889 1 1 0
0.147575 465.9 465.9 1 1 0
0.147681 465.91 465.91 1 1 0
0.147787 465.921 465.921 1 1 0
0.147892 465.931 465.931 1 1 0
0.147998 465.941 465.941 1 1 0
0.148104 465.952 465.952 1 1 0
0.14821 465.962 465.962 1 1 0
0.148315 465.972 465.972 1 1 0
0.148421 465.982 465.982 1 1 0
0.148527 465.993 465.993 1 1 0
0.148633 466.003 466.003 1 1 0
0.148738 466.013 466.013 1 1 0
0.148844 466.023 466.023 1 1 0
0.14895 466.033 466.033 1 1 0
0.149056 466.043 466.043 1 1 0
0.149161 466.053 466.053 1 1 0
0.149267 466.063 466.063 1 1 0
0.149373 466.073 466.073 1 1 0
0.149479 466.083 466.083 1 1 0
0.149584 466.093 466.093 1 1 0
0.14969 466.103 466.103 1 1 0
0.149796 466.113 466.113 1 1 0
0.149902 466.123 466.123 1 1 0
0.150007 466.133 466.133 1 1 0
0.03 125.459 125.459 2 1 0
0.0299986 125.433 125.433 1 1 0
0.0299971 125.407 125.407 1 1 0
0.0299942 125.355 125.355 1 1 0
0.0299885 125.251 125.251 1 1 0
0.0299769 125.044 125.044 1 1 0
0.0299589 124.72 124.72 1 1 0
0.029941 124.396 124.396 1 1 0
0.029923 124.073 124.073 1 1 0
0.0299051 123.75 123.75 1 1 0
0.0298872 123.428 123.428 1 1 0
0.0298693 123.106 123.106 1 1 0
0.0298514 122.784 122.784 1 1 0
0.0298336 122.462 122.462 1 1 0
0.0298158 122.141 122.141 1 1 0
0.029798 121.82 121.82 1 1 0
0.0297802 121.499 121.499 1 1 0
0.0297625 121.179 121.179 1 1 0
0.0297447 120.859 120.859 1 1 0
0.029727 120.54 120.54 1 1 0
0.0297093 120.22 120.22 1 1 0
0.0296917 119.902 119.902 1 1 0
0.029674 119.583 119.583 1 1 0
0.0296564 119.265 119.265 1 1 0
0.0296388 118.947 118.947 1 1 0
0.0296212 118.629 118.629 1 1 0
0.0296037 118.312 118.312 1 1 0
0.0295861 117.995 117.995 1 1 0
0.0295686 117.679 117.679 1 1 0
0.0295511 117.363 117.363 1 1 0
0.0295336 117.047 117.047 1 1 0
0.0295162 116.731 116.731 1 1 0
0.0294987 116.416 116.416 1 1 0
0.0294813 116.102 116.102 1 1 0
0.0294639 115.787 115.787 1 1 0
0.0294466 115.473 115.473 1 1 0
0.0294292 115.159 115.159 1 1 0
0.0294119 114.846 114.846 1 1 0
0.0293946 114.533 114.533 1 1 0
0.0293773 114.22 114.22 1 1 0
0.02936 113.908 113.908 1 1 0
0.0293428 113.596 113.596 1 1 0
0.0293256 113.285 113.285 1 1 0
0.0293084 112.973 112.973 1 1 0
0.0292912 112.662 112.662 1 1 0
0.029274 112.352 112.352 1 1 0
0.0292569 112.042 112.042 1 1 0
0.0292398 111.732 111.732 1 1 0
0.0292227 111.423 111.423 1 1 0
0.0292056 111.114 111.114 1 1 0
0.0291885 110.805 110.805 1 1 0
0.0291715 110.497 110.497 1 1 0
0.0291545 110.189 110.189 1 1 0
0.0291375 109.881 109.881 1 1 0
0.0291205 109.574 109.574 1 1 0
0.0291036 109.267 109.267 1 1 0
0.0290866 108.96 108.96 1 1 0
0.0290697 108.654 108.654 1 1 0
0.0290528 108.348 108.348 1 1 0
0.0290359 108.043 108.043 1 1 0
0.0290191 107.738 107.738 1 1 0
0.0290023 107.433 107.433 1 1 0
0.0289854 107.129 107.129 1 1 0
0.0289687 106.825 106.825 1 1 0
0.0289519 106.522 106.522 1 1 0
0.0289351 106.218 106.218 1 1 0
0.0289184 105.916 105.916 1 1 0
0.0289017 105.613 105.613 1 1 0
0.028885 105.311 105.311 1 1 0
0.0288683 105.01 105.01 1 1 0
0.0288517 104.708 104.708 1 1 0
0.028835 104.407 104.407 1 1 0
0.0288184 104.107 104.107 1 1 0
0.0288018 103.807 103.807 1 1 0
0.0287853 103.507 103.507 1 1 0
0.0287687 103.208 103.208 1 1 0
0.0287522 102.909 102.909 1 1 0
0.0287357 102.61 102.61 1 1 0
0.0287192 102.312 102.312 1 1 0
0.0287027 102.014 102.014 1 1 0
0.0286863 101.717 101.717 1 1 0
0.0286698 101.419 101.419 1 1 0
0.0286534 101.123 101.123 1 1 0
0.028637 100.827 100.827 1 1 0
0.0286207 100.531 100.531 1 1 0
0.0286043 100.235 100.235 1 1 0
0.028588 99.9401 99.9401 1 1 0
0.0285717 99.6454 99.6454 1 1 0
0.0285554 99.3511 99.3511 1 1 0
0.0285391 99.0572 99.0572 1 1 0
0.0285228 98.7637 98.7637 1 1 0
0.0285066 98.4705 98.4705 1 1 0
0.0284904 98.1778 98.1778 1 1 0
0.0284742 97.8855 97.8855 1 1 0
0.028458 97.5936 97.5936 1 1 0
0.0284419 97.302 97.302 1 1 0
0.0284257 97.0109 97.0109 1 1 0
0.0284096 96.7202 96.7202 1 1 0
0.0283935 96.4298 96.4298 1 1 0
0.0283774 96.1399 96.1399 1 1 0
0.0283614 95.8504 95.8504 1 1 0
0.0283453 95.5613 95.5613 1 1 0
0.0283293 95.2726 95.2726 1 1 0
0.0283133 94.9843 94.9843 1 1 0
0.0282973 94.6964 94.6964 1 1 0
0.0282814 94.4089 94.4089 1 1 0
0.0282654 94.1218 94.1218 1 1 0
0.0282495 93.8351 93.8351 1 1 0
0.0282336 93.5489 93.5489 1 1 0
0.0282177 93.263 93.263 1 1 0
0.0282018 92.9776 92.9776 1 1 0
0.028186 92.6925 92.6925 1 1 0
0.0281702 92.4079 92.4079 1 1 0
0.0281544 92.1237 92.1237 1 1 0
0.0281386 91.8399 91.8399 1 1 0
0.0281228 91.5566 91.5566 1 1 0
0.028107 91.2736 91.2736 1 1 0
0.0280913 90.9911 90.9911 1 1 0
0.0280756 90.7089 90.7089 1 1 0
0.0280599 90.4272 90.4272 1 1 0
0.0280442 90.1459 90.1459 1 1 0
0.0280286 89.8651 89.8651 1 1 0
0.0280129 89.5846 89.5846 1 1 0
0.0279973 89.3046 89.3046 1 1 0
0.0279817 89.025 89.025 1 1 0
0.0279662 88.7458 88.7458 1 1 0
0.0279506 88.4671 88.4671 1 1 0
0.0279351 88.1887 88.1887 1 1 0
0.0279195 87.9108 87.9108 1 1 0
0.027904 87.6333 87.6333 1 1 0
0.0278885 87.3563 87.3563 1 1 0
0.0278731 87.0796 87.0796 1 1 0
0.0278576 86.8034 86.8034 1 1 0
0.0278422 86.5277 86.5277 1 1 0
0.0278268 86.2523 86.2523 1 1 0
0.0278114 85.9774 85.9774 1 1 0
0.027796 85.7029 85.7029 1 1 0
0.0277807 85.4289 85.4289 1 1 0
0.0277654 85.1552 85.1552 1 1 0
0.0277501 84.8821 84.8821 1 1 0
0.0277348 84.6093 84.6093 1 1 0
0.0277195 84.337 84.337 1 1 0
0.0277042 84.0651 84.0651 1 1 0
0.027689 83.7937 83.7937 1 1 0
0.0276738 83.5226 83.5226 1 1 0
0.0276586 83.2521 83.2521 1 1 0
0.0276434 82.9819 82.9819 1 1 0
0.0276282 82.7122 82.7122 1 1 0
0.0276131 82.443 82.443 1 1 0
0.027598 82.1741 82.1741 1 1 0
0.0275829 81.9058 81.9058 1 1 0
0.0275678 81.6378 81.6378 1 1 0
0.0275527 81.3703 81.3703 1 1 0
0.0275377 81.1033 81.1033 1 1 0
0.0275226 80.8367 80.8367 1 1 0
0.0275076 80.5705 80.5705 1 1 0
0.0274926 80.3048 80.3048 1 1 0
0.0274776 80.0395 80.0395 1 1 0
0.0274627 79.7747 79.7747 1 1 0
0.0274478 79.5103 79.5103 1 1 0
0.0274328 79.2464 79.2464 1 1 0
0.0274179 78.9829 78.9829 1 1 0
0.0274031 78.7198 78.7198 1 1 0
0.0273882 78.4573 78.4573 1 1 0
0.0273733 78.1951 78.1951 1 1 0
0.0273585 77.9334 77.9334 1 1 0
0.0273437 77.6722 77.6722 1 1 0
0.0273289 77.4114 77.4114 1 1 0
0.0273142 77.1511 77.1511 1 1 0
0.0272994 76.8912 76.8912 1 1 0
0.0272847 76.6318 76.6318 1 1 0
0.02727 76.3728 76.3728 1 1 0
0.0272553 76.1143 76.1143 1 1 0
0.0272406 75.8562 75.8562 1 1 0
0.0272259 75.5986 75.5986 1 1 0
0.0272113 75.3415 75.3415 1 1 0
0.0271967 75.0848 75.0848 1 1 0
0.0271821 74.8286 74.8286 1 1 0
0.0271675 74.5728 74.5728 1 1 0
0.0271529 74.3175 74.3175 1 1 0
0.0271384 74.0626 74.0626 1 1 0
0.0271239 73.8082 73.8082 1 1 0
0.0271094 73.5543 73.5543 1 1 0
0.0270949 73.3008 73.3008 1 1 0
0.0270804 73.0478 73.0478 1 1 0
0.0270659 72.7953 72.7953 1 1 0
0.0270515 72.5432 72.5432 1 1 0
0.0270371 72.2916 72.2916 1 1 0
0.0270227 72.0405 72.0405 1 1 0
0.0270083 71.7898 71.7898 1 1 0
0.026994 71.5396 71.5396 1 1 0
0.0269796 71.2898 71.2898 1 1 0
0.0269653 71.0405 71.0405 1 1 0
0.026951 70.7917 70.7917 1 1 0
0.0269367 70.5434 70.5434 1 1 0
0.0269225 70.2955 70.2955 1 1 0
0.0269082 70.0481 70.0481 1 1 0
0.026894 69.8011 69.8011 1 1 0
0.0268798 69.5547 69.5547 1 1 0
0.0268656 69.3087 69.3087 1 1 0
0.0268514 69.0631 69.0631 1 1 0
0.0268373 68.8181 68.8181 1 1 0
0.0268231 68.5735 68.5735 1 1 0
0.026809 68.3294 68.3294 1 1 0
0.0267949 68.0858 68.0858 1 1 0
0.0267808 67.8426 67.8426 1 1 0
0.0267668 67.5999 67.5999 1 1 0
0.0267527 67.3577 67.3577 1 1 0
0.0267387 67.116 67.116 1 1 0
0.0267247 66.8747 66.8747 1 1 0
0.0267107 66.6339 66.6339 1 1 0
0.0266967 66.3936 66.3936 1 1 0
0.0266828 66.1538 66.1538 1 1 0
0.0266688 65.9145 65.9145 1 1 0
0.0266549 65.6756 65.6756 1 1 0
0.026641 65.4372 65.4372 1 1 0
0.0266272 65.1993 65.1993 1 1 0
0.0266133 64.9619 64.9619 1 1 0
0.0265995 64.7249 64.7249 1 1 0
0.0265857 64.4884 64.4884 1 1 0
0.0265718 64.2524 64.2524 1 1 0
0.0265581 64.0169 64.0169 1 1 0
0.0265443 63.7819 63.7819 1 1 0
0.0265306 63.5474 63.5474 1 1 0
0.0265168 63.3133 63.3133 1 1 0
0.0265031 63.0797 63.0797 1 1 0
0.0264894 62.8467 62.8467 1 1 0
0.0264758 62.614 62.614 1 1 0
0.0264621 62.3819 62.3819 1 1 0
0.0264485 62.1503 62.1503 1 1 0
0.0264349 61.9191 61.9191 1 1 0
0.0264213 61.6885 61.6885 1 1 0
0.0264077 61.4583 61.4583 1 1 0
0.0263941 61.2286 61.2286 1 1 0
0.0263806 60.9994 60.9994 1 1 0
0.0263671 60.7707 60.7707 1 1 0
0.0263536 60.5425 60.5425 1 1 0
0.0263401 60.3147 60.3147 1 1 0
0.0263266 60.0875 60.0875 1 1 0
0.0263132 59.8607 59.8607 1 1 0
0.0262997 59.6345 59.6345 1 1 0
0.0262863 59.4087 59.4087 1 1 0
0.0262729 59.1834 59.1834 1 1 0
0.0262596 58.9586 58.9586 1 1 0
0.0262462 58.7343 58.7343 1 1 0
0.0262329 58.5105 58.5105 1 1 0
0.0262196 58.2871 58.2871 1 1 0
0.0262063 58.0643 58.0643 1 1 0
0.026193 57.842 57.842 1 1 0
0.0261797 57.6201 57.6201 1 1 0
0.0261665 57.3988 57.3988 1 1 0
0.0261533 57.1779 57.1779 1 1 0
0.0261401 56.9575 56.9575 1 1 0
0.0261269 56.7377 56.7377 1 1 0
0.0261137 56.5183 56.5183 1 1 0
0.0261006 56.2994 56.2994 1 1 0
0.0260874 56.081 56.081 1 1 0
0.0260743 55.8631 55.8631 1 1 0
0.0260612 55.6457 55.6457 1 1 0
0.0260482 55.4288 55.4288 1 1 0
0.0260351 55.2124 55.2124 1 1 0
0.0260221 54.9965 54.9965 1 1 0
0.026009 54.7811 54.7811 1 1 0
0.0259961 54.5662 54.5662 1 1 0
0.0259831 54.3518 54.3518 1 1 0
0.0259701 54.1379 54.1379 1 1 0
0.0259572 53.9244 53.9244 1 1 0
0.0259442 53.7115 53.7115 1 1 0
0.0259313 53.4991 53.4991 1 1 0
0.0259185 53.2872 53.2872 1 1 0
0.0259056 53.0757 53.0757 1 1 0
0.0258928 52.8648 52.8648 1 1 0
0.0258799 52.6544 52.6544 1 1 0
0.0258671 52.4444 52.4444 1 1 0
0.0258543 52.235 52.235 1 1 0
0.0258416 52.0261 52.0261 1 1 0
0.0258288 51.8176 51.8176 1 1 0
0.0258161 51.6097 51.6097 1 1 0
0.0258034 51.4022 51.4022 1 1 0
0.0257907 51.1953 51.1953 1 1 0
0.025778 50.9889 50.9889 1 1 0
0.0257653 50.7829 50.7829 1 1 0
0.0257527 50.5775 50.5775 1 1 0
0.0257401 50.3726 50.3726 1 1 0
0.0257275 50.1682 50.1682 1 1 0
0.0257149 49.9642 49.9642 1 1 0
0.0257023 49.7608 49.7608 1 1 0
0.0256898 49.5579 49.5579 1 1 0
0.0256773 49.3554 49.3554 1 1 0
0.0256648 49.1535 49.1535 1 1 0
0.0256523 48.9521 48.9521 1 1 0
0.0256398 48.7512 48.7512 1 1 0
0.0256274 48.5508 48.5508 1 1 0
0.0256149 48.3509 48.3509 1 1 0
0.0256025 48.1514 48.1514 1 1 0
0.0255901 47.9525 47.9525 1 1 0
0.0255778 47.7541 47.7541 1 1 0
0.0255654 47.5562 47.5562 1 1 0
0.0255531 47.3588 47.3588 1 1 0
0.0255408 47.1619 47.1619 1 1 0
0.0255285 46.9655 46.9655 1 1 0
0.0255162 46.7696 46.7696 1 1 0
0.0255039 46.5743 46.5743 1 1 0
0.0254917 46.3794 46.3794 1 1 0
0.0254795 46.185 46.185 1 1 0
0.0254673 45.9911 45.9911 1 1 0
0.0254551 45.7977 45.7977 1 1 0
0.0254429 45.6049 45.6049 1 1 0
0.0254308 45.4125 45.4125 1 1 0
0.0254187 45.2206 45.2206 1 1 0
0.0254066 45.0292 45.0292 1 1 0
0.0253945 44.8384 44.8384 1 1 0
0.0253824 44.648 44.648 1 1 0
0.0253704 44.4582 44.4582 1 1 0
0.0253584 44.2688 44.2688 1 1 0
0.0253464 44.08 44.08 1 1 0
0.0253344 43.8916 43.8916 1 1 0
0.0253224 43.7038 43.7038 1 1 0
0.0253105 43.5165 43.5165 1 1 0
0.0252985 43.3296 43.3296 1 1 0
0.0252866 43.1433 43.1433 1 1 0
0.0252747 42.9575 42.9575 1 1 0
0.0252629 42.7721 42.7721 1 1 0
0.025251 42.5873 42.5873 1 1 0
0.0252392 42.403 42.403 1 1 0
0.0252274 42.2192 42.2192 1 1 0
0.0252156 42.0359 42.0359 1 1 0
0.0252038 41.853 41.853 1 1 0
0.0251921 41.6707 41.6707 1 1 0
0.0251803 41.4889 41.4889 1 1 0
0.0251686 41.3076 41.3076 1 1 0
0.0251569 41.1268 41.1268 1 1 0
0.0251453 40.9465 40.9465 1 1 0
0.0251336 40.7667 40.7667 1 1 0
0.025122 40.5874 40.5874 1 1 0
0.0251104 40.4086 40.4086 1 1 0
0.0250988 40.2303 40.2303 1 1 0
0.0250872 40.0525 40.0525 1 1 0
0.0250756 39.8752 39.8752 1 1 0
0.0250641 39.6985 39.6985 1 1 0
0.0250526 39.5222 39.5222 1 1 0
0.0250411 39.3464 39.3464 1 1 0
0.0250296 39.1711 39.1711 1 1 0
0.0250182 38.9963 38.9963 1 1 0
0.0250067 38.822 38.822 1 1 0
0.0249953 38.6482 38.6482 1 1 0
0.0249839 38.475 38.475 1 1 0
0.0249725 38.3022 38.3022 1 1 0
0.0249612 38.1299 38.1299 1 1 0
0.0249498 37.9581 37.9581 1 1 0
0.0249385 37.7868 37.7868 1 1 0
0.0249272 37.616 37.616 1 1 0
0.024916 37.4457 37.4457 1 1 0
0.0249047 37.276 37.276 1 1 0
0.0248935 37.1067 37.1067 1 1 0
0.0248822 36.9379 36.9379 1 1 0
0.024871 36.7696 36.7696 1 1 0
0.0248599 36.6018 36.6018 1 1 0
0.0248487 36.4345 36.4345 1 1 0
0.0248376 36.2677 36.2677 1 1 0
0.0248265 36.1014 36.1014 1 1 0
0.0248154 35.9356 35.9356 1 1 0
0.0248043 35.7702 35.7702 1 1 0
0.0247932 35.6054 35.6054 1 1 0
0.0247822 35.4411 35.4411 1 1 0
0.0247712 35.2773 35.2773 1 1 0
0.0247602 35.114 35.114 1 1 0
0.0247492 34.9511 34.9511 1 1 0
0.0247383 34.7888 34.7888 1 1 0
0.0247273 34.6269 34.6269 1 1 0
0.0247164 34.4656 34.4656 1 1 0
0.0247055 34.3047 34.3047 1 1 0
0.0246946 34.1444 34.1444 1 1 0
0.0246838 33.9845 33.9845 1 1 0
0.024673 33.8251 33.8251 1 1 0
0.0246621 33.6662 33.6662 1 1 0
0.0246514 33.5078 33.5078 1 1 0
0.0246406 33.3499 33.3499 1 1 0
0.0246298 33.1925 33.1925 1 1 0
0.0246191 33.0356 33.0356 1 1 0
0.0246084 32.8792 32.8792 1 1 0
0.0245977 32.7233 32.7233 1 1 0
0.024587 32.5678 32.5678 1 1 0
0.0245764 32.4128 32.4128 1 1 0
0.0245658 32.2584 32.2584 1 1 0
0.0245552 32.1044 32.1044 1 1 0
0.0245446 31.9509 31.9509 1 1 0
0.024534 31.7979 31.7979 1 1 0
0.0245235 31.6454 31.6454 1 1 0
0.0245129 31.4934 31.4934 1 1 0
0.0245024 31.3418 31.3418 1 1 0
0.024492 31.1908 31.1908 1 1 0
0.0244815 31.0402 31.0402 1 1 0
0.0244711 30.8901 30.8901 1 1 0
0.0244606 30.7405 30.7405 1 1 0
0.0244502 30.5914 30.5914 1 1 0
0.0244399 30.4428 30.4428 1 1 0
0.0244295 30.2946 30.2946 1 1 0
0.0244192 30.147 30.147 1 1 0
0.0244089 29.9998 29.9998 1 1 0
0.0243986 29.8531 29.8531 1 1 0
0.0243883 29.7069 29.7069 1 1 0
0.024378 29.5612 29.5612 1 1 0
0.0243678 29.4159 29.4159 1 1 0
0.0243576 29.2711 29.2711 1 1 0
0.0243474 29.1268 29.1268 1 1 0
0.0243372 28.983 28.983 1 1 0
0.0243271 28.8397 28.8397 1 1 0
0.024317 28.6969 28.6969 1 1 0
0.0243069 28.5545 28.5545 1 1 0
0.0242968 28.4126 28.4126 1 1 0
0.0242867 28.2712 28.2712 1 1 0
0.0242767 28.1302 28.1302 1 1 0
0.0242667 27.9898 27.9898 1 1 0
0.0242567 27.8498 27.8498 1 1 0
0.0242467 27.7102 27.7102 1 1 0
0.0242367 27.5712 27.5712 1 1 0
0.0242268 27.4326 27.4326 1 1 0
0.0242169 27.2945 27.2945 1 1 0
0.024207 27.1569 27.1569 1 1 0
0.0241971 27.0198 27.0198 1 1 0
0.0241873 26.8831 26.8831 1 1 0
0.0241775 26.7469 26.7469 1 1 0
0.0241677 26.6112 26.6112 1 1 0
0.0241579 26.4759 26.4759 1 1 0
0.0241481 26.3411 26.3411 1 1 0
0.0241384 26.2068 26.2068 1 1 0
0.0241287 26.0729 26.0729 1 1 0
0.024119 25.9395 25.9395 1 1 0
0.0241093 25.8066 25.8066 1 1 0
0.0240996 25.6741 25.6741 1 1 0
0.02409 25.5422 25.5422 1 1 0
0.0240804 25.4106 25.4106 1 1 0
0.0240708 25.2796 25.2796 1 1 0
0.0240612 25.149 25.149 1 1 0
0.0240517 25.0188 25.0188 1 1 0
0.0240422 24.8892 24.8892 1 1 0
0.0240327 24.76 24.76 1 1 0
0.0240232 24.6312 24.6312 1 1 0
0.0240138 24.5029 24.5029 1 1 0
0.0240043 24.3751 24.3751 1 1 0
0.0239949 24.2478 24.2478 1 1 0
0.0239855 24.1208 24.1208 1 1 0
0.0239762 23.9944 23.9944 1 1 0
0.0239668 23.8684 23.8684 1 1 0
0.0239575 23.7429 23.7429 1 1 0
0.0239482 23.6178 23.6178 1 1 0
0.0239389 23.4932 23.4932 1 1 0
0.0239297 23.369 23.369 1 1 0
0.0239204 23.2453 23.2453 1 1 0
0.0239112 23.1221 23.1221 1 1 0
0.023902 22.9993 22.9993 1 1 0
0.0238929 22.8769 22.8769 1 1 0
0.0238837 22.755 22.755 1 1 0
0.0238746 22.6336 22.6336 1 1 0
0.0238655 22.5126 22.5126 1 1 0
0.0238565 22.392 22.392 1 1 0
0.0238474 22.2719 22.2719 1 1 0
0.0238384 22.1523 22.1523 1 1 0
0.0238294 22.0331 22.0331 1 1 0
0.0238204 21.9143 21.9143 1 1 0
0.0238114 21.796 21.796 1 1 0
0.0238025 21.6782 21.6782 1 1 0
0.0237936 21.5608 21.5608 1 1 0
0.0237847 21.4438 21.4438 1 1 0
0.0237758 21.3273 21.3273 1 1 0
0.023767 21.2112 21.2112 1 1 0
0.0237582 21.0955 21.0955 1 1 0
0.0237494 20.9803 20.9803 1 1 0
0.0237406 20.8656 20.8656 1 1 0
0.0237318 20.7512 20.7512 1 1 0
0.0237231 20.6374 20.6374 1 1 0
0.0237144 20.5239 20.5239 1 1 0
0.0237057 20.4109 20.4109 1 1 0
0.023697 20.2983 20.2983 1 1 0
0.0236884 20.1862 20.1862 1 1 0
0.0236798 20.0745 20.0745 1 1 0
0.0236712 19.9632 19.9632 1 1 0
0.0236626 19.8524 19.8524 1 1 0
0.0236541 19.742 19.742 1 1 0
0.0236456 19.632 19.632 1 1 0
0.0236371 19.5225 19.5225 1 1 0
0.0236286 19.4134 19.4134 1 1 0
0.0236202 19.3047 19.3047 1 1 0
0.0236117 19.1965 19.1965 1 1 0
0.0236033 19.0887 19.0887 1 1 0
0.023595 18.9813 18.9813 1 1 0
0.0235866 18.8743 18.8743 1 1 0
0.0235783 18.7678 18.7678 1 1 0
0.02357 18.6617 18.6617 1 1 0
0.0235617 18.556 18.556 1 1 0
0.0235535 18.4507 18.4507 1 1 0
0.0235452 18.3459 18.3459 1 1 0
0.023537 18.2414 18.2414 1 1 0
0.0235288 18.1374 18.1374 1 1 0
0.0235207 18.0339 18.0339 1 1 0
0.0235125 17.9307 17.9307 1 1 0
0.0235044 17.828 17.828 1 1 0
0.0234963 17.7256 17.7256 1 1 0
0.0234883 17.6237 17.6237 1 1 0
0.0234802 17.5222 17.5222 1 1 0
0.0234722 17.4212 17.4212 1 1 0
0.0234642 17.3205 17.3205 1 1 0
0.0234563 17.2203 17.2203 1 1 0
0.0234483 17.1204 17.1204 1 1 0
0.0234404 17.021 17.021 1 1 0
0.0234325 16.922 16.922 1 1 0
0.0234247 16.8234 16.8234 1 1 0
0.0234168 16.7252 16.7252 1 1 0
0.023409 16.6274 16.6274 1 1 0
0.0234012 16.53 16.53 1 1 0
0.0233934 16.4331 16.4331 1 1 0
0.0233857 16.3365 16.3365 1 1 0
0.023378 16.2403 16.2403 1 1 0
0.0233703 16.1446 16.1446 1 1 0
0.0233626 16.0492 16.0492 1 1 0
0.023355 15.9543 15.9543 1 1 0
0.0233474 15.8597 15.8597 1 1 0
0.0233398 15.7656 15.7656 1 1 0
0.0233322 15.6718 15.6718 1 1 0
0.0233247 15.5785 15.5785 1 1 0
0.0233172 15.4855 15.4855 1 1 0
0.0233097 15.393 15.393 1 1 0
0.0233022 15.3008 15.3008 1 1 0
0.0232948 15.2091 15.2091 1 1 0
0.0232874 15.1177 15.1177 1 1 0
0.02328 15.0267 15.0267 1 1 0
0.0232726 14.9362 14.9362 1 1 0
0.0232653 14.846 14.846 1 1 0
0.023258 14.7562 14.7562 1 1 0
0.0232507 14.6668 14.6668 1 1 0
0.0232435 14.5778 14.5778 1 1 0
0.0232362 14.4891 14.4891 1 1 0
0.023229 14.4009 14.4009 1 1 0
0.0232219 14.313 14.313 1 1 0
0.0232147 14.2256 14.2256 1 1 0
0.0232076 14.1385 14.1385 1 1 0
0.0232005 14.0518 14.0518 1 1 0
0.0231934 13.9655 13.9655 1 1 0
0.0231864 13.8795 13.8795 1 1 0
0.0231794 13.794 13.794 1 1 0
0.0231724 13.7088 13.7088 1 1 0
0.0231654 13.624 13.624 1 1 0
0.0231585 13.5396 13.5396 1 1 0
0.0231516 13.4555 13.4555 1 1 0
0.0231447 13.3719 13.3719 1 1 0
0.0231378 13.2886 13.2886 1 1 0
0.023131 13.2057 13.2057 1 1 0
0.0231242 13.1231 13.1231 1 1 0
0.0231174 13.041 13.041 1 1 0
0.0231107 12.9592 12.9592 1 1 0
0.023104 12.8778 12.8778 1 1 0
0.0230973 12.7967 12.7967 1 1 0
0.0230906 12.716 12.716 1 1 0
0.023084 12.6357 12.6357 1 1 0
0.0230774 12.5558 12.5558 1 1 0
0.0230708 12.4762 12.4762 1 1 0
0.0230642 12.397 12.397 1 1 0
0.0230577 12.3181 12.3181 1 1 0
0.0230512 12.2396 12.2396 1 1 0
0.0230447 12.1615 12.1615 1 1 0
0.0230383 12.0837 12.0837 1 1 0
0.0230319 12.0063 12.0063 1 1 0
0.0230255 11.9293 11.9293 1 1 0
0.0230191 11.8526 11.8526 1 1 0
0.0230128 11.7763 11.7763 1 1 0
0.0230065 11.7003 11.7003 1 1 0
0.0230002 11.6247 11.6247 1 1 0
0.022994 11.5494 11.5494 1 1 0
0.0229878 11.4745 11.4745 1 1 0
0.0229816 11.4 11.4 1 1 0
0.0229755 11.3258 11.3258 1 1 0
0.0229693 11.2519 11.2519 1 1 0
0.0229632 11.1784 11.1784 1 1 0
0.0229572 11.1053 11.1053 1 1 0
0.0229511 11.0325 11.0325 1 1 0
0.0229451 10.96 10.96 1 1 0
0.0229391 10.8879 10.8879 1 1 0
0.0229332 10.8161 10.8161 1 1 0
0.0229273 10.7447 10.7447 1 1 0
0.0229214 10.6737 10.6737 1 1 0
0.0229155 10.6029 10.6029 1 1 0
0.0229097 10.5325 10.5325 1 1 0
0.0229039 10.4625 10.4625 1 1 0
0.0228981 10.3928 10.3928 1 1 0
0.0228924 10.3234 10.3234 1 1 0
0.0228866 10.2544 10.2544 1 1 0
0.022881 10.1857 10.1857 1 1 0
0.0228753 10.1173 10.1173 1 1 0
0.0228697 10.0493 10.0493 1 1 0
0.0228641 9.98162 9.98162 1 1 0
0.0228585 9.91427 9.91427 1 1 0
0.022853 9.84724 9.84724 1 1 0
0.0228475 9.78055 9.78055 1 1 0
0.022842 9.71419 9.71419 1 1 0
0.0228366 9.64816 9.64816 1 1 0
0.0228312 9.58245 9.58245 1 1 0
0.0228258 9.51708 9.51708 1 1 0
0.0228205 9.45203 9.45203 1 1 0
0.0228152 9.3873 9.3873 1 1 0
0.0228099 9.3229 9.3229 1 1 0
0.0228046 9.25883 9.25883 1 1 0
0.0227994 9.19507 9.19507 1 1 0
0.0227942 9.13164 9.13164 1 1 0
0.0227891 9.06853 9.06853 1 1 0
0.022784 9.00574 9.00574 1 1 0
0.0227789 8.94326 8.94326 1 1 0
0.0227738 8.88111 8.88111 1 1 0
0.0227688 8.81927 8.81927 1 1 0
0.0227638 8.75775 8.75775 1 1 0
0.0227588 8.69654 8.69654 1 1 0
0.0227539 8.63564 8.63564 1 1 0
0.022749 8.57506 8.57506 1 1 0
0.0227442 8.51479 8.51479 1 1 0
0.0227393 8.45483 8.45483 1 1 0
0.0227345 8.39518 8.39518 1 1 0
0.0227298 8.33584 8.33584 1 1 0
0.0227251 8.27681 8.27681 1 1 0
0.0227204 8.21809 8.21809 1 1 0
0.0227157 8.15967 8.15967 1 1 0
0.0227111 8.10156 8.10156 1 1 0
0.0227065 8.04375 8.04375 1 1 0
0.0227019 7.98624 7.98624 1 1 0
0.0226974 7.92904 7.92904 1 1 0
0.0226929 7.87214 7.87214 1 1 0
0.0226884 7.81554 7.81554 1 1 0
0.022684 7.75924 7.75924 1 1 0
0.0226796 7.70323 7.70323 1 1 0
0.0226753 7.64753 7.64753 1 1 0
0.022671 7.59212 7.59212 1 1 0
0.0226667 7.537 7.537 1 1 0
0.0226624 7.48218 7.48218 1 1 0
0.0226582 7.42766 7.42766 1 1 0
0.022654 7.37342 7.37342 1 1 0
0.0226499 7.31948 7.31948 1 1 0
0.0226458 7.26583 7.26583 1 1 0
0.0226417 7.21247 7.21247 1 1 0
0.0226377 7.1594 7.1594 1 1 0
0.0226337 7.10662 7.10662 1 1 0
0.0226297 7.05412 7.05412 1 1 0
0.0226258 7.00191 7.00191 1 1 0
0.0226219 6.94998 6.94998 1 1 0
0.022618 6.89834 6.89834 1 1 0
0.0226142 6.84698 6.84698 1 1 0
0.0226104 6.7959 6.7959 1 1 0
0.0226067 6.74511 6.74511 1 1 0
0.022603 6.69459 6.69459 1 1 0
0.0225993 6.64435 6.64435 1 1 0
0.0225957 6.5944 6.5944 1 1 0
0.0225921 6.54472 6.54472 1 1 0
0.0225885 6.49531 6.49531 1 1 0
0.022585 6.44618 6.44618 1 1 0
0.0225815 6.39733 6.39733 1 1 0
0.0225781 6.34875 6.34875 1 1 0
0.0225747 6.30044 6.30044 1 1 0
0.0225713 6.2524 6.2524 1 1 0
0.022568 6.20463 6.20463 1 1 0
0.0225647 6.15714 6.15714 1 1 0
0.0225615 6.10991 6.10991 1 1 0
0.0225583 6.06295 6.06295 1 1 0
0.0225551 6.01626 6.01626 1 1 0
0.022552 5.96983 5.96983 1 1 0
0.0225489 5.92367 5.92367 1 1 0
0.0225458 5.87777 5.87777 1 1 0
0.0225428 5.83213 5.83213 1 1 0
0.0225398 5.78676 5.78676 1 1 0
0.0225369 5.74165 5.74165 1 1 0
0.022534 5.6968 5.6968 1 1 0
0.0225312 5.65221 5.65221 1 1 0
0.0225284 5.60787 5.60787 1 1 0
0.0225256 5.5638 5.5638 1 1 0
0.0225229 5.51998 5.51998 1 1 0
0.0225202 5.47641 5.47641 1 1 0
0.0225175 5.4331 5.4331 1 1 0
0.0225149 5.39005 5.39005 1 1 0
0.0225124 5.34724 5.34724 1 1 0
0.0225099 5.30469 5.30469 1 1 0
0.0225074 5.26239 5.26239 1 1 0
0.022505 5.22034 5.22034 1 1 0
0.0225026 5.17854 5.17854 1 1 0
0.0225002 5.13698 5.13698 1 1 0
0.0224979 5.09568 5.09568 1 1 0
0.0224957 5.05462 5.05462 1 1 0
0.0224934 5.0138 5.0138 1 1 0
0.0224913 4.97323 4.97323 1 1 0
0.0224891 4.9329 4.9329 1 1 0
0.022487 4.89282 4.89282 1 1 0
0.022485 4.85297 4.85297 1 1 0
0.022483 4.81337 4.81337 1 1 0
0.0224811 4.77401 4.77401 1 1 0
0.0224792 4.73488 4.73488 1 1 0
0.0224773 4.696 4.696 1 1 0
0.0224755 4.65735 4.65735 1 1 0
0.0224737 4.61893 4.61893 1 1 0
0.022472 4.58075 4.58075 1 1 0
0.0224703 4.54281 4.54281 1 1 0
0.0224687 4.5051 4.5051 1 1 0
0.0224671 4.46762 4.46762 1 1 0
0.0224655 4.43037 4.43037 1 1 0
0.0224641 4.39336 4.39336 1 1 0
0.0224626 4.35657 4.35657 1 1 0
0.0224612 4.32001 4.32001 1 1 0
0.0224599 4.28368 4.28368 1 1 0
0.0224586 4.24758 4.24758 1 1 0
0.0224573 4.2117 4.2117 1 1 0
0.0224561 4.17605 4.17605 1 1 0
0.022455 4.14062 4.14062 1 1 0
0.0224538 4.10541 4.10541 1 1 0
0.0224528 4.07043 4.07043 1 1 0
0.0224518 4.03567 4.03567 1 1 0
0.0224508 4.00113 4.00113 1 1 0
0.0224499 3.96681 3.96681 1 1 0
0.0224491 3.93271 3.93271 1 1 0
0.0224483 3.89882 3.89882 1 1 0
0.0224475 3.86515 3.86515 1 1 0
0.0224468 3.8317 3.8317 1 1 0
0.0224461 3.79847 3.79847 1 1 0
0.0224455 3.76544 3.76544 1 1 0
0.022445 3.73264 3.73264 1 1 0
0.0224445 3.70004 3.70004 1 1 0
0.022444 3.66766 3.66766 1 1 0
0.0224436 3.63548 3.63548 1 1 0
0.0224433 3.60352 3.60352 1 1 0
0.022443 3.57176 3.57176 1 1 0
0.0224428 3.54022 3.54022 1 1 0
0.0224426 3.50888 3.50888 1 1 0
0.0224425 3.47775 3.47775 1 1 0
0.0224424 3.44682 3.44682 1 1 0
0.0224424 3.42219 3.42219 1 1 0
0.0224424 3.39163 3.39163 2 1 0
0.0224425 3.36128 3.36128 2 1 0
0.0224426 3.33112 3.33112 2 1 0
0.0224428 3.30117 3.30117 2 1 0
0.0224431 3.27142 3.27142 2 1 0
0.0224434 3.24186 3.24186 2 1 0
0.0224438 3.21251 3.21251 2 1 0
0.0224442 3.18335 3.18335 2 1 0
0.0224447 3.15439 3.15439 2 1 0
0.0224452 3.12563 3.12563 2 1 0
0.0224458 3.09706 3.09706 2 1 0
0.0224464 3.06869 3.06869 2 1 0
0.0224472 3.04051 3.04051 2 1 0
0.0224479 3.01252 3.01252 2 1 0
0.0224488 2.98472 2.98472 2 1 0
0.0224496 2.95712 2.95712 2 1 0
0.0224506 2.9297 2.9297 2 1 0
0.0224516 2.90248 2.90248 2 1 0
0.0224527 2.87544 2.87544 2 1 0
0.0224538 2.84859 2.84859 2 1 0
0.022455 2.82193 2.82193 2 1 0
0.0224563 2.79545 2.79545 2 1 0
0.0224576 2.76916 2.76916 2 1 0
0.022459 2.74305 2.74305 2 1 0
0.0224604 2.71713 2.71713 2 1 0
0.0224619 2.69138 2.69138 2 1 0
0.0224635 2.66582 2.66582 2 1 0
0.0224652 2.64044 2.64044 2 1 0
0.0224669 2.61524 2.61524 2 1 0
0.0224686 2.59022 2.59022 2 1 0
0.0224705 2.56538 2.56538 2 1 0
0.0224724 2.54072 2.54072 2 1 0
0.0224743 2.51623 2.51623 2 1 0
0.0224764 2.49192 2.49192 2 1 0
0.0224785 2.46778 2.46778 2 1 0
0.0224806 2.44382 2.44382 2 1 0
0.0224829 2.42003 2.42003 2 1 0
0.0224852 2.39641 2.39641 2 1 0
0.0224876 2.37297 2.37297 2 1 0
0.02249 2.34969 2.34969 2 1 0
0.0224925 2.32659 2.32659 2 1 0
0.0224951 2.30365 2.30365 2 1 0
0.0224978 2.28089 2.28089 2 1 0
0.0225005 2.25829 2.25829 2 1 0
0.0225033 2.23586 2.23586 2 1 0
0.0225062 2.21359 2.21359 2 1 0
0.0225091 2.19149 2.19149 2 1 0
0.0225121 2.16956 2.16956 2 1 0
0.0225152 2.14778 2.14778 2 1 0
0.0225184 2.12617 2.12617 2 1 0
0.0225216 2.10473 2.10473 2 1 0
0.022525 2.08344 2.08344 2 1 0
0.0225284 2.06231 2.06231 2 1 0
0.0225318 2.04135 2.04135 2 1 0
0.0225354 2.02054 2.02054 2 1 0
0.022539 1.99989 1.99989 2 1 0
0.0225427 1.9794 1.9794 2 1 0
0.0225465 1.95907 1.95907 2 1 0
0.0225503 1.93889 1.93889 2 1 0
0.0225543 1.91886 1.91886 2 1 0
0.0225583 1.89899 1.89899 2 1 0
0.0225624 1.87928 1.87928 2 1 0
0.0225666 1.85971 1.85971 2 1 0
0.0225708 1.8403 1.8403 2 1 0
0.0225752 1.82104 1.82104 2 1 0
0.0225796 1.80193 1.80193 2 1 0
0.0225841 1.78297 1.78297 2 1 0
0.0225887 1.76416 1.76416 2 1 0
0.0225934 1.74549 1.74549 2 1 0
0.0225982 1.72698 1.72698 2 1 0
0.022603 1.70861 1.70861 2 1 0
0.022608 1.69038 1.69038 2 1 0
0.022613 1.6723 1.6723 2 1 0
0.0226181 1.65437 1.65437 2 1 0
0.0226233 1.63657 1.63657 2 1 0
0.0226286 1.61892 1.61892 2 1 0
0.022634 1.60142 1.60142 2 1 0
0.0226395 1.58405 1.58405 2 1 0
0.022645 1.56683 1.56683 2 1 0
0.0226507 1.54974 1.54974 2 1 0
0.0226564 1.53279 1.53279 2 1 0
0.0226623 1.51598 1.51598 2 1 0
0.0226682 1.49931 1.49931 2 1 0
0.0226742 1.48278 1.48278 2 1 0
0.0226804 1.46638 1.46638 2 1 0
0.0226866 1.45012 1.45012 2 1 0
0.0226929 1.43399 1.43399 2 1 0
0.0226993 1.41799 1.41799 2 1 0
0.0227058 1.40213 1.40213 2 1 0
0.0227124 1.3864 1.3864 2 1 0
0.0227192 1.3708 1.3708 2 1 0
0.022726 1.35534 1.35534 2 1 0
0.0227329 1.34 1.34 2 1 0
0.0227399 1.32479 1.32479 2 1 0
0.022747 1.30971 1.30971 2 1 0
0.0227543 1.29476 1.29476 2 1 0
0.0227616 1.27994 1.27994 2 1 0
0.022769 1.26524 1.26524 2 1 0
0.0227766 1.25067 1.25067 2 1 0
0.0227842 1.23623 1.23623 2 1 0
0.022792 1.22191 1.22191 2 1 0
0.0227999 1.20771 1.20771 2 1 0
0.0228078 1.19363 1.19363 2 1 0
0.0228159 1.17968 1.17968 2 1 0
0.0228241 1.16585 1.16585 2 1 0
0.0228325 1.15214 1.15214 2 1 0
0.0228409 1.13855 1.13855 2 1 0
0.0228494 1.12508 1.12508 2 1 0
0.0228581 1.11173 1.11173 2 1 0
0.0228669 1.0985 1.0985 2 1 0
0.0228758 1.08539 1.08539 2 1 0
0.0228848 1.07239 1.07239 2 1 0
0.0228939 1.05951 1.05951 2 1 0
0.0229032 1.04674 1.04674 2 1 0
0.0229125 1.03409 1.03409 2 1 0
0.022922 1.02155 1.02155 2 1 0
0.0229317 1.00912 1.00912 2 1 0
0.0229414 0.996813 0.996813 2 1 0
0.0229513 0.984614 0.984614 2 1 0
0.0229613 0.972525 0.972525 2 1 0
0.0229714 0.960548 0.960548 2 1 0
0.0229817 0.94868 0.94868 2 1 0
0.022992 0.936922 0.936922 2 1 0
0.0230026 0.925273 0.925273 2 1 0
0.0230132 0.913731 0.913731 2 1 0
0.023024 0.902297 0.902297 2 1 0
0.0230349 0.89097 0.89097 2 1 0
0.023046 0.879749 0.879749 2 1 0
0.0230572 0.868633 0.868633 2 1 0
0.0230685 0.857622 0.857622 2 1 0
0.02308 0.846715 0.846715 2 1 0
0.0230916 0.835911 0.835911 2 1 0
0.0231034 0.825211 0.825211 2 1 0
0.0231153 0.814612 0.814612 2 1 0
0.0231273 0.804115 0.804115 2 1 0
0.0231395 0.793719 0.793719 2 1 0
0.0231518 0.783423 0.783423 2 1 0
0.0231643 0.773227 0.773227 2 1 0
0.023177 0.76313 0.76313 2 1 0
0.0231898 0.753131 0.753131 2 1 0
0.0232027 0.74323 0.74323 2 1 0
0.0232158 0.733426 0.733426 2 1 0
0.0232291 0.723718 0.723718 2 1 0
0.0232425 0.714106 0.714106 2 1 0
0.0232561 0.70459 0.70459 2 1 0
0.0232698 0.695167 0.695167 2 1 0
0.0232837 0.685839 0.685839 2 1 0
0.0232978 0.676605 0.676605 2 1 0
0.023312 0.667463 0.667463 2 1 0
0.0233264 0.658413 0.658413 2 1 0
0.023341 0.649454 0.649454 2 1 0
0.0233557 0.640587 0.640587 2 1 0
0.0233707 0.63181 0.63181 2 1 0
0.0233857 0.623122 0.623122 2 1 0
0.023401 0.614524 0.614524 2 1 0
0.0234165 0.606014 0.606014 2 1 0
0.0234321 0.597592 0.597592 2 1 0
0.0234479 0.589257 0.589257 2 1 0
0.0234639 0.581009 0.581009 2 1 0
0.02348 0.572847 0.572847 2 1 0
0.0234964 0.56477 0.56477 2 1 0
0.0235129 0.556779 0.556779 2 1 0
0.0235297 0.548871 0.548871 2 1 0
0.0235466 0.541048 0.541048 2 1 0
0.0235637 0.533307 0.533307 2 1 0
0.0235811 0.52565 0.52565 2 1 0
0.0235986 0.518074 0.518074 2 1 0
0.0236163 0.510579 0.510579 2 1 0
0.0236342 0.503166 0.503166 2 1 0
0.0236524 0.495832 0.495832 2 1 0
0.0236707 0.488578 0.488578 2 1 0
0.0236892 0.481404 0.481404 2 1 0
0.023708 0.474308 0.474308 2 1 0
0.023727 0.46729 0.46729 2 1 0
0.0237462 0.460349 0.460349 2 1 0
0.0237656 0.453485 0.453485 2 1 0
0.0237852 0.446698 0.446698 2 1 0
0.0238051 0.439986 0.439986 2 1 0
0.0238251 0.433349 0.433349 2 1 0
0.0238455 0.426787 0.426787 2 1 0
0.023866 0.420299 0.420299 2 1 0
0.0238868 0.413885 0.413885 2 1 0
0.0239078 0.407544 0.407544 2 1 0
0.023929 0.401275 0.401275 2 1 0
0.0239505 0.395077 0.395077 2 1 0
0.0239723 0.388952 0.388952 2 1 0
0.0239943 0.382897 0.382897 2 1 0
0.0240165 0.376912 0.376912 2 1 0
0.024039 0.370997 0.370997 2 1 0
0.0240617 0.365151 0.365151 2 1 0
0.0240847 0.359374 0.359374 2 1 0
0.024108 0.353665 0.353665 2 1 0
0.0241315 0.348023 0.348023 2 1 0
0.0241553 0.342449 0.342449 2 1 0
0.0241794 0.336941 0.336941 2 1 0
0.0242037 0.331499 0.331499 2 1 0
0.0242284 0.326123 0.326123 2 1 0
0.0242533 0.320811 0.320811 2 1 0
0.0242785 0.315564 0.315564 2 1 0
0.0243039 0.310381 0.310381 2 1 0
0.0243297 0.305262 0.305262 2 1 0
0.0243558 0.300205 0.300205 2 1 0
0.0243821 0.295211 0.295211 2 1 0
0.0244088 0.290279 0.290279 2 1 0
0.0244358 0.285408 0.285408 2 1 0
0.024463 0.280598 0.280598 2 1 0
0.0244906 0.275848 0.275848 2 1 0
0.0245185 0.271159 0.271159 2 1 0
0.0245468 0.266528 0.266528 2 1 0
0.0245753 0.261957 0.261957 2 1 0
0.0246042 0.257444 0.257444 2 1 0
0.0246334 0.252989 0.252989 2 1 0
0.024663 0.248591 0.248591 2 1 0
0.0246929 0.244251 0.244251 2 1 0
0.0247232 0.239966 0.239966 2 1 0
0.0247538 0.235738 0.235738 2 1 0
0.0247847 0.231566 0.231566 2 1 0
0.024816 0.227448 0.227448 2 1 0
0.0248477 0.223385 0.223385 2 1 0
0.0248798 0.219376 0.219376 2 1 0
0.0249122 0.21542 0.21542 2 1 0
0.024945 0.211518 0.211518 2 1 0
0.0249782 0.207668 0.207668 2 1 0
0.0250118 0.203871 0.203871 2 1 0
0.0250458 0.200125 0.200125 2 1 0
0.0250802 0.196431 0.196431 2 1 0
0.025115 0.192787 0.192787 2 1 0
0.0251502 0.189194 0.189194 2 1 0
0.0251858 0.18565 0.18565 2 1 0
0.0252218 0.182156 0.182156 2 1 0
0.0252583 0.178711 0.178711 2 1 0
0.0252952 0.175315 0.175315 2 1 0
0.0253326 0.171966 0.171966 2 1 0
0.0253704 0.168665 0.168665 2 1 0
0.0254086 0.165412 0.165412 2 1 0
0.0254473 0.162205 0.162205 2 1 0
0.0254865 0.159044 0.159044 2 1 0
0.0255262 0.15593 0.15593 2 1 0
0.0255663 0.152861 0.152861 2 1 0
0.025607 0.149836 0.149836 2 1 0
0.0256481 0.146857 0.146857 2 1 0
0.0256897 0.143921 0.143921 2 1 0
0.0257318 0.141029 0.141029 2 1 0
0.0257745 0.138181 0.138181 2 1 0
0.0258177 0.135375 0.135375 2 1 0
0.0258614 0.132612 0.132612 2 1 0
0.0259057 0.12989 0.12989 2 1 0
0.0259505 0.127211 0.127211 2 1 0
0.0259958 0.124572 0.124572 2 1 0
0.0260418 0.121974 0.121974 2 1 0
0.0260883 0.119417 0.119417 2 1 0
0.0261354 0.1169 0.1169 2 1 0
0.0261831 0.114422 0.114422 2 1 0
0.0262314 0.111983 0.111983 2 1 0
0.0262803 0.109583 0.109583 2 1 0
0.0263298 0.107221 0.107221 2 1 0
0.02638 0.104897 0.104897 2 1 0
0.0264308 0.102611 0.102611 2 1 0
0.0264823 0.100361 0.100361 2 1 0
0.0265344 0.098149 0.098149 2 1 0
0.0265872 0.0959728 0.0959728 2 1 0
0.0266407 0.0938325 0.0938325 2 1 0
0.0266948 0.0917278 0.0917278 2 1 0
0.0267497 0.0896583 0.0896583 2 1 0
0.0268054 0.0876235 0.0876235 2 1 0
0.0268617 0.0856232 0.0856232 2 1 0
0.0269188 0.0836568 0.0836568 2 1 0
0.0269767 0.0817241 0.0817241 2 1 0
0.0270353 0.0798247 0.0798247 2 1 0
0.0270947 0.0779581 0.0779581 2 1 0
0.0271549 0.0761241 0.0761241 2 1 0
0.0272159 0.0743222 0.0743222 2 1 0
0.0272778 0.0725521 0.0725521 2 1 0
0.0273405 0.0708133 0.0708133 2 1 0
0.027404 0.0691057 0.0691057 2 1 0
0.0274684 0.0674287 0.0674287 2 1 0
0.0275337 0.065782 0.065782 2 1 0
0.0276 0.0641653 0.0641653 2 1 0
0.0276671 0.0625782 0.0625782 2 1 0
0.0277352 0.0610203 0.0610203 2 1 0
0.0278042 0.0594914 0.0594914 2 1 0
0.0278742 0.057991 0.057991 2 1 0
0.0279452 0.0565187 0.0565187 2 1 0
0.0280172 0.0550744 0.0550744 2 1 0
0.0280902 0.0536575 0.0536575 2 1 0
0.0281643 0.0522679 0.0522679 2 1 0
0.0282394 0.050905 0.050905 2 1 0
0.0283156 0.0495686 0.0495686 2 1 0
0.028393 0.0482584 0.0482584 2 1 0
0.0284715 0.046974 0.046974 2 1 0
0.0285511 0.0457151 0.0457151 2 1 0
0.0286319 0.0444813 0.0444813 2 1 0
0.0287139 0.0432724 0.0432724 2 1 0
0.0287971 0.0420879 0.0420879 2 1 0
0.0288816 0.0409276 0.0409276 2 1 0
0.0289674 0.0397912 0.0397912 2 1 0
0.0290545 0.0386783 0.0386783 2 1 0
0.0291429 0.0375887 0.0375887 2 1 0
0.0292326 0.0365219 0.0365219 2 1 0
0.0293238 0.0354777 0.0354777 2 1 0
0.0294163 0.0344557 0.0344557 2 1 0
0.0295103 0.0334558 0.0334558 2 1 0
0.0296058 0.0324775 0.0324775 2 1 0
0.0297028 0.0315205 0.0315205 2 1 0
0.0298013 0.0305846 0.0305846 2 1 0
0.0299014 0.0296694 0.0296694 2 1 0
0.0300031 0.0287746 0.0287746 2 1 0
0.0301065 0.0279 0.0279 2 1 0
0.0302116 0.0270452 0.0270452 2 1 0
0.0303183 0.02621 0.02621 2 1 0
0.0304269 0.025394 0.025394 2 1 0
0.0305372 0.024597 0.024597 2 1 0
0.0306494 0.0238187 0.0238187 2 1 0
0.0307635 0.0230588 0.0230588 2 1 0
0.0308795 0.022317 0.022317 2 1 0
0.0309975 0.021593 0.021593 2 1 0
0.0311175 0.0208866 0.0208866 2 1 0
0.0312396 0.0201974 0.0201974 2 1 0
0.0313638 0.0195253 0.0195253 2 1 0
0.0314902 0.0188698 0.0188698 2 1 0
0.0316188 0.0182308 0.0182308 2 1 0
0.0317497 0.017608 0.017608 2 1 0
0.031883 0.0170011 0.0170011 2 1 0
0.0320187 0.0164098 0.0164098 2 1 0
0.0321568 0.0158339 0.0158339 2 1 0
0.0322975 0.0152732 0.0152732 2 1 0
0.0324408 0.0147273 0.0147273 2 1 0
0.0325867 0.014196 0.014196 2 1 0
0.0327354 0.013679 0.013679 2 1 0
0.0328869 0.0131762 0.0131762 2 1 0
0.0330413 0.0126872 0.0126872 2 1 0
0.0331986 0.0122118 0.0122118 2 1 0
0.033359 0.0117497 0.0117497 2 1 0
0.0335225 0.0113007 0.0113007 2 1 0
0.0336893 0.0108646 0.0108646 2 1 0
0.0338594 0.0104412 0.0104412 2 1 0
0.0340329 0.01003 0.01003 2 1 0
0.0342099 0.00963108 0.00963108 2 1 0
0.0343905 0.00924401 0.00924401 2 1 0
0.0345748 0.00886863 0.00886863 2 1 0
0.0347629 0.00850469 0.00850469 2 1 0
0.034955 0.00815196 0.00815196 2 1 0
0.0351512 0.00781022 0.00781022 2 1 0
0.0353516 0.00747925 0.00747925 2 1 0
0.0355562 0.00715881 0.00715881 2 1 0
0.0357654 0.0068487 0.0068487 2 1 0
0.0359791 0.0065487 0.0065487 2 1 0
0.0361976 0.00625858 0.00625858 2 1 0
0.036421 0.00597813 0.00597813 2 1 0
0.0366494 0.00570714 0.00570714 2 1 0
0.0368831 0.00544541 0.00544541 2 1 0
0.0371221 0.00519272 0.00519272 2 1 0
0.0373668 0.00494887 0.00494887 2 1 0
0.0376172 0.00471366 0.00471366 2 1 0
0.0378736 0.00448688 0.00448688 2 1 0
0.0381362 0.00426833 0.00426833 2 1 0
0.0384052 0.00405782 0.00405782 2 1 0
0.0386809 0.00385516 0.00385516 2 1 0
0.0389634 0.00366015 0.00366015 2 1 0
0.0392531 0.00347259 0.00347259 2 1 0
0.0395501 0.00329231 0.00329231 2 1 0
0.0398549 0.00311911 0.00311911 2 1 0
0.0401676 0.00295282 0.00295282 2 1 0
0.0404885 0.00279324 0.00279324 2 1 0
0.0408181 0.00264021 0.00264021 2 1 0
0.0411566 0.00249354 0.00249354 2 1 0
0.0415045 0.00235305 0.00235305 2 1 0
0.0418619 0.00221858 0.00221858 2 1 0
0.0422295 0.00208995 0.00208995 2 1 0
0.0426076 0.001967 0.001967 2 1 0
0.0429966 0.00184955 0.00184955 2 1 0
0.043397 0.00173745 0.00173745 2 1 0
0.0438093 0.00163053 0.00163053 2 1 0
0.044234 0.00152863 0.00152863 2 1 0
0.0446717 0.00143159 0.00143159 2 1 0
0.045123 0.00133927 0.00133927 2 1 0
0.0455885 0.0012515 0.0012515 2 1 0
0.0460689 0.00116814 0.00116814 2 1 0
0.0465648 0.00108903 0.00108903 2 1 0
0.047077 0.00101404 0.00101404 2 1 0
0.0476063 0.000943015 0.000943015 2 1 0
0.0481535 0.000875816 0.000875816 2 1 0
0.0487196 0.000812304 0.000812304 2 1 0
0.0493056 0.000752343 0.000752343 2 1 0
0.0499123 0.000695798 0.000695798 2 1 0
0.050541 0.000642538 0.000642538 2 1 0
0.0511928 0.000592433 0.000592433 2 1 0
0.051869 0.000545356 0.000545356 2 1 0
0.0525709 0.000501182 0.000501182 2 1 0
0.0532999 0.000459788 0.000459788 2 1 0
0.0540577 0.000421056 0.000421056 2 1 0
0.0548459 0.000384867 0.000384867 2 1 0
0.0556662 0.000351107 0.000351107 2 1 0
0.0565207 0.000319664 0.000319664 2 1 0
0.0574113 0.000290427 0.000290427 2 1 0
0.0583405 0.000263289 0.000263289 2 1 0
0.0593105 0.000238146 0.000238146 2 1 0
0.0603241 0.000214896 0.000214896 2 1 0
0.0613842 0.000193438 0.000193438 2 1 0
0.0624937 0.000173677 0.000173677 2 1 0
0.0636562 0.000155517 0.000155517 2 1 0
0.0648753 0.000138867 0.000138867 2 1 0
0.066155 0.000123637 0.000123637 2 1 0
0.0674997 0.000109743 0.000109743 2 1 0
0.0689142 9.70999e-05 9.70999e-05 2 1 0
0.0704038 8.56271e-05 8.56271e-05 2 1 0
0.0719742 7.52465e-05 7.52465e-05 2 1 0
0.0736316 6.5883e-05 6.5883e-05 2 1 0
0.0753832 5.7464e-05 5.7464e-05 2 1 0
0.0772365 4.992e-05 4.992e-05 2 1 0
0.0791997 4.31847e-05 4.31847e-05 2 1 0
0.0812825 3.71934e-05 3.71934e-05 2 1 0
0.0834951 3.18851e-05 3.18851e-05 2 1 0
0.085849 2.72017e-05 2.72017e-05 2 1 0
0.088357 2.30877e-05 2.30877e-05 2 1 0
0.0910332 1.94909e-05 1.94909e-05 2 1 0
0.0938936 1.63617e-05 1.63617e-05 2 1 0
0.0969557 1.36535e-05 1.36535e-05 2 1 0
0.100239 1.13225e-05 1.13225e-05 2 1 0
0.103767 9.32795e-06 9.32795e-06 2 1 0
0.107563 7.6317e-06 7.6317e-06 2 1 0
0.111657 6.19855e-06 6.19855e-06 2 1 0
0.116079 4.99603e-06 4.99603e-06 2 1 0
0.120867 3.99437e-06 3.99437e-06 2 1 0
0.12606 3.16646e-06 3.16646e-06 2 1 0
0.131706 2.48773e-06 2.48773e-06 2 1 0
0.137859 1.93609e-06 1.93609e-06 2 1 0
0.144578 1.49182e-06 1.49182e-06 2 1 0
0.151935 1.13748e-06 1.13748e-06 2 1 0
0.151935 1.13748e-06 1.13748e-06 2 1 0
0.152553 1.11255e-06 1.11255e-06 2 1 0
0.153176 1.08808e-06 1.08808e-06 2 1 0
0.154437 1.04053e-06 1.04053e-06 2 1 0
0.157015 9.50739e-07 9.50739e-07 2 1 0
0.162412 7.90926e-07 7.90926e-07 2 1 0
0.171164 5.94647e-07 5.94647e-07 2 1 0
0.181212 4.364e-07 4.364e-07 2 1 0
0.192344 3.16049e-07 3.16049e-07 2 1 0
0.204715 2.257e-07 2.257e-07 2 1 0
0.21851 1.588e-07 1.588e-07 2 1 0
0.233946 1.09978e-07 1.09978e-07 2 1 0
0.251287 7.48963e-08 7.48963e-08 2 1 0
0.270848 5.00987e-08 5.00987e-08 2 1 0
0.293011 3.28749e-08 3.28749e-08 2 1 0
0.318243 2.11334e-08 2.11334e-08 2 1 0
0.347119 1.32881e-08 1.32881e-08 2 1 0
0.380352 8.15792e-09 8.15792e-09 2 1 0
0.418837 4.88043e-09 4.88043e-09 2 1 0
0.463701 2.83874e-09 2.83874e-09 2 1 0
0.516383 1.60135e-09 1.60135e-09 2 1 0
0.578727 8.73628e-10 8.73628e-10 2 1 0
0.653119 4.59544e-10 4.59544e-10 2 1 0
0.74265 2.3234e-10 2.3234e-10 2 1 0
0.851311 1.12577e-10 1.12577e-10 2 1 0
0.984173 5.21688e-11 5.21688e-11 2 1 0
1.14743 2.31228e-11 2.31228e-11 2 1 0
