1449.44 1.88634e-320 1.88634e-320 2 1 0
1449.48 -4.19956e-322 -4.19956e-322 1 1 0
1449.52 -4.19956e-322 -4.19956e-322 1 1 0
1449.6 2.2233e-322 2.2233e-322 1 1 0
1449.76 2.2233e-322 2.2233e-322 1 1 0
1450.08 2.2233e-322 2.2233e-322 1 1 0
1450.72 2.2233e-322 2.2233e-322 1 1 0
1452 2.2233e-322 2.2233e-322 1 1 0
1454.56 2.2233e-322 2.2233e-322 1 1 0
1459.68 2.2233e-322 2.2233e-322 1 1 0
1469.68 2.2233e-322 2.2233e-322 1 1 0
1479.68 2.2233e-322 2.2233e-322 1 1 0
1489.68 2.2233e-322 2.2233e-322 1 1 0
1499.68 2.2233e-322 2.2233e-322 1 1 0
1509.68 2.2233e-322 2.2233e-322 1 1 0
1519.68 2.2233e-322 2.2233e-322 1 1 0
1529.68 2.2233e-322 2.2233e-322 1 1 0
1539.68 2.2233e-322 2.2233e-322 1 1 0
1549.68 2.2233e-322 2.2233e-322 1 1 0
1559.68 2.2233e-322 2.2233e-322 1 1 0
1569.68 2.2233e-322 2.2233e-322 1 1 0
1579.68 2.2233e-322 2.2233e-322 1 1 0
1589.68 2.2233e-322 2.2233e-322 1 1 0
1599.68 2.2233e-322 2.2233e-322 1 1 0
1609.68 2.2233e-322 2.2233e-322 1 1 0
1619.68 2.2233e-322 2.2233e-322 1 1 0
1629.68 2.2233e-322 2.2233e-322 1 1 0
1639.68 2.2233e-322 2.2233e-322 1 1 0
1649.68 2.2233e-322 2.2233e-322 1 1 0
1659.68 2.2233e-322 2.2233e-322 1 1 0
1669.68 2.2233e-322 2.2233e-322 1 1 0
1679.68 2.2233e-322 2.2233e-322 1 1 0
1689.68 2.2233e-322 2.2233e-322 1 1 0
1699.68 2.2233e-322 2.2233e-322 1 1 0
1709.68 2.2233e-322 2.2233e-322 1 1 0
1719.68 2.2233e-322 2.2233e-322 1 1 0
1729.68 2.2233e-322 2.2233e-322 1 1 0
1739.68 2.2233e-322 2.2233e-322 1 1 0
1749.68 2.2233e-322 2.2233e-322 1 1 0
1759.68 2.2233e-322 2.2233e-322 1 1 0
1769.68 2.2233e-322 2.2233e-322 1 1 0
1779.68 2.2233e-322 2.2233e-322 1 1 0
1789.68 2.2233e-322 2.2233e-322 1 1 0
1799.68 2.2233e-322 2.2233e-322 1 1 0
1809.68 2.2233e-322 2.2233e-322 1 1 0
1819.68 2.2233e-322 2.2233e-322 1 1 0
1829.68 2.2233e-322 2.2233e-322 1 1 0
1839.68 2.2233e-322 2.2233e-322 1 1 0
1849.68 2.2233e-322 2.2233e-322 1 1 0
1859.68 2.2233e-322 2.2233e-322 1 1 0
1869.68 2.2233e-322 2.2233e-322 1 1 0
1879.68 2.2233e-322 2.2233e-322 1 1 0
1889.68 2.2233e-322 2.2233e-322 1 1 0
1899.68 2.2233e-322 2.2233e-322 1 1 0
1909.68 2.2233e-322 2.2233e-322 1 1 0
1919.68 2.2233e-322 2.2233e-322 1 1 0
1929.68 2.2233e-322 2.2233e-322 1 1 0
1939.68 2.2233e-322 2.2233e-322 1 1 0
1949.68 2.2233e-322 2.2233e-322 1 1 0
1959.68 2.2233e-322 2.2233e-322 1 1 0
1969.68 2.2233e-322 2.2233e-322 1 1 0
1979.68 2.2233e-322 2.2233e-322 1 1 0
1989.68 2.2233e-322 2.2233e-322 1 1 0
1999.68 2.2233e-322 2.2233e-322 1 1 0
2009.68 2.2233e-322 2.2233e-322 1 1 0
2019.68 2.2233e-322 2.2233e-322 1 1 0
2029.68 2.2233e-322 2.2233e-322 1 1 0
2039.68 2.2233e-322 2.2233e-322 1 1 0
2049.68 2.2233e-322 2.2233e-322 1 1 0
2059.68 2.2233e-322 2.2233e-322 1 1 0
2069.68 2.2233e-322 2.2233e-322 1 1 0
2079.68 2.2233e-322 2.2233e-322 1 1 0
2089.68 2.2233e-322 2.2233e-322 1 1 0
2099.68 2.2233e-322 2.2233e-322 1 1 0
2109.68 2.2233e-322 2.2233e-322 1 1 0
2119.68 2.2233e-322 2.2233e-322 1 1 0
2129.68 2.2233e-322 2.2233e-322 1 1 0
2139.68 2.2233e-322 2.2233e-322 1 1 0
2149.68 2.2233e-322 2.2233e-322 1 1 0
2159.68 2.2233e-322 2.2233e-322 1 1 0
2169.68 2.2233e-322 2.2233e-322 1 1 0
2179.68 2.2233e-322 2.2233e-322 1 1 0
2189.68 2.2233e-322 2.2233e-322 1 1 0
2199.68 2.2233e-322 2.2233e-322 1 1 0
2209.68 2.2233e-322 2.2233e-322 1 1 0
2219.68 2.2233e-322 2.2233e-322 1 1 0
2229.68 2.2233e-322 2.2233e-322 1 1 0
2239.68 2.2233e-322 2.2233e-322 1 1 0
2249.68 2.2233e-322 2.2233e-322 1 1 0
2259.68 2.2233e-322 2.2233e-322 1 1 0
2269.68 2.2233e-322 2.2233e-322 1 1 0
2279.68 2.2233e-322 2.2233e-322 1 1 0
2289.68 2.2233e-322 2.2233e-322 1 1 0
2299.68 2.2233e-322 2.2233e-322 1 1 0
2309.68 2.2233e-322 2.2233e-322 1 1 0
2319.68 2.2233e-322 2.2233e-322 1 1 0
2329.68 2.2233e-322 2.2233e-322 1 1 0
2339.68 2.2233e-322 2.2233e-322 1 1 0
2349.68 2.2233e-322 2.2233e-322 1 1 0
2359.68 2.2233e-322 2.2233e-322 1 1 0
2369.68 2.2233e-322 2.2233e-322 1 1 0
2379.68 2.2233e-322 2.2233e-322 1 1 0
2389.68 2.2233e-322 2.2233e-322 1 1 0
2399.68 2.2233e-322 2.2233e-322 1 1 0
2409.68 2.2233e-322 2.2233e-322 1 1 0
2419.68 2.2233e-322 2.2233e-322 1 1 0
2429.68 2.2233e-322 2.2233e-322 1 1 0
2439.68 2.2233e-322 2.2233e-322 1 1 0
2449.68 2.2233e-322 2.2233e-322 1 1 0
2459.68 2.2233e-322 2.2233e-322 1 1 0
2469.68 2.2233e-322 2.2233e-322 1 1 0
2479.68 2.2233e-322 2.2233e-322 1 1 0
2489.68 2.2233e-322 2.2233e-322 1 1 0
2499.68 2.2233e-322 2.2233e-322 1 1 0
2509.68 2.2233e-322 2.2233e-322 1 1 0
2519.68 2.2233e-322 2.2233e-322 1 1 0
2529.68 2.2233e-322 2.2233e-322 1 1 0
2539.68 2.2233e-322 2.2233e-322 1 1 0
2549.68 2.2233e-322 2.2233e-322 1 1 0
2559.68 2.2233e-322 2.2233e-322 1 1 0
2569.68 2.2233e-322 2.2233e-322 1 1 0
2579.68 2.2233e-322 2.2233e-322 1 1 0
2589.68 2.2233e-322 2.2233e-322 1 1 0
2599.68 2.2233e-322 2.2233e-322 1 1 0
2609.68 2.2233e-322 2.2233e-322 1 1 0
2619.68 2.2233e-322 2.2233e-322 1 1 0
2629.68 2.2233e-322 2.2233e-322 1 1 0
2639.68 2.2233e-322 2.2233e-322 1 1 0
2649.68 2.2233e-322 2.2233e-322 1 1 0
2659.68 2.2233e-322 2.2233e-322 1 1 0
2669.68 2.2233e-322 2.2233e-322 1 1 0
2679.68 2.2233e-322 2.2233e-322 1 1 0
2689.68 2.2233e-322 2.2233e-322 1 1 0
2699.68 2.2233e-322 2.2233e-322 1 1 0
2709.68 2.2233e-322 2.2233e-322 1 1 0
2719.68 2.2233e-322 2.2233e-322 1 1 0
2729.68 2.2233e-322 2.2233e-322 1 1 0
2739.68 2.2233e-322 2.2233e-322 1 1 0
2749.68 2.2233e-322 2.2233e-322 1 1 0
2759.68 2.2233e-322 2.2233e-322 1 1 0
2769.68 2.2233e-322 2.2233e-322 1 1 0
2779.68 2.2233e-322 2.2233e-322 1 1 0
2789.68 2.2233e-322 2.2233e-322 1 1 0
2799.68 2.2233e-322 2.2233e-322 1 1 0
2809.68 2.2233e-322 2.2233e-322 1 1 0
2819.68 2.2233e-322 2.2233e-322 1 1 0
2829.68 2.2233e-322 2.2233e-322 1 1 0
2839.68 2.2233e-322 2.2233e-322 1 1 0
2849.68 2.2233e-322 2.2233e-322 1 1 0
2859.68 2.2233e-322 2.2233e-322 1 1 0
2869.68 2.2233e-322 2.2233e-322 1 1 0
2879.68 2.2233e-322 2.2233e-322 1 1 0
2889.68 2.2233e-322 2.2233e-322 1 1 0
2899.68 2.2233e-322 2.2233e-322 1 1 0
2909.68 2.2233e-322 2.2233e-322 1 1 0
2919.68 2.2233e-322 2.2233e-322 1 1 0
2929.68 2.2233e-322 2.2233e-322 1 1 0
2939.68 2.2233e-322 2.2233e-322 1 1 0
2949.68 2.2233e-322 2.2233e-322 1 1 0
2959.68 2.2233e-322 2.2233e-322 1 1 0
2969.68 2.2233e-322 2.2233e-322 1 1 0
2979.68 2.2233e-322 2.2233e-322 1 1 0
2989.68 2.2233e-322 2.2233e-322 1 1 0
2999.68 2.2233e-322 2.2233e-322 1 1 0
3009.68 2.2233e-322 2.2233e-322 1 1 0
3019.68 2.2233e-322 2.2233e-322 1 1 0
3029.68 2.2233e-322 2.2233e-322 1 1 0
3039.68 2.2233e-322 2.2233e-322 1 1 0
3049.68 2.2233e-322 2.2233e-322 1 1 0
3059.68 2.2233e-322 2.2233e-322 1 1 0
3069.68 2.2233e-322 2.2233e-322 1 1 0
3079.68 2.2233e-322 2.2233e-322 1 1 0
3089.68 2.2233e-322 2.2233e-322 1 1 0
3099.68 2.2233e-322 2.2233e-322 1 1 0
3109.68 2.2233e-322 2.2233e-322 1 1 0
3119.68 2.2233e-322 2.2233e-322 1 1 0
3129.68 2.2233e-322 2.2233e-322 1 1 0
3139.68 2.2233e-322 2.2233e-322 1 1 0
3149.68 2.2233e-322 2.2233e-322 1 1 0
3159.68 2.2233e-322 2.2233e-322 1 1 0
3169.68 2.2233e-322 2.2233e-322 1 1 0
3179.68 2.2233e-322 2.2233e-322 1 1 0
3189.68 2.2233e-322 2.2233e-322 1 1 0
3199.68 2.2233e-322 2.2233e-322 1 1 0
3209.68 2.2233e-322 2.2233e-322 1 1 0
3219.68 2.2233e-322 2.2233e-322 1 1 0
3229.68 2.2233e-322 2.2233e-322 1 1 0
3239.68 2.2233e-322 2.2233e-322 1 1 0
3249.68 2.2233e-322 2.2233e-322 1 1 0
3259.68 2.2233e-322 2.2233e-322 1 1 0
3269.68 2.2233e-322 2.2233e-322 1 1 0
3279.68 2.2233e-322 2.2233e-322 1 1 0
3289.68 2.2233e-322 2.2233e-322 1 1 0
3299.68 2.2233e-322 2.2233e-322 1 1 0
3309.68 2.2233e-322 2.2233e-322 1 1 0
3319.68 2.2233e-322 2.2233e-322 1 1 0
3329.68 2.2233e-322 2.2233e-322 1 1 0
3339.68 2.2233e-322 2.2233e-322 1 1 0
3349.68 2.2233e-322 2.2233e-322 1 1 0
3359.68 2.2233e-322 2.2233e-322 1 1 0
3369.68 2.2233e-322 2.2233e-322 1 1 0
3379.68 2.2233e-322 2.2233e-322 1 1 0
3389.68 2.2233e-322 2.2233e-322 1 1 0
3399.68 2.2233e-322 2.2233e-322 1 1 0
3409.68 2.2233e-322 2.2233e-322 1 1 0
3419.68 2.2233e-322 2.2233e-322 1 1 0
3429.68 2.2233e-322 2.2233e-322 1 1 0
3439.68 2.2233e-322 2.2233e-322 1 1 0
3449.68 2.2233e-322 2.2233e-322 1 1 0
3459.68 2.2233e-322 2.2233e-322 1 1 0
3469.68 2.2233e-322 2.2233e-322 1 1 0
3479.68 2.2233e-322 2.2233e-322 1 1 0
3489.68 2.2233e-322 2.2233e-322 1 1 0
3499.68 2.2233e-322 2.2233e-322 1 1 0
3509.68 2.2233e-322 2.2233e-322 1 1 0
3519.68 2.2233e-322 2.2233e-322 1 1 0
3529.68 2.2233e-322 2.2233e-322 1 1 0
3539.68 2.2233e-322 2.2233e-322 1 1 0
3549.68 2.2233e-322 2.2233e-322 1 1 0
3559.68 2.2233e-322 2.2233e-322 1 1 0
3569.68 2.2233e-322 2.2233e-322 1 1 0
3579.68 2.2233e-322 2.2233e-322 1 1 0
3589.68 2.2233e-322 2.2233e-322 1 1 0
3599.68 2.2233e-322 2.2233e-322 1 1 0
3609.68 2.2233e-322 2.2233e-322 1 1 0
3619.68 2.2233e-322 2.2233e-322 1 1 0
3629.68 2.2233e-322 2.2233e-322 1 1 0
3639.68 2.2233e-322 2.2233e-322 1 1 0
3649.68 2.2233e-322 2.2233e-322 1 1 0
3659.68 2.2233e-322 2.2233e-322 1 1 0
3669.68 2.2233e-322 2.2233e-322 1 1 0
3679.68 2.2233e-322 2.2233e-322 1 1 0
3689.68 2.2233e-322 2.2233e-322 1 1 0
3699.68 2.2233e-322 2.2233e-322 1 1 0
3709.68 2.2233e-322 2.2233e-322 1 1 0
3719.68 2.2233e-322 2.2233e-322 1 1 0
3729.68 2.2233e-322 2.2233e-322 1 1 0
3739.68 2.2233e-322 2.2233e-322 1 1 0
3749.68 2.2233e-322 2.2233e-322 1 1 0
3759.68 2.2233e-322 2.2233e-322 1 1 0
3769.68 2.2233e-322 2.2233e-322 1 1 0
3779.68 2.2233e-322 2.2233e-322 1 1 0
3789.68 2.2233e-322 2.2233e-322 1 1 0
3799.68 2.2233e-322 2.2233e-322 1 1 0
3809.68 2.2233e-322 2.2233e-322 1 1 0
3819.68 2.2233e-322 2.2233e-322 1 1 0
3829.68 2.2233e-322 2.2233e-322 1 1 0
3839.68 2.2233e-322 2.2233e-322 1 1 0
3849.68 2.2233e-322 2.2233e-322 1 1 0
3859.68 2.2233e-322 2.2233e-322 1 1 0
3869.68 2.2233e-322 2.2233e-322 1 1 0
3879.68 2.2233e-322 2.2233e-322 1 1 0
3889.68 2.2233e-322 2.2233e-322 1 1 0
3899.68 2.2233e-322 2.2233e-322 1 1 0
3909.68 2.2233e-322 2.2233e-322 1 1 0
3919.68 2.2233e-322 2.2233e-322 1 1 0
3929.68 2.2233e-322 2.2233e-322 1 1 0
3939.68 2.2233e-322 2.2233e-322 1 1 0
3949.68 2.2233e-322 2.2233e-322 1 1 0
3959.68 2.2233e-322 2.2233e-322 1 1 0
3969.68 2.2233e-322 2.2233e-322 1 1 0
3979.68 2.2233e-322 2.2233e-322 1 1 0
3989.68 2.2233e-322 2.2233e-322 1 1 0
3999.68 2.2233e-322 2.2233e-322 1 1 0
4009.68 2.2233e-322 2.2233e-322 1 1 0
4019.68 2.2233e-322 2.2233e-322 1 1 0
4029.68 2.2233e-322 2.2233e-322 1 1 0
4039.68 2.2233e-322 2.2233e-322 1 1 0
4049.68 2.2233e-322 2.2233e-322 1 1 0
4059.68 2.2233e-322 2.2233e-322 1 1 0
4069.68 2.2233e-322 2.2233e-322 1 1 0
4079.68 2.2233e-322 2.2233e-322 1 1 0
4089.68 2.2233e-322 2.2233e-322 1 1 0
4099.68 2.2233e-322 2.2233e-322 1 1 0
4109.68 2.2233e-322 2.2233e-322 1 1 0
4119.68 2.2233e-322 2.2233e-322 1 1 0
4129.68 2.2233e-322 2.2233e-322 1 1 0
4139.68 2.2233e-322 2.2233e-322 1 1 0
4149.68 2.2233e-322 2.2233e-322 1 1 0
4159.68 2.2233e-322 2.2233e-322 1 1 0
4169.68 2.2233e-322 2.2233e-322 1 1 0
4179.68 2.2233e-322 2.2233e-322 1 1 0
4189.68 2.2233e-322 2.2233e-322 1 1 0
4199.68 2.2233e-322 2.2233e-322 1 1 0
4209.68 2.2233e-322 2.2233e-322 1 1 0
4219.68 2.2233e-322 2.2233e-322 1 1 0
4229.68 2.2233e-322 2.2233e-322 1 1 0
4239.68 2.2233e-322 2.2233e-322 1 1 0
4249.68 2.2233e-322 2.2233e-322 1 1 0
4259.68 2.2233e-322 2.2233e-322 1 1 0
4269.68 2.2233e-322 2.2233e-322 1 1 0
4279.68 2.2233e-322 2.2233e-322 1 1 0
4289.68 2.2233e-322 2.2233e-322 1 1 0
4299.68 2.2233e-322 2.2233e-322 1 1 0
4309.68 2.2233e-322 2.2233e-322 1 1 0
4319.68 2.2233e-322 2.2233e-322 1 1 0
4329.68 2.2233e-322 2.2233e-322 1 1 0
4339.68 2.2233e-322 2.2233e-322 1 1 0
4349.68 2.2233e-322 2.2233e-322 1 1 0
4359.68 2.2233e-322 2.2233e-322 1 1 0
4369.68 2.2233e-322 2.2233e-322 1 1 0
4379.68 2.2233e-322 2.2233e-322 1 1 0
4389.68 2.2233e-322 2.2233e-322 1 1 0
4399.68 2.2233e-322 2.2233e-322 1 1 0
4409.68 2.2233e-322 2.2233e-322 1 1 0
4419.68 2.2233e-322 2.2233e-322 1 1 0
4429.68 2.2233e-322 2.2233e-322 1 1 0
4439.68 2.2233e-322 2.2233e-322 1 1 0
4449.68 2.2233e-322 2.2233e-322 1 1 0
4459.68 2.2233e-322 2.2233e-322 1 1 0
4469.68 2.2233e-322 2.2233e-322 1 1 0
4479.68 2.2233e-322 2.2233e-322 1 1 0
4489.68 2.2233e-322 2.2233e-322 1 1 0
4499.68 2.2233e-322 2.2233e-322 1 1 0
4509.68 2.2233e-322 2.2233e-322 1 1 0
4519.68 2.2233e-322 2.2233e-322 1 1 0
4529.68 2.2233e-322 2.2233e-322 1 1 0
4539.68 2.2233e-322 2.2233e-322 1 1 0
4549.68 2.2233e-322 2.2233e-322 1 1 0
4559.68 2.2233e-322 2.2233e-322 1 1 0
4569.68 2.2233e-322 2.2233e-322 1 1 0
4579.68 2.2233e-322 2.2233e-322 1 1 0
4589.68 2.2233e-322 2.2233e-322 1 1 0
4599.68 2.2233e-322 2.2233e-322 1 1 0
4609.68 2.2233e-322 2.2233e-322 1 1 0
4619.68 2.2233e-322 2.2233e-322 1 1 0
4629.68 2.2233e-322 2.2233e-322 1 1 0
4639.68 2.2233e-322 2.2233e-322 1 1 0
4649.68 2.2233e-322 2.2233e-322 1 1 0
4659.68 2.2233e-322 2.2233e-322 1 1 0
4669.68 2.2233e-322 2.2233e-322 1 1 0
4679.68 2.2233e-322 2.2233e-322 1 1 0
4689.68 2.2233e-322 2.2233e-322 1 1 0
4699.68 2.2233e-322 2.2233e-322 1 1 0
4709.68 2.2233e-322 2.2233e-322 1 1 0
4719.68 2.2233e-322 2.2233e-322 1 1 0
4729.68 2.2233e-322 2.2233e-322 1 1 0
4739.68 2.2233e-322 2.2233e-322 1 1 0
4749.68 2.2233e-322 2.2233e-322 1 1 0
4759.68 2.2233e-322 2.2233e-322 1 1 0
4769.68 2.2233e-322 2.2233e-322 1 1 0
4779.68 2.2233e-322 2.2233e-322 1 1 0
4789.68 2.2233e-322 2.2233e-322 1 1 0
4799.68 2.2233e-322 2.2233e-322 1 1 0
4809.68 2.2233e-322 2.2233e-322 1 1 0
4819.68 2.2233e-322 2.2233e-322 1 1 0
4829.68 2.2233e-322 2.2233e-322 1 1 0
4839.68 2.2233e-322 2.2233e-322 1 1 0
4849.68 2.2233e-322 2.2233e-322 1 1 0
4859.68 2.2233e-322 2.2233e-322 1 1 0
4869.68 2.2233e-322 2.2233e-322 1 1 0
4879.68 2.2233e-322 2.2233e-322 1 1 0
4889.68 2.2233e-322 2.2233e-322 1 1 0
4899.68 2.2233e-322 2.2233e-322 1 1 0
4909.68 2.2233e-322 2.2233e-322 1 1 0
4919.68 2.2233e-322 2.2233e-322 1 1 0
4929.68 2.2233e-322 2.2233e-322 1 1 0
4939.68 2.2233e-322 2.2233e-322 1 1 0
4949.68 2.2233e-322 2.2233e-322 1 1 0
4959.68 2.2233e-322 2.2233e-322 1 1 0
4969.68 2.2233e-322 2.2233e-322 1 1 0
4979.68 2.2233e-322 2.2233e-322 1 1 0
4989.68 2.2233e-322 2.2233e-322 1 1 0
4999.68 2.2233e-322 2.2233e-322 1 1 0
5009.68 2.2233e-322 2.2233e-322 1 1 0
5019.68 2.2233e-322 2.2233e-322 1 1 0
5029.68 2.2233e-322 2.2233e-322 1 1 0
5039.68 2.2233e-322 2.2233e-322 1 1 0
5049.68 2.2233e-322 2.2233e-322 1 1 0
5059.68 2.2233e-322 2.2233e-322 1 1 0
5069.68 2.2233e-322 2.2233e-322 1 1 0
5079.68 2.2233e-322 2.2233e-322 1 1 0
5089.68 2.2233e-322 2.2233e-322 1 1 0
5099.68 2.2233e-322 2.2233e-322 1 1 0
5109.68 2.2233e-322 2.2233e-322 1 1 0
5119.68 2.2233e-322 2.2233e-322 1 1 0
5129.68 2.2233e-322 2.2233e-322 1 1 0
5139.68 2.2233e-322 2.2233e-322 1 1 0
5149.68 2.2233e-322 2.2233e-322 1 1 0
5159.68 2.2233e-322 2.2233e-322 1 1 0
5169.68 2.2233e-322 2.2233e-322 1 1 0
5179.68 2.2233e-322 2.2233e-322 1 1 0
5189.68 2.2233e-322 2.2233e-322 1 1 0
5199.68 2.2233e-322 2.2233e-322 1 1 0
5209.68 2.2233e-322 2.2233e-322 1 1 0
5219.68 2.2233e-322 2.2233e-322 1 1 0
5229.68 2.2233e-322 2.2233e-322 1 1 0
5239.68 2.2233e-322 2.2233e-322 1 1 0
5249.68 2.2233e-322 2.2233e-322 1 1 0
5259.68 2.2233e-322 2.2233e-322 1 1 0
5269.68 2.2233e-322 2.2233e-322 1 1 0
5279.68 2.2233e-322 2.2233e-322 1 1 0
5289.68 2.2233e-322 2.2233e-322 1 1 0
5299.68 2.2233e-322 2.2233e-322 1 1 0
5309.68 2.2233e-322 2.2233e-322 1 1 0
5319.68 2.2233e-322 2.2233e-322 1 1 0
5329.68 2.2233e-322 2.2233e-322 1 1 0
5339.68 2.2233e-322 2.2233e-322 1 1 0
5349.68 2.2233e-322 2.2233e-322 1 1 0
5359.68 2.2233e-322 2.2233e-322 1 1 0
5369.68 2.2233e-322 2.2233e-322 1 1 0
5379.68 2.2233e-322 2.2233e-322 1 1 0
5389.68 2.2233e-322 2.2233e-322 1 1 0
5399.68 2.2233e-322 2.2233e-322 1 1 0
5409.68 2.2233e-322 2.2233e-322 1 1 0
5419.68 2.2233e-322 2.2233e-322 1 1 0
5429.68 2.2233e-322 2.2233e-322 1 1 0
5439.68 2.2233e-322 2.2233e-322 1 1 0
5449.68 2.2233e-322 2.2233e-322 1 1 0
5459.68 2.2233e-322 2.2233e-322 1 1 0
5469.68 2.2233e-322 2.2233e-322 1 1 0
5479.68 2.2233e-322 2.2233e-322 1 1 0
5489.68 2.2233e-322 2.2233e-322 1 1 0
5499.68 2.2233e-322 2.2233e-322 1 1 0
5509.68 2.2233e-322 2.2233e-322 1 1 0
5519.68 2.2233e-322 2.2233e-322 1 1 0
5529.68 2.2233e-322 2.2233e-322 1 1 0
5539.68 2.2233e-322 2.2233e-322 1 1 0
5549.68 2.2233e-322 2.2233e-322 1 1 0
5559.68 2.2233e-322 2.2233e-322 1 1 0
5569.68 2.2233e-322 2.2233e-322 1 1 0
5579.68 2.2233e-322 2.2233e-322 1 1 0
5589.68 2.2233e-322 2.2233e-322 1 1 0
5599.68 2.2233e-322 2.2233e-322 1 1 0
5609.68 2.2233e-322 2.2233e-322 1 1 0
5619.68 2.2233e-322 2.2233e-322 1 1 0
5629.68 2.2233e-322 2.2233e-322 1 1 0
5639.68 2.2233e-322 2.2233e-322 1 1 0
5649.68 2.2233e-322 2.2233e-322 1 1 0
5659.68 2.2233e-322 2.2233e-322 1 1 0
5669.68 2.2233e-322 2.2233e-322 1 1 0
5679.68 2.2233e-322 2.2233e-322 1 1 0
5689.68 2.2233e-322 2.2233e-322 1 1 0
5699.68 2.2233e-322 2.2233e-322 1 1 0
5709.68 2.2233e-322 2.2233e-322 1 1 0
5719.68 2.2233e-322 2.2233e-322 1 1 0
5729.68 2.2233e-322 2.2233e-322 1 1 0
5739.68 2.2233e-322 2.2233e-322 1 1 0
5749.68 2.2233e-322 2.2233e-322 1 1 0
5759.68 2.2233e-322 2.2233e-322 1 1 0
5769.68 2.2233e-322 2.2233e-322 1 1 0
5779.68 2.2233e-322 2.2233e-322 1 1 0
5789.68 2.2233e-322 2.2233e-322 1 1 0
5799.68 2.2233e-322 2.2233e-322 1 1 0
5809.68 2.2233e-322 2.2233e-322 1 1 0
5819.68 2.2233e-322 2.2233e-322 1 1 0
5829.68 2.2233e-322 2.2233e-322 1 1 0
5839.68 2.2233e-322 2.2233e-322 1 1 0
5849.68 2.2233e-322 2.2233e-322 1 1 0
5859.68 2.2233e-322 2.2233e-322 1 1 0
5869.68 2.2233e-322 2.2233e-322 1 1 0
5879.68 2.2233e-322 2.2233e-322 1 1 0
5889.68 2.2233e-322 2.2233e-322 1 1 0
5899.68 2.2233e-322 2.2233e-322 1 1 0
5909.68 2.2233e-322 2.2233e-322 1 1 0
5919.68 2.2233e-322 2.2233e-322 1 1 0
5929.68 2.2233e-322 2.2233e-322 1 1 0
5939.68 2.2233e-322 2.2233e-322 1 1 0
5949.68 2.2233e-322 2.2233e-322 1 1 0
5959.68 2.2233e-322 2.2233e-322 1 1 0
5969.68 2.2233e-322 2.2233e-322 1 1 0
5979.68 2.2233e-322 2.2233e-322 1 1 0
5989.68 2.2233e-322 2.2233e-322 1 1 0
5999.68 2.2233e-322 2.2233e-322 1 1 0
6009.68 2.2233e-322 2.2233e-322 1 1 0
6019.68 2.2233e-322 2.2233e-322 1 1 0
6029.68 2.2233e-322 2.2233e-322 1 1 0
6039.68 2.2233e-322 2.2233e-322 1 1 0
6049.68 2.2233e-322 2.2233e-322 1 1 0
6059.68 2.2233e-322 2.2233e-322 1 1 0
6069.68 2.2233e-322 2.2233e-322 1 1 0
6079.68 2.2233e-322 2.2233e-322 1 1 0
6089.68 2.2233e-322 2.2233e-322 1 1 0
6099.68 2.2233e-322 2.2233e-322 1 1 0
6109.68 2.2233e-322 2.2233e-322 1 1 0
6119.68 2.2233e-322 2.2233e-322 1 1 0
6129.68 2.2233e-322 2.2233e-322 1 1 0
6139.68 2.2233e-322 2.2233e-322 1 1 0
6149.68 2.2233e-322 2.2233e-322 1 1 0
6159.68 2.2233e-322 2.2233e-322 1 1 0
6169.68 2.2233e-322 2.2233e-322 1 1 0
6179.68 2.2233e-322 2.2233e-322 1 1 0
6189.68 2.2233e-322 2.2233e-322 1 1 0
6199.68 2.2233e-322 2.2233e-322 1 1 0
6209.68 2.2233e-322 2.2233e-322 1 1 0
6219.68 2.2233e-322 2.2233e-322 1 1 0
6229.68 2.2233e-322 2.2233e-322 1 1 0
6239.68 2.2233e-322 2.2233e-322 1 1 0
6249.68 2.2233e-322 2.2233e-322 1 1 0
6259.68 2.2233e-322 2.2233e-322 1 1 0
6269.68 2.2233e-322 2.2233e-322 1 1 0
6279.68 2.2233e-322 2.2233e-322 1 1 0
6289.68 2.2233e-322 2.2233e-322 1 1 0
6299.68 2.2233e-322 2.2233e-322 1 1 0
6309.68 2.2233e-322 2.2233e-322 1 1 0
6319.68 2.2233e-322 2.2233e-322 1 1 0
6329.68 2.2233e-322 2.2233e-322 1 1 0
6339.68 2.2233e-322 2.2233e-322 1 1 0
6349.68 2.2233e-322 2.2233e-322 1 1 0
6359.68 2.2233e-322 2.2233e-322 1 1 0
6369.68 2.2233e-322 2.2233e-322 1 1 0
6379.68 2.2233e-322 2.2233e-322 1 1 0
6389.68 2.2233e-322 2.2233e-322 1 1 0
6399.68 2.2233e-322 2.2233e-322 1 1 0
6409.68 2.2233e-322 2.2233e-322 1 1 0
6419.68 2.2233e-322 2.2233e-322 1 1 0
6429.68 2.2233e-322 2.2233e-322 1 1 0
6439.68 2.2233e-322 2.2233e-322 1 1 0
6449.68 2.2233e-322 2.2233e-322 1 1 0
6459.68 2.2233e-322 2.2233e-322 1 1 0
6469.68 2.2233e-322 2.2233e-322 1 1 0
6479.68 2.2233e-322 2.2233e-322 1 1 0
6489.68 2.2233e-322 2.2233e-322 1 1 0
6499.68 2.2233e-322 2.2233e-322 1 1 0
6509.68 2.2233e-322 2.2233e-322 1 1 0
6519.68 2.2233e-322 2.2233e-322 1 1 0
6529.68 2.2233e-322 2.2233e-322 1 1 0
6539.68 2.2233e-322 2.2233e-322 1 1 0
6549.68 2.2233e-322 2.2233e-322 1 1 0
6559.68 2.2233e-322 2.2233e-322 1 1 0
6569.68 2.2233e-322 2.2233e-322 1 1 0
6579.68 2.2233e-322 2.2233e-322 1 1 0
6589.68 2.2233e-322 2.2233e-322 1 1 0
6599.68 2.2233e-322 2.2233e-322 1 1 0
6609.68 2.2233e-322 2.2233e-322 1 1 0
6619.68 2.2233e-322 2.2233e-322 1 1 0
6629.68 2.2233e-322 2.2233e-322 1 1 0
6639.68 2.2233e-322 2.2233e-322 1 1 0
6649.68 2.2233e-322 2.2233e-322 1 1 0
6659.68 2.2233e-322 2.2233e-322 1 1 0
6669.68 2.2233e-322 2.2233e-322 1 1 0
6679.68 2.2233e-322 2.2233e-322 1 1 0
6689.68 2.2233e-322 2.2233e-322 1 1 0
6699.68 2.2233e-322 2.2233e-322 1 1 0
6709.68 2.2233e-322 2.2233e-322 1 1 0
6719.68 2.2233e-322 2.2233e-322 1 1 0
6729.68 2.2233e-322 2.2233e-322 1 1 0
6739.68 2.2233e-322 2.2233e-322 1 1 0
6749.68 2.2233e-322 2.2233e-322 1 1 0
6759.68 2.2233e-322 2.2233e-322 1 1 0
6769.68 2.2233e-322 2.2233e-322 1 1 0
6779.68 2.2233e-322 2.2233e-322 1 1 0
6789.68 2.2233e-322 2.2233e-322 1 1 0
6799.68 2.2233e-322 2.2233e-322 1 1 0
6809.68 2.2233e-322 2.2233e-322 1 1 0
6819.68 2.2233e-322 2.2233e-322 1 1 0
6829.68 2.2233e-322 2.2233e-322 1 1 0
6839.68 2.2233e-322 2.2233e-322 1 1 0
6849.68 2.2233e-322 2.2233e-322 1 1 0
6859.68 2.2233e-322 2.2233e-322 1 1 0
6869.68 2.2233e-322 2.2233e-322 1 1 0
6879.68 2.2233e-322 2.2233e-322 1 1 0
6889.68 2.2233e-322 2.2233e-322 1 1 0
6899.68 2.2233e-322 2.2233e-322 1 1 0
6909.68 2.2233e-322 2.2233e-322 1 1 0
6919.68 2.2233e-322 2.2233e-322 1 1 0
6929.68 2.2233e-322 2.2233e-322 1 1 0
6939.68 2.2233e-322 2.2233e-322 1 1 0
6949.68 2.2233e-322 2.2233e-322 1 1 0
6959.68 2.2233e-322 2.2233e-322 1 1 0
6969.68 2.2233e-322 2.2233e-322 1 1 0
6979.68 2.2233e-322 2.2233e-322 1 1 0
6989.68 2.2233e-322 2.2233e-322 1 1 0
6999.68 2.2233e-322 2.2233e-322 1 1 0
7009.68 2.2233e-322 2.2233e-322 1 1 0
7019.68 2.2233e-322 2.2233e-322 1 1 0
7029.68 2.2233e-322 2.2233e-322 1 1 0
7039.68 2.2233e-322 2.2233e-322 1 1 0
7049.68 2.2233e-322 2.2233e-322 1 1 0
7059.68 2.2233e-322 2.2233e-322 1 1 0
7069.68 2.2233e-322 2.2233e-322 1 1 0
7079.68 2.2233e-322 2.2233e-322 1 1 0
7089.68 2.2233e-322 2.2233e-322 1 1 0
7099.68 2.2233e-322 2.2233e-322 1 1 0
7109.68 2.2233e-322 2.2233e-322 1 1 0
7119.68 2.2233e-322 2.2233e-322 1 1 0
7129.68 2.2233e-322 2.2233e-322 1 1 0
7139.68 2.2233e-322 2.2233e-322 1 1 0
7149.68 2.2233e-322 2.2233e-322 1 1 0
7159.68 2.2233e-322 2.2233e-322 1 1 0
7169.68 2.2233e-322 2.2233e-322 1 1 0
7179.68 2.2233e-322 2.2233e-322 1 1 0
7189.68 2.2233e-322 2.2233e-322 1 1 0
7199.68 2.2233e-322 2.2233e-322 1 1 0
7209.68 2.2233e-322 2.2233e-322 1 1 0
7219.68 2.2233e-322 2.2233e-322 1 1 0
7229.68 2.2233e-322 2.2233e-322 1 1 0
7239.68 2.2233e-322 2.2233e-322 1 1 0
7249.68 2.2233e-322 2.2233e-322 1 1 0
7259.68 2.2233e-322 2.2233e-322 1 1 0
7269.68 2.2233e-322 2.2233e-322 1 1 0
7279.68 2.2233e-322 2.2233e-322 1 1 0
7289.68 2.2233e-322 2.2233e-322 1 1 0
7299.68 2.2233e-322 2.2233e-322 1 1 0
7309.68 2.2233e-322 2.2233e-322 1 1 0
7319.68 2.2233e-322 2.2233e-322 1 1 0
7329.68 2.2233e-322 2.2233e-322 1 1 0
7339.68 2.2233e-322 2.2233e-322 1 1 0
7349.68 2.2233e-322 2.2233e-322 1 1 0
7359.68 2.2233e-322 2.2233e-322 1 1 0
7369.68 2.2233e-322 2.2233e-322 1 1 0
7379.68 2.2233e-322 2.2233e-322 1 1 0
7389.68 2.2233e-322 2.2233e-322 1 1 0
7399.68 2.2233e-322 2.2233e-322 1 1 0
7409.68 2.2233e-322 2.2233e-322 1 1 0
7419.68 2.2233e-322 2.2233e-322 1 1 0
7429.68 2.2233e-322 2.2233e-322 1 1 0
7439.68 2.2233e-322 2.2233e-322 1 1 0
7449.68 2.2233e-322 2.2233e-322 1 1 0
7459.68 2.2233e-322 2.2233e-322 1 1 0
7469.68 2.2233e-322 2.2233e-322 1 1 0
7479.68 2.2233e-322 2.2233e-322 1 1 0
7489.68 2.2233e-322 2.2233e-322 1 1 0
7499.68 2.2233e-322 2.2233e-322 1 1 0
7509.68 2.2233e-322 2.2233e-322 1 1 0
7519.68 2.2233e-322 2.2233e-322 1 1 0
7529.68 2.2233e-322 2.2233e-322 1 1 0
7539.68 2.2233e-322 2.2233e-322 1 1 0
7549.68 2.2233e-322 2.2233e-322 1 1 0
7559.68 2.2233e-322 2.2233e-322 1 1 0
7569.68 2.2233e-322 2.2233e-322 1 1 0
7579.68 2.2233e-322 2.2233e-322 1 1 0
7589.68 2.2233e-322 2.2233e-322 1 1 0
7599.68 2.2233e-322 2.2233e-322 1 1 0
7609.68 2.2233e-322 2.2233e-322 1 1 0
7619.68 2.2233e-322 2.2233e-322 1 1 0
7629.68 2.2233e-322 2.2233e-322 1 1 0
7639.68 2.2233e-322 2.2233e-322 1 1 0
7649.68 2.2233e-322 2.2233e-322 1 1 0
7659.68 2.2233e-322 2.2233e-322 1 1 0
7669.68 2.2233e-322 2.2233e-322 1 1 0
7679.68 2.2233e-322 2.2233e-322 1 1 0
7689.68 2.2233e-322 2.2233e-322 1 1 0
7699.68 2.2233e-322 2.2233e-322 1 1 0
7709.68 2.2233e-322 2.2233e-322 1 1 0
7719.68 2.2233e-322 2.2233e-322 1 1 0
7729.68 2.2233e-322 2.2233e-322 1 1 0
7739.68 2.2233e-322 2.2233e-322 1 1 0
7749.68 2.2233e-322 2.2233e-322 1 1 0
7759.68 2.2233e-322 2.2233e-322 1 1 0
7769.68 2.2233e-322 2.2233e-322 1 1 0
7779.68 2.2233e-322 2.2233e-322 1 1 0
7789.68 2.2233e-322 2.2233e-322 1 1 0
7799.68 2.2233e-322 2.2233e-322 1 1 0
7809.68 2.2233e-322 2.2233e-322 1 1 0
7819.68 2.2233e-322 2.2233e-322 1 1 0
7829.68 2.2233e-322 2.2233e-322 1 1 0
7839.68 2.2233e-322 2.2233e-322 1 1 0
7849.68 2.2233e-322 2.2233e-322 1 1 0
7859.68 2.2233e-322 2.2233e-322 1 1 0
7869.68 2.2233e-322 2.2233e-322 1 1 0
7879.68 2.2233e-322 2.2233e-322 1 1 0
7889.68 2.2233e-322 2.2233e-322 1 1 0
7899.68 2.2233e-322 2.2233e-322 1 1 0
7909.68 2.2233e-322 2.2233e-322 1 1 0
7919.68 2.2233e-322 2.2233e-322 1 1 0
7929.68 2.2233e-322 2.2233e-322 1 1 0
7939.68 2.2233e-322 2.2233e-322 1 1 0
7949.68 2.2233e-322 2.2233e-322 1 1 0
7959.68 2.2233e-322 2.2233e-322 1 1 0
7969.68 2.2233e-322 2.2233e-322 1 1 0
7979.68 2.2233e-322 2.2233e-322 1 1 0
7989.68 2.2233e-322 2.2233e-322 1 1 0
7999.68 2.2233e-322 2.2233e-322 1 1 0
8009.68 2.2233e-322 2.2233e-322 1 1 0
8019.68 2.2233e-322 2.2233e-322 1 1 0
8029.68 2.2233e-322 2.2233e-322 1 1 0
8039.68 2.2233e-322 2.2233e-322 1 1 0
8049.68 2.2233e-322 2.2233e-322 1 1 0
8059.68 2.2233e-322 2.2233e-322 1 1 0
8069.68 2.2233e-322 2.2233e-322 1 1 0
8079.68 2.2233e-322 2.2233e-322 1 1 0
8089.68 2.2233e-322 2.2233e-322 1 1 0
8099.68 2.2233e-322 2.2233e-322 1 1 0
8109.68 2.2233e-322 2.2233e-322 1 1 0
8119.68 2.2233e-322 2.2233e-322 1 1 0
8129.68 2.2233e-322 2.2233e-322 1 1 0
8139.68 2.2233e-322 2.2233e-322 1 1 0
8149.68 2.2233e-322 2.2233e-322 1 1 0
8159.68 2.2233e-322 2.2233e-322 1 1 0
8169.68 2.2233e-322 2.2233e-322 1 1 0
8179.68 2.2233e-322 2.2233e-322 1 1 0
8189.68 2.2233e-322 2.2233e-322 1 1 0
8199.68 2.2233e-322 2.2233e-322 1 1 0
8209.68 2.2233e-322 2.2233e-322 1 1 0
8219.68 2.2233e-322 2.2233e-322 1 1 0
8229.68 2.2233e-322 2.2233e-322 1 1 0
8239.68 2.2233e-322 2.2233e-322 1 1 0
8249.68 2.2233e-322 2.2233e-322 1 1 0
8259.68 2.2233e-322 2.2233e-322 1 1 0
8269.68 2.2233e-322 2.2233e-322 1 1 0
8279.68 2.2233e-322 2.2233e-322 1 1 0
8289.68 2.2233e-322 2.2233e-322 1 1 0
8299.68 2.2233e-322 2.2233e-322 1 1 0
8309.68 2.2233e-322 2.2233e-322 1 1 0
8319.68 2.2233e-322 2.2233e-322 1 1 0
8329.68 2.2233e-322 2.2233e-322 1 1 0
8339.68 2.2233e-322 2.2233e-322 1 1 0
8349.68 2.2233e-322 2.2233e-322 1 1 0
8359.68 2.2233e-322 2.2233e-322 1 1 0
8369.68 2.2233e-322 2.2233e-322 1 1 0
8379.68 2.2233e-322 2.2233e-322 1 1 0
8389.68 2.2233e-322 2.2233e-322 1 1 0
8399.68 2.2233e-322 2.2233e-322 1 1 0
8409.68 2.2233e-322 2.2233e-322 1 1 0
8419.68 2.2233e-322 2.2233e-322 1 1 0
8429.68 2.2233e-322 2.2233e-322 1 1 0
8439.68 2.2233e-322 2.2233e-322 1 1 0
8449.68 2.2233e-322 2.2233e-322 1 1 0
8459.68 2.2233e-322 2.2233e-322 1 1 0
8469.68 2.2233e-322 2.2233e-322 1 1 0
8479.68 2.2233e-322 2.2233e-322 1 1 0
8489.68 2.2233e-322 2.2233e-322 1 1 0
8499.68 2.2233e-322 2.2233e-322 1 1 0
8509.68 2.2233e-322 2.2233e-322 1 1 0
8519.68 2.2233e-322 2.2233e-322 1 1 0
8529.68 2.2233e-322 2.2233e-322 1 1 0
8539.68 2.2233e-322 2.2233e-322 1 1 0
8549.68 2.2233e-322 2.2233e-322 1 1 0
8559.68 2.2233e-322 2.2233e-322 1 1 0
8569.68 2.2233e-322 2.2233e-322 1 1 0
8579.68 2.2233e-322 2.2233e-322 1 1 0
8589.68 2.2233e-322 2.2233e-322 1 1 0
8599.68 2.2233e-322 2.2233e-322 1 1 0
8609.68 2.2233e-322 2.2233e-322 1 1 0
8619.68 2.2233e-322 2.2233e-322 1 1 0
8629.68 2.2233e-322 2.2233e-322 1 1 0
8639.68 2.2233e-322 2.2233e-322 1 1 0
8649.68 2.2233e-322 2.2233e-322 1 1 0
8659.68 2.2233e-322 2.2233e-322 1 1 0
8669.68 2.2233e-322 2.2233e-322 1 1 0
8679.68 2.2233e-322 2.2233e-322 1 1 0
8689.68 2.2233e-322 2.2233e-322 1 1 0
8699.68 2.2233e-322 2.2233e-322 1 1 0
8709.68 2.2233e-322 2.2233e-322 1 1 0
8719.68 2.2233e-322 2.2233e-322 1 1 0
8729.68 2.2233e-322 2.2233e-322 1 1 0
8739.68 2.2233e-322 2.2233e-322 1 1 0
8749.68 2.2233e-322 2.2233e-322 1 1 0
8759.68 2.2233e-322 2.2233e-322 1 1 0
8769.68 2.2233e-322 2.2233e-322 1 1 0
8779.68 2.2233e-322 2.2233e-322 1 1 0
8789.68 2.2233e-322 2.2233e-322 1 1 0
8799.68 2.2233e-322 2.2233e-322 1 1 0
8809.68 2.2233e-322 2.2233e-322 1 1 0
8819.68 2.2233e-322 2.2233e-322 1 1 0
8829.68 2.2233e-322 2.2233e-322 1 1 0
8839.68 2.2233e-322 2.2233e-322 1 1 0
8849.68 2.2233e-322 2.2233e-322 1 1 0
8859.68 2.2233e-322 2.2233e-322 1 1 0
8869.68 2.2233e-322 2.2233e-322 1 1 0
8879.68 2.2233e-322 2.2233e-322 1 1 0
8889.68 2.2233e-322 2.2233e-322 1 1 0
8899.68 2.2233e-322 2.2233e-322 1 1 0
8909.68 2.2233e-322 2.2233e-322 1 1 0
8919.68 2.2233e-322 2.2233e-322 1 1 0
8929.68 2.2233e-322 2.2233e-322 1 1 0
8939.68 2.2233e-322 2.2233e-322 1 1 0
8949.68 2.2233e-322 2.2233e-322 1 1 0
8959.68 2.2233e-322 2.2233e-322 1 1 0
8969.68 2.2233e-322 2.2233e-322 1 1 0
8979.68 2.2233e-322 2.2233e-322 1 1 0
8989.68 2.2233e-322 2.2233e-322 1 1 0
8999.68 2.2233e-322 2.2233e-322 1 1 0
9009.68 2.2233e-322 2.2233e-322 1 1 0
9019.68 2.2233e-322 2.2233e-322 1 1 0
9029.68 2.2233e-322 2.2233e-322 1 1 0
9039.68 2.2233e-322 2.2233e-322 1 1 0
9049.68 2.2233e-322 2.2233e-322 1 1 0
9059.68 2.2233e-322 2.2233e-322 1 1 0
9069.68 2.2233e-322 2.2233e-322 1 1 0
9079.68 2.2233e-322 2.2233e-322 1 1 0
9089.68 2.2233e-322 2.2233e-322 1 1 0
9099.68 2.2233e-322 2.2233e-322 1 1 0
9109.68 2.2233e-322 2.2233e-322 1 1 0
9119.68 2.2233e-322 2.2233e-322 1 1 0
9129.68 2.2233e-322 2.2233e-322 1 1 0
9139.68 2.2233e-322 2.2233e-322 1 1 0
9149.68 2.2233e-322 2.2233e-322 1 1 0
9159.68 2.2233e-322 2.2233e-322 1 1 0
9169.68 2.2233e-322 2.2233e-322 1 1 0
9179.68 2.2233e-322 2.2233e-322 1 1 0
9189.68 2.2233e-322 2.2233e-322 1 1 0
9199.68 2.2233e-322 2.2233e-322 1 1 0
9209.68 2.2233e-322 2.2233e-322 1 1 0
9219.68 2.2233e-322 2.2233e-322 1 1 0
9229.68 2.2233e-322 2.2233e-322 1 1 0
9239.68 2.2233e-322 2.2233e-322 1 1 0
9249.68 2.2233e-322 2.2233e-322 1 1 0
9259.68 2.2233e-322 2.2233e-322 1 1 0
9269.68 2.2233e-322 2.2233e-322 1 1 0
9279.68 2.2233e-322 2.2233e-322 1 1 0
9289.68 2.2233e-322 2.2233e-322 1 1 0
9299.68 2.2233e-322 2.2233e-322 1 1 0
9309.68 2.2233e-322 2.2233e-322 1 1 0
9319.68 2.2233e-322 2.2233e-322 1 1 0
9329.68 2.2233e-322 2.2233e-322 1 1 0
9339.68 2.2233e-322 2.2233e-322 1 1 0
9349.68 2.2233e-322 2.2233e-322 1 1 0
9359.68 2.2233e-322 2.2233e-322 1 1 0
9369.68 2.2233e-322 2.2233e-322 1 1 0
9379.68 2.2233e-322 2.2233e-322 1 1 0
9389.68 2.2233e-322 2.2233e-322 1 1 0
9399.68 2.2233e-322 2.2233e-322 1 1 0
9409.68 2.2233e-322 2.2233e-322 1 1 0
9419.68 2.2233e-322 2.2233e-322 1 1 0
9429.68 2.2233e-322 2.2233e-322 1 1 0
9439.68 2.2233e-322 2.2233e-322 1 1 0
9449.68 2.2233e-322 2.2233e-322 1 1 0
9459.68 2.2233e-322 2.2233e-322 1 1 0
9469.68 2.2233e-322 2.2233e-322 1 1 0
9479.68 2.2233e-322 2.2233e-322 1 1 0
9489.68 2.2233e-322 2.2233e-322 1 1 0
9499.68 2.2233e-322 2.2233e-322 1 1 0
9509.68 2.2233e-322 2.2233e-322 1 1 0
9519.68 2.2233e-322 2.2233e-322 1 1 0
9529.68 2.2233e-322 2.2233e-322 1 1 0
9539.68 2.2233e-322 2.2233e-322 1 1 0
9549.68 2.2233e-322 2.2233e-322 1 1 0
9559.68 2.2233e-322 2.2233e-322 1 1 0
9569.68 2.2233e-322 2.2233e-322 1 1 0
9579.68 2.2233e-322 2.2233e-322 1 1 0
9589.68 2.2233e-322 2.2233e-322 1 1 0
9599.68 2.2233e-322 2.2233e-322 1 1 0
9609.68 2.2233e-322 2.2233e-322 1 1 0
9619.68 2.2233e-322 2.2233e-322 1 1 0
9629.68 2.2233e-322 2.2233e-322 1 1 0
9639.68 2.2233e-322 2.2233e-322 1 1 0
9649.68 2.2233e-322 2.2233e-322 1 1 0
9659.68 2.2233e-322 2.2233e-322 1 1 0
9669.68 2.2233e-322 2.2233e-322 1 1 0
9679.68 2.2233e-322 2.2233e-322 1 1 0
9689.68 2.2233e-322 2.2233e-322 1 1 0
9699.68 2.2233e-322 2.2233e-322 1 1 0
9709.68 2.2233e-322 2.2233e-322 1 1 0
9719.68 2.2233e-322 2.2233e-322 1 1 0
9729.68 2.2233e-322 2.2233e-322 1 1 0
9739.68 2.2233e-322 2.2233e-322 1 1 0
9749.68 2.2233e-322 2.2233e-322 1 1 0
9759.68 2.2233e-322 2.2233e-322 1 1 0
9769.68 2.2233e-322 2.2233e-322 1 1 0
9779.68 2.2233e-322 2.2233e-322 1 1 0
9789.68 2.2233e-322 2.2233e-322 1 1 0
9799.68 2.2233e-322 2.2233e-322 1 1 0
9809.68 2.2233e-322 2.2233e-322 1 1 0
9819.68 2.2233e-322 2.2233e-322 1 1 0
9829.68 2.2233e-322 2.2233e-322 1 1 0
9839.68 2.2233e-322 2.2233e-322 1 1 0
9849.68 2.2233e-322 2.2233e-322 1 1 0
9859.68 2.2233e-322 2.2233e-322 1 1 0
9869.68 2.2233e-322 2.2233e-322 1 1 0
9879.68 2.2233e-322 2.2233e-322 1 1 0
9889.68 2.2233e-322 2.2233e-322 1 1 0
9899.68 2.2233e-322 2.2233e-322 1 1 0
9909.68 2.2233e-322 2.2233e-322 1 1 0
9919.68 2.2233e-322 2.2233e-322 1 1 0
9929.68 2.2233e-322 2.2233e-322 1 1 0
9939.68 2.2233e-322 2.2233e-322 1 1 0
9949.68 2.2233e-322 2.2233e-322 1 1 0
9959.68 2.2233e-322 2.2233e-322 1 1 0
9969.68 2.2233e-322 2.2233e-322 1 1 0
9979.68 2.2233e-322 2.2233e-322 1 1 0
9989.68 2.2233e-322 2.2233e-322 1 1 0
9999.68 2.2233e-322 2.2233e-322 1 1 0
10009.7 2.2233e-322 2.2233e-322 1 1 0
10019.7 2.2233e-322 2.2233e-322 1 1 0
10029.7 2.2233e-322 2.2233e-322 1 1 0
10039.7 2.2233e-322 2.2233e-322 1 1 0
10049.7 2.2233e-322 2.2233e-322 1 1 0
10059.7 2.2233e-322 2.2233e-322 1 1 0
10069.7 2.2233e-322 2.2233e-322 1 1 0
10079.7 2.2233e-322 2.2233e-322 1 1 0
10089.7 2.2233e-322 2.2233e-322 1 1 0
10099.7 2.2233e-322 2.2233e-322 1 1 0
10109.7 2.2233e-322 2.2233e-322 1 1 0
10119.7 2.2233e-322 2.2233e-322 1 1 0
10129.7 2.2233e-322 2.2233e-322 1 1 0
10139.7 2.2233e-322 2.2233e-322 1 1 0
10149.7 2.2233e-322 2.2233e-322 1 1 0
10159.7 2.2233e-322 2.2233e-322 1 1 0
10169.7 2.2233e-322 2.2233e-322 1 1 0
10179.7 2.2233e-322 2.2233e-322 1 1 0
10189.7 2.2233e-322 2.2233e-322 1 1 0
10199.7 2.2233e-322 2.2233e-322 1 1 0
10209.7 2.2233e-322 2.2233e-322 1 1 0
10219.7 2.2233e-322 2.2233e-322 1 1 0
10229.7 2.2233e-322 2.2233e-322 1 1 0
10239.7 2.2233e-322 2.2233e-322 1 1 0
10249.7 2.2233e-322 2.2233e-322 1 1 0
10259.7 2.2233e-322 2.2233e-322 1 1 0
10269.7 2.2233e-322 2.2233e-322 1 1 0
10279.7 2.2233e-322 2.2233e-322 1 1 0
10289.7 2.2233e-322 2.2233e-322 1 1 0
10299.7 2.2233e-322 2.2233e-322 1 1 0
10309.7 2.2233e-322 2.2233e-322 1 1 0
10319.7 2.2233e-322 2.2233e-322 1 1 0
10329.7 2.2233e-322 2.2233e-322 1 1 0
10339.7 2.2233e-322 2.2233e-322 1 1 0
10349.7 2.2233e-322 2.2233e-322 1 1 0
10359.7 2.2233e-322 2.2233e-322 1 1 0
10369.7 2.2233e-322 2.2233e-322 1 1 0
10379.7 2.2233e-322 2.2233e-322 1 1 0
10389.7 2.2233e-322 2.2233e-322 1 1 0
10399.7 2.2233e-322 2.2233e-322 1 1 0
10409.7 2.2233e-322 2.2233e-322 1 1 0
10419.7 2.2233e-322 2.2233e-322 1 1 0
10429.7 2.2233e-322 2.2233e-322 1 1 0
10439.7 2.2233e-322 2.2233e-322 1 1 0
10449.7 2.2233e-322 2.2233e-322 1 1 0
10459.7 2.2233e-322 2.2233e-322 1 1 0
10469.7 2.2233e-322 2.2233e-322 1 1 0
10479.7 2.2233e-322 2.2233e-322 1 1 0
10489.7 2.2233e-322 2.2233e-322 1 1 0
10499.7 2.2233e-322 2.2233e-322 1 1 0
10509.7 2.2233e-322 2.2233e-322 1 1 0
10519.7 2.2233e-322 2.2233e-322 1 1 0
10529.7 2.2233e-322 2.2233e-322 1 1 0
10539.7 2.2233e-322 2.2233e-322 1 1 0
10549.7 2.2233e-322 2.2233e-322 1 1 0
10559.7 2.2233e-322 2.2233e-322 1 1 0
10569.7 2.2233e-322 2.2233e-322 1 1 0
10579.7 2.2233e-322 2.2233e-322 1 1 0
10589.7 2.2233e-322 2.2233e-322 1 1 0
10599.7 2.2233e-322 2.2233e-322 1 1 0
10609.7 2.2233e-322 2.2233e-322 1 1 0
10619.7 2.2233e-322 2.2233e-322 1 1 0
10629.7 2.2233e-322 2.2233e-322 1 1 0
10639.7 2.2233e-322 2.2233e-322 1 1 0
10649.7 2.2233e-322 2.2233e-322 1 1 0
10659.7 2.2233e-322 2.2233e-322 1 1 0
10669.7 2.2233e-322 2.2233e-322 1 1 0
10679.7 2.2233e-322 2.2233e-322 1 1 0
10689.7 2.2233e-322 2.2233e-322 1 1 0
10699.7 2.2233e-322 2.2233e-322 1 1 0
10709.7 2.2233e-322 2.2233e-322 1 1 0
10719.7 2.2233e-322 2.2233e-322 1 1 0
10729.7 2.2233e-322 2.2233e-322 1 1 0
10739.7 2.2233e-322 2.2233e-322 1 1 0
10749.7 2.2233e-322 2.2233e-322 1 1 0
10759.7 2.2233e-322 2.2233e-322 1 1 0
10769.7 2.2233e-322 2.2233e-322 1 1 0
10779.7 2.2233e-322 2.2233e-322 1 1 0
10789.7 2.2233e-322 2.2233e-322 1 1 0
10799.7 2.2233e-322 2.2233e-322 1 1 0
10809.7 2.2233e-322 2.2233e-322 1 1 0
10819.7 2.2233e-322 2.2233e-322 1 1 0
10829.7 2.2233e-322 2.2233e-322 1 1 0
10839.7 2.2233e-322 2.2233e-322 1 1 0
10849.7 2.2233e-322 2.2233e-322 1 1 0
10859.7 2.2233e-322 2.2233e-322 1 1 0
10869.7 2.2233e-322 2.2233e-322 1 1 0
10879.7 2.2233e-322 2.2233e-322 1 1 0
10889.7 2.2233e-322 2.2233e-322 1 1 0
10899.7 2.2233e-322 2.2233e-322 1 1 0
10909.7 2.2233e-322 2.2233e-322 1 1 0
10919.7 2.2233e-322 2.2233e-322 1 1 0
10929.7 2.2233e-322 2.2233e-322 1 1 0
10939.7 2.2233e-322 2.2233e-322 1 1 0
10949.7 2.2233e-322 2.2233e-322 1 1 0
10959.7 2.2233e-322 2.2233e-322 1 1 0
10969.7 2.2233e-322 2.2233e-322 1 1 0
10979.7 2.2233e-322 2.2233e-322 1 1 0
10989.7 2.2233e-322 2.2233e-322 1 1 0
10999.7 2.2233e-322 2.2233e-322 1 1 0
11009.7 2.2233e-322 2.2233e-322 1 1 0
11019.7 2.2233e-322 2.2233e-322 1 1 0
11029.7 2.2233e-322 2.2233e-322 1 1 0
11039.7 2.2233e-322 2.2233e-322 1 1 0
11049.7 2.2233e-322 2.2233e-322 1 1 0
11059.7 2.2233e-322 2.2233e-322 1 1 0
11069.7 2.2233e-322 2.2233e-322 1 1 0
11079.7 2.2233e-322 2.2233e-322 1 1 0
11089.7 2.2233e-322 2.2233e-322 1 1 0
11099.7 2.2233e-322 2.2233e-322 1 1 0
11109.7 2.2233e-322 2.2233e-322 1 1 0
11119.7 2.2233e-322 2.2233e-322 1 1 0
11129.7 2.2233e-322 2.2233e-322 1 1 0
11139.7 2.2233e-322 2.2233e-322 1 1 0
11149.7 2.2233e-322 2.2233e-322 1 1 0
11159.7 2.2233e-322 2.2233e-322 1 1 0
11169.7 2.2233e-322 2.2233e-322 1 1 0
11179.7 2.2233e-322 2.2233e-322 1 1 0
11189.7 2.2233e-322 2.2233e-322 1 1 0
11199.7 2.2233e-322 2.2233e-322 1 1 0
11209.7 2.2233e-322 2.2233e-322 1 1 0
11219.7 2.2233e-322 2.2233e-322 1 1 0
11229.7 2.2233e-322 2.2233e-322 1 1 0
11239.7 2.2233e-322 2.2233e-322 1 1 0
11249.7 2.2233e-322 2.2233e-322 1 1 0
11259.7 2.2233e-322 2.2233e-322 1 1 0
11269.7 2.2233e-322 2.2233e-322 1 1 0
11279.7 2.2233e-322 2.2233e-322 1 1 0
11289.7 2.2233e-322 2.2233e-322 1 1 0
11299.7 2.2233e-322 2.2233e-322 1 1 0
11309.7 2.2233e-322 2.2233e-322 1 1 0
11319.7 2.2233e-322 2.2233e-322 1 1 0
11329.7 2.2233e-322 2.2233e-322 1 1 0
11339.7 2.2233e-322 2.2233e-322 1 1 0
11349.7 2.2233e-322 2.2233e-322 1 1 0
11359.7 2.2233e-322 2.2233e-322 1 1 0
11369.7 2.2233e-322 2.2233e-322 1 1 0
11379.7 2.2233e-322 2.2233e-322 1 1 0
11389.7 2.2233e-322 2.2233e-322 1 1 0
11399.7 2.2233e-322 2.2233e-322 1 1 0
11409.7 2.2233e-322 2.2233e-322 1 1 0
11419.7 2.2233e-322 2.2233e-322 1 1 0
11429.7 2.2233e-322 2.2233e-322 1 1 0
11439.7 2.2233e-322 2.2233e-322 1 1 0
11449.7 2.2233e-322 2.2233e-322 1 1 0
11459.7 2.2233e-322 2.2233e-322 1 1 0
11469.7 2.2233e-322 2.2233e-322 1 1 0
11479.7 2.2233e-322 2.2233e-322 1 1 0
11489.7 2.2233e-322 2.2233e-322 1 1 0
11499.7 2.2233e-322 2.2233e-322 1 1 0
11509.7 2.2233e-322 2.2233e-322 1 1 0
11519.7 2.2233e-322 2.2233e-322 1 1 0
11529.7 2.2233e-322 2.2233e-322 1 1 0
11539.7 2.2233e-322 2.2233e-322 1 1 0
11549.7 2.2233e-322 2.2233e-322 1 1 0
11559.7 2.2233e-322 2.2233e-322 1 1 0
11569.7 2.2233e-322 2.2233e-322 1 1 0
11579.7 2.2233e-322 2.2233e-322 1 1 0
11589.7 2.2233e-322 2.2233e-322 1 1 0
11599.7 2.2233e-322 2.2233e-322 1 1 0
11609.7 2.2233e-322 2.2233e-322 1 1 0
11619.7 2.2233e-322 2.2233e-322 1 1 0
11629.7 2.2233e-322 2.2233e-322 1 1 0
11639.7 2.2233e-322 2.2233e-322 1 1 0
11649.7 2.2233e-322 2.2233e-322 1 1 0
11659.7 2.2233e-322 2.2233e-322 1 1 0
11669.7 2.2233e-322 2.2233e-322 1 1 0
11679.7 2.2233e-322 2.2233e-322 1 1 0
11689.7 2.2233e-322 2.2233e-322 1 1 0
11699.7 2.2233e-322 2.2233e-322 1 1 0
11709.7 2.2233e-322 2.2233e-322 1 1 0
11719.7 2.2233e-322 2.2233e-322 1 1 0
11729.7 2.2233e-322 2.2233e-322 1 1 0
11739.7 2.2233e-322 2.2233e-322 1 1 0
11749.7 2.2233e-322 2.2233e-322 1 1 0
11759.7 2.2233e-322 2.2233e-322 1 1 0
11769.7 2.2233e-322 2.2233e-322 1 1 0
11779.7 2.2233e-322 2.2233e-322 1 1 0
11789.7 2.2233e-322 2.2233e-322 1 1 0
11799.7 2.2233e-322 2.2233e-322 1 1 0
11809.7 2.2233e-322 2.2233e-322 1 1 0
11819.7 2.2233e-322 2.2233e-322 1 1 0
11829.7 2.2233e-322 2.2233e-322 1 1 0
11839.7 2.2233e-322 2.2233e-322 1 1 0
11849.7 2.2233e-322 2.2233e-322 1 1 0
11859.7 2.2233e-322 2.2233e-322 1 1 0
11869.7 2.2233e-322 2.2233e-322 1 1 0
11879.7 2.2233e-322 2.2233e-322 1 1 0
11889.7 2.2233e-322 2.2233e-322 1 1 0
11899.7 2.2233e-322 2.2233e-322 1 1 0
11909.7 2.2233e-322 2.2233e-322 1 1 0
11919.7 2.2233e-322 2.2233e-322 1 1 0
11929.7 2.2233e-322 2.2233e-322 1 1 0
11939.7 2.2233e-322 2.2233e-322 1 1 0
11949.7 2.2233e-322 2.2233e-322 1 1 0
11959.7 2.2233e-322 2.2233e-322 1 1 0
11969.7 2.2233e-322 2.2233e-322 1 1 0
11979.7 2.2233e-322 2.2233e-322 1 1 0
11989.7 2.2233e-322 2.2233e-322 1 1 0
11999.7 2.2233e-322 2.2233e-322 1 1 0
12009.7 2.2233e-322 2.2233e-322 1 1 0
12019.7 2.2233e-322 2.2233e-322 1 1 0
12029.7 2.2233e-322 2.2233e-322 1 1 0
12039.7 2.2233e-322 2.2233e-322 1 1 0
12049.7 2.2233e-322 2.2233e-322 1 1 0
12059.7 2.2233e-322 2.2233e-322 1 1 0
12069.7 2.2233e-322 2.2233e-322 1 1 0
12079.7 2.2233e-322 2.2233e-322 1 1 0
12089.7 2.2233e-322 2.2233e-322 1 1 0
12099.7 2.2233e-322 2.2233e-322 1 1 0
12109.7 2.2233e-322 2.2233e-322 1 1 0
12119.7 2.2233e-322 2.2233e-322 1 1 0
12129.7 2.2233e-322 2.2233e-322 1 1 0
12139.7 2.2233e-322 2.2233e-322 1 1 0
12149.7 2.2233e-322 2.2233e-322 1 1 0
12159.7 2.2233e-322 2.2233e-322 1 1 0
12169.7 2.2233e-322 2.2233e-322 1 1 0
12179.7 2.2233e-322 2.2233e-322 1 1 0
12189.7 2.2233e-322 2.2233e-322 1 1 0
12199.7 2.2233e-322 2.2233e-322 1 1 0
12209.7 2.2233e-322 2.2233e-322 1 1 0
12219.7 2.2233e-322 2.2233e-322 1 1 0
12229.7 2.2233e-322 2.2233e-322 1 1 0
12239.7 2.2233e-322 2.2233e-322 1 1 0
12249.7 2.2233e-322 2.2233e-322 1 1 0
12259.7 2.2233e-322 2.2233e-322 1 1 0
12269.7 2.2233e-322 2.2233e-322 1 1 0
12279.7 2.2233e-322 2.2233e-322 1 1 0
12289.7 2.2233e-322 2.2233e-322 1 1 0
12299.7 2.2233e-322 2.2233e-322 1 1 0
12309.7 2.2233e-322 2.2233e-322 1 1 0
12319.7 2.2233e-322 2.2233e-322 1 1 0
12329.7 2.2233e-322 2.2233e-322 1 1 0
12339.7 2.2233e-322 2.2233e-322 1 1 0
12349.7 2.2233e-322 2.2233e-322 1 1 0
12359.7 2.2233e-322 2.2233e-322 1 1 0
12369.7 2.2233e-322 2.2233e-322 1 1 0
12379.7 2.2233e-322 2.2233e-322 1 1 0
12389.7 2.2233e-322 2.2233e-322 1 1 0
12399.7 2.2233e-322 2.2233e-322 1 1 0
12409.7 2.2233e-322 2.2233e-322 1 1 0
12419.7 2.2233e-322 2.2233e-322 1 1 0
12429.7 2.2233e-322 2.2233e-322 1 1 0
12439.7 2.2233e-322 2.2233e-322 1 1 0
12449.7 2.2233e-322 2.2233e-322 1 1 0
12459.7 2.2233e-322 2.2233e-322 1 1 0
12469.7 2.2233e-322 2.2233e-322 1 1 0
12479.7 2.2233e-322 2.2233e-322 1 1 0
12489.7 2.2233e-322 2.2233e-322 1 1 0
12499.7 2.2233e-322 2.2233e-322 1 1 0
12509.7 2.2233e-322 2.2233e-322 1 1 0
12519.7 2.2233e-322 2.2233e-322 1 1 0
12529.7 2.2233e-322 2.2233e-322 1 1 0
12539.7 2.2233e-322 2.2233e-322 1 1 0
12549.7 2.2233e-322 2.2233e-322 1 1 0
12559.7 2.2233e-322 2.2233e-322 1 1 0
12569.7 2.2233e-322 2.2233e-322 1 1 0
12579.7 2.2233e-322 2.2233e-322 1 1 0
12589.7 2.2233e-322 2.2233e-322 1 1 0
12599.7 2.2233e-322 2.2233e-322 1 1 0
12609.7 2.2233e-322 2.2233e-322 1 1 0
12619.7 2.2233e-322 2.2233e-322 1 1 0
12629.7 2.2233e-322 2.2233e-322 1 1 0
12639.7 2.2233e-322 2.2233e-322 1 1 0
12649.7 2.2233e-322 2.2233e-322 1 1 0
12659.7 2.2233e-322 2.2233e-322 1 1 0
12669.7 2.2233e-322 2.2233e-322 1 1 0
12679.7 2.2233e-322 2.2233e-322 1 1 0
12689.7 2.2233e-322 2.2233e-322 1 1 0
12699.7 2.2233e-322 2.2233e-322 1 1 0
12709.7 2.2233e-322 2.2233e-322 1 1 0
12719.7 2.2233e-322 2.2233e-322 1 1 0
12729.7 2.2233e-322 2.2233e-322 1 1 0
12739.7 2.2233e-322 2.2233e-322 1 1 0
12749.7 2.2233e-322 2.2233e-322 1 1 0
12759.7 2.2233e-322 2.2233e-322 1 1 0
12769.7 2.2233e-322 2.2233e-322 1 1 0
12779.7 2.2233e-322 2.2233e-322 1 1 0
12789.7 2.2233e-322 2.2233e-322 1 1 0
12799.7 2.2233e-322 2.2233e-322 1 1 0
12809.7 2.2233e-322 2.2233e-322 1 1 0
12819.7 2.2233e-322 2.2233e-322 1 1 0
12829.7 2.2233e-322 2.2233e-322 1 1 0
12839.7 2.2233e-322 2.2233e-322 1 1 0
12849.7 2.2233e-322 2.2233e-322 1 1 0
12859.7 2.2233e-322 2.2233e-322 1 1 0
12869.7 2.2233e-322 2.2233e-322 1 1 0
12879.7 2.2233e-322 2.2233e-322 1 1 0
12889.7 2.2233e-322 2.2233e-322 1 1 0
12899.7 2.2233e-322 2.2233e-322 1 1 0
12909.7 2.2233e-322 2.2233e-322 1 1 0
12919.7 2.2233e-322 2.2233e-322 1 1 0
12929.7 2.2233e-322 2.2233e-322 1 1 0
12939.7 2.2233e-322 2.2233e-322 1 1 0
12949.7 2.2233e-322 2.2233e-322 1 1 0
12959.7 2.2233e-322 2.2233e-322 1 1 0
12969.7 2.2233e-322 2.2233e-322 1 1 0
12979.7 2.2233e-322 2.2233e-322 1 1 0
12989.7 2.2233e-322 2.2233e-322 1 1 0
12999.7 2.2233e-322 2.2233e-322 1 1 0
13009.7 2.2233e-322 2.2233e-322 1 1 0
13019.7 2.2233e-322 2.2233e-322 1 1 0
13029.7 2.2233e-322 2.2233e-322 1 1 0
13039.7 2.2233e-322 2.2233e-322 1 1 0
13049.7 2.2233e-322 2.2233e-322 1 1 0
13059.7 2.2233e-322 2.2233e-322 1 1 0
13069.7 2.2233e-322 2.2233e-322 1 1 0
13079.7 2.2233e-322 2.2233e-322 1 1 0
13089.7 2.2233e-322 2.2233e-322 1 1 0
13099.7 2.2233e-322 2.2233e-322 1 1 0
13109.7 2.2233e-322 2.2233e-322 1 1 0
13119.7 2.2233e-322 2.2233e-322 1 1 0
13129.7 2.2233e-322 2.2233e-322 1 1 0
13139.7 2.2233e-322 2.2233e-322 1 1 0
13149.7 2.2233e-322 2.2233e-322 1 1 0
13159.7 2.2233e-322 2.2233e-322 1 1 0
13169.7 2.2233e-322 2.2233e-322 1 1 0
13179.7 2.2233e-322 2.2233e-322 1 1 0
13189.7 2.2233e-322 2.2233e-322 1 1 0
13199.7 2.2233e-322 2.2233e-322 1 1 0
13209.7 2.2233e-322 2.2233e-322 1 1 0
13219.7 2.2233e-322 2.2233e-322 1 1 0
13229.7 2.2233e-322 2.2233e-322 1 1 0
13239.7 2.2233e-322 2.2233e-322 1 1 0
13249.7 2.2233e-322 2.2233e-322 1 1 0
13259.7 2.2233e-322 2.2233e-322 1 1 0
13269.7 2.2233e-322 2.2233e-322 1 1 0
13279.7 2.2233e-322 2.2233e-322 1 1 0
13289.7 2.2233e-322 2.2233e-322 1 1 0
13299.7 2.2233e-322 2.2233e-322 1 1 0
13309.7 2.2233e-322 2.2233e-322 1 1 0
13319.7 2.2233e-322 2.2233e-322 1 1 0
13329.7 2.2233e-322 2.2233e-322 1 1 0
13339.7 2.2233e-322 2.2233e-322 1 1 0
13349.7 2.2233e-322 2.2233e-322 1 1 0
13359.7 2.2233e-322 2.2233e-322 1 1 0
13369.7 2.2233e-322 2.2233e-322 1 1 0
13379.7 2.2233e-322 2.2233e-322 1 1 0
13389.7 2.2233e-322 2.2233e-322 1 1 0
13399.7 2.2233e-322 2.2233e-322 1 1 0
13409.7 2.2233e-322 2.2233e-322 1 1 0
13419.7 2.2233e-322 2.2233e-322 1 1 0
13429.7 2.2233e-322 2.2233e-322 1 1 0
13439.7 2.2233e-322 2.2233e-322 1 1 0
13449.7 2.2233e-322 2.2233e-322 1 1 0
13459.7 2.2233e-322 2.2233e-322 1 1 0
13469.7 2.2233e-322 2.2233e-322 1 1 0
13479.7 2.2233e-322 2.2233e-322 1 1 0
13489.7 2.2233e-322 2.2233e-322 1 1 0
13499.7 2.2233e-322 2.2233e-322 1 1 0
13509.7 2.2233e-322 2.2233e-322 1 1 0
13519.7 2.2233e-322 2.2233e-322 1 1 0
13529.7 2.2233e-322 2.2233e-322 1 1 0
13539.7 2.2233e-322 2.2233e-322 1 1 0
13549.7 2.2233e-322 2.2233e-322 1 1 0
13559.7 2.2233e-322 2.2233e-322 1 1 0
13569.7 2.2233e-322 2.2233e-322 1 1 0
13579.7 2.2233e-322 2.2233e-322 1 1 0
13589.7 2.2233e-322 2.2233e-322 1 1 0
13599.7 2.2233e-322 2.2233e-322 1 1 0
13609.7 2.2233e-322 2.2233e-322 1 1 0
13619.7 2.2233e-322 2.2233e-322 1 1 0
13629.7 2.2233e-322 2.2233e-322 1 1 0
13639.7 2.2233e-322 2.2233e-322 1 1 0
13649.7 2.2233e-322 2.2233e-322 1 1 0
13659.7 2.2233e-322 2.2233e-322 1 1 0
13669.7 2.2233e-322 2.2233e-322 1 1 0
13679.7 2.2233e-322 2.2233e-322 1 1 0
13689.7 2.2233e-322 2.2233e-322 1 1 0
13699.7 2.2233e-322 2.2233e-322 1 1 0
13709.7 2.2233e-322 2.2233e-322 1 1 0
13719.7 2.2233e-322 2.2233e-322 1 1 0
13729.7 2.2233e-322 2.2233e-322 1 1 0
13739.7 2.2233e-322 2.2233e-322 1 1 0
13749.7 2.2233e-322 2.2233e-322 1 1 0
13759.7 2.2233e-322 2.2233e-322 1 1 0
13769.7 2.2233e-322 2.2233e-322 1 1 0
13779.7 2.2233e-322 2.2233e-322 1 1 0
13789.7 2.2233e-322 2.2233e-322 1 1 0
13799.7 2.2233e-322 2.2233e-322 1 1 0
13809.7 2.2233e-322 2.2233e-322 1 1 0
13819.7 2.2233e-322 2.2233e-322 1 1 0
13829.7 2.2233e-322 2.2233e-322 1 1 0
13839.7 2.2233e-322 2.2233e-322 1 1 0
13849.7 2.2233e-322 2.2233e-322 1 1 0
13859.7 2.2233e-322 2.2233e-322 1 1 0
13869.7 2.2233e-322 2.2233e-322 1 1 0
13879.7 2.2233e-322 2.2233e-322 1 1 0
13889.7 2.2233e-322 2.2233e-322 1 1 0
13899.7 2.2233e-322 2.2233e-322 1 1 0
13909.7 2.2233e-322 2.2233e-322 1 1 0
13919.7 2.2233e-322 2.2233e-322 1 1 0
13929.7 2.2233e-322 2.2233e-322 1 1 0
13939.7 2.2233e-322 2.2233e-322 1 1 0
13949.7 2.2233e-322 2.2233e-322 1 1 0
13959.7 2.2233e-322 2.2233e-322 1 1 0
13969.7 2.2233e-322 2.2233e-322 1 1 0
13979.7 2.2233e-322 2.2233e-322 1 1 0
13989.7 2.2233e-322 2.2233e-322 1 1 0
13999.7 2.2233e-322 2.2233e-322 1 1 0
14009.7 2.2233e-322 2.2233e-322 1 1 0
14019.7 2.2233e-322 2.2233e-322 1 1 0
14029.7 2.2233e-322 2.2233e-322 1 1 0
14039.7 2.2233e-322 2.2233e-322 1 1 0
14049.7 2.2233e-322 2.2233e-322 1 1 0
14059.7 2.2233e-322 2.2233e-322 1 1 0
14069.7 2.2233e-322 2.2233e-322 1 1 0
14079.7 2.2233e-322 2.2233e-322 1 1 0
14089.7 2.2233e-322 2.2233e-322 1 1 0
14099.7 2.2233e-322 2.2233e-322 1 1 0
14109.7 2.2233e-322 2.2233e-322 1 1 0
14119.7 2.2233e-322 2.2233e-322 1 1 0
14129.7 2.2233e-322 2.2233e-322 1 1 0
14139.7 2.2233e-322 2.2233e-322 1 1 0
14149.7 2.2233e-322 2.2233e-322 1 1 0
14159.7 2.2233e-322 2.2233e-322 1 1 0
14169.7 2.2233e-322 2.2233e-322 1 1 0
14179.7 2.2233e-322 2.2233e-322 1 1 0
14189.7 2.2233e-322 2.2233e-322 1 1 0
14199.7 2.2233e-322 2.2233e-322 1 1 0
14209.7 2.2233e-322 2.2233e-322 1 1 0
14219.7 2.2233e-322 2.2233e-322 1 1 0
14229.7 2.2233e-322 2.2233e-322 1 1 0
14239.7 2.2233e-322 2.2233e-322 1 1 0
14249.7 2.2233e-322 2.2233e-322 1 1 0
14259.7 2.2233e-322 2.2233e-322 1 1 0
14269.7 2.2233e-322 2.2233e-322 1 1 0
14279.7 2.2233e-322 2.2233e-322 1 1 0
14289.7 2.2233e-322 2.2233e-322 1 1 0
14299.7 2.2233e-322 2.2233e-322 1 1 0
14309.7 2.2233e-322 2.2233e-322 1 1 0
14319.7 2.2233e-322 2.2233e-322 1 1 0
14329.7 2.2233e-322 2.2233e-322 1 1 0
14339.7 2.2233e-322 2.2233e-322 1 1 0
14349.7 2.2233e-322 2.2233e-322 1 1 0
14359.7 2.2233e-322 2.2233e-322 1 1 0
14369.7 2.2233e-322 2.2233e-322 1 1 0
14379.7 2.2233e-322 2.2233e-322 1 1 0
14389.7 2.2233e-322 2.2233e-322 1 1 0
14399.7 2.2233e-322 2.2233e-322 1 1 0
14409.7 2.2233e-322 2.2233e-322 1 1 0
14419.7 2.2233e-322 2.2233e-322 1 1 0
14429.7 2.2233e-322 2.2233e-322 1 1 0
14439.7 2.2233e-322 2.2233e-322 1 1 0
14449.7 2.2233e-322 2.2233e-322 1 1 0
14459.7 2.2233e-322 2.2233e-322 1 1 0
14469.7 2.2233e-322 2.2233e-322 1 1 0
14479.7 2.2233e-322 2.2233e-322 1 1 0
14489.7 2.2233e-322 2.2233e-322 1 1 0
14499.7 2.2233e-322 2.2233e-322 1 1 0
14509.7 2.2233e-322 2.2233e-322 1 1 0
14519.7 2.2233e-322 2.2233e-322 1 1 0
14529.7 2.2233e-322 2.2233e-322 1 1 0
14539.7 2.2233e-322 2.2233e-322 1 1 0
14549.7 2.2233e-322 2.2233e-322 1 1 0
14559.7 2.2233e-322 2.2233e-322 1 1 0
14569.7 2.2233e-322 2.2233e-322 1 1 0
14579.7 2.2233e-322 2.2233e-322 1 1 0
14589.7 2.2233e-322 2.2233e-322 1 1 0
14599.7 2.2233e-322 2.2233e-322 1 1 0
14609.7 2.2233e-322 2.2233e-322 1 1 0
14619.7 2.2233e-322 2.2233e-322 1 1 0
14629.7 2.2233e-322 2.2233e-322 1 1 0
14639.7 2.2233e-322 2.2233e-322 1 1 0
14649.7 2.2233e-322 2.2233e-322 1 1 0
14659.7 2.2233e-322 2.2233e-322 1 1 0
14669.7 2.2233e-322 2.2233e-322 1 1 0
14679.7 2.2233e-322 2.2233e-322 1 1 0
14689.7 2.2233e-322 2.2233e-322 1 1 0
14699.7 2.2233e-322 2.2233e-322 1 1 0
14709.7 2.2233e-322 2.2233e-322 1 1 0
14719.7 2.2233e-322 2.2233e-322 1 1 0
14729.7 2.2233e-322 2.2233e-322 1 1 0
14739.7 2.2233e-322 2.2233e-322 1 1 0
14749.7 2.2233e-322 2.2233e-322 1 1 0
14759.7 2.2233e-322 2.2233e-322 1 1 0
14769.7 2.2233e-322 2.2233e-322 1 1 0
14779.7 2.2233e-322 2.2233e-322 1 1 0
14789.7 2.2233e-322 2.2233e-322 1 1 0
14799.7 2.2233e-322 2.2233e-322 1 1 0
14809.7 2.2233e-322 2.2233e-322 1 1 0
14819.7 2.2233e-322 2.2233e-322 1 1 0
14829.7 2.2233e-322 2.2233e-322 1 1 0
14839.7 2.2233e-322 2.2233e-322 1 1 0
14849.7 2.2233e-322 2.2233e-322 1 1 0
14859.7 2.2233e-322 2.2233e-322 1 1 0
14869.7 2.2233e-322 2.2233e-322 1 1 0
14879.7 2.2233e-322 2.2233e-322 1 1 0
14889.7 2.2233e-322 2.2233e-322 1 1 0
14899.7 2.2233e-322 2.2233e-322 1 1 0
14909.7 2.2233e-322 2.2233e-322 1 1 0
14919.7 2.2233e-322 2.2233e-322 1 1 0
14929.7 2.2233e-322 2.2233e-322 1 1 0
14939.7 2.2233e-322 2.2233e-322 1 1 0
14949.7 2.2233e-322 2.2233e-322 1 1 0
14959.7 2.2233e-322 2.2233e-322 1 1 0
14969.7 2.2233e-322 2.2233e-322 1 1 0
14979.7 2.2233e-322 2.2233e-322 1 1 0
14989.7 2.2233e-322 2.2233e-322 1 1 0
14999.7 2.2233e-322 2.2233e-322 1 1 0
15009.7 2.2233e-322 2.2233e-322 1 1 0
15019.7 2.2233e-322 2.2233e-322 1 1 0
15029.7 2.2233e-322 2.2233e-322 1 1 0
15039.7 2.2233e-322 2.2233e-322 1 1 0
15049.7 2.2233e-322 2.2233e-322 1 1 0
15059.7 2.2233e-322 2.2233e-322 1 1 0
15069.7 2.2233e-322 2.2233e-322 1 1 0
15079.7 2.2233e-322 2.2233e-322 1 1 0
15089.7 2.2233e-322 2.2233e-322 1 1 0
15099.7 2.2233e-322 2.2233e-322 1 1 0
15109.7 2.2233e-322 2.2233e-322 1 1 0
15119.7 2.2233e-322 2.2233e-322 1 1 0
15129.7 2.2233e-322 2.2233e-322 1 1 0
15139.7 2.2233e-322 2.2233e-322 1 1 0
15149.7 2.2233e-322 2.2233e-322 1 1 0
15159.7 2.2233e-322 2.2233e-322 1 1 0
15169.7 2.2233e-322 2.2233e-322 1 1 0
15179.7 2.2233e-322 2.2233e-322 1 1 0
15189.7 2.2233e-322 2.2233e-322 1 1 0
15199.7 2.2233e-322 2.2233e-322 1 1 0
15209.7 2.2233e-322 2.2233e-322 1 1 0
15219.7 2.2233e-322 2.2233e-322 1 1 0
15229.7 2.2233e-322 2.2233e-322 1 1 0
15239.7 2.2233e-322 2.2233e-322 1 1 0
15249.7 2.2233e-322 2.2233e-322 1 1 0
15259.7 2.2233e-322 2.2233e-322 1 1 0
15269.7 2.2233e-322 2.2233e-322 1 1 0
15279.7 2.2233e-322 2.2233e-322 1 1 0
15289.7 2.2233e-322 2.2233e-322 1 1 0
15299.7 2.2233e-322 2.2233e-322 1 1 0
15309.7 2.2233e-322 2.2233e-322 1 1 0
15319.7 2.2233e-322 2.2233e-322 1 1 0
15329.7 2.2233e-322 2.2233e-322 1 1 0
15339.7 2.2233e-322 2.2233e-322 1 1 0
15349.7 2.2233e-322 2.2233e-322 1 1 0
15359.7 2.2233e-322 2.2233e-322 1 1 0
15369.7 2.2233e-322 2.2233e-322 1 1 0
15379.7 2.2233e-322 2.2233e-322 1 1 0
15389.7 2.2233e-322 2.2233e-322 1 1 0
15399.7 2.2233e-322 2.2233e-322 1 1 0
15409.7 2.2233e-322 2.2233e-322 1 1 0
15419.7 2.2233e-322 2.2233e-322 1 1 0
15429.7 2.2233e-322 2.2233e-322 1 1 0
15439.7 2.2233e-322 2.2233e-322 1 1 0
15449.7 2.2233e-322 2.2233e-322 1 1 0
15459.7 2.2233e-322 2.2233e-322 1 1 0
15469.7 2.2233e-322 2.2233e-322 1 1 0
15479.7 2.2233e-322 2.2233e-322 1 1 0
15489.7 2.2233e-322 2.2233e-322 1 1 0
15499.7 2.2233e-322 2.2233e-322 1 1 0
15509.7 2.2233e-322 2.2233e-322 1 1 0
15519.7 2.2233e-322 2.2233e-322 1 1 0
15529.7 2.2233e-322 2.2233e-322 1 1 0
15539.7 2.2233e-322 2.2233e-322 1 1 0
15549.7 2.2233e-322 2.2233e-322 1 1 0
15559.7 2.2233e-322 2.2233e-322 1 1 0
15569.7 2.2233e-322 2.2233e-322 1 1 0
15579.7 2.2233e-322 2.2233e-322 1 1 0
15589.7 2.2233e-322 2.2233e-322 1 1 0
15599.7 2.2233e-322 2.2233e-322 1 1 0
15609.7 2.2233e-322 2.2233e-322 1 1 0
15619.7 2.2233e-322 2.2233e-322 1 1 0
15629.7 2.2233e-322 2.2233e-322 1 1 0
15639.7 2.2233e-322 2.2233e-322 1 1 0
15649.7 2.2233e-322 2.2233e-322 1 1 0
15659.7 2.2233e-322 2.2233e-322 1 1 0
15669.7 2.2233e-322 2.2233e-322 1 1 0
15679.7 2.2233e-322 2.2233e-322 1 1 0
15689.7 2.2233e-322 2.2233e-322 1 1 0
15699.7 2.2233e-322 2.2233e-322 1 1 0
15709.7 2.2233e-322 2.2233e-322 1 1 0
15719.7 2.2233e-322 2.2233e-322 1 1 0
15729.7 2.2233e-322 2.2233e-322 1 1 0
15739.7 2.2233e-322 2.2233e-322 1 1 0
15749.7 2.2233e-322 2.2233e-322 1 1 0
15759.7 2.2233e-322 2.2233e-322 1 1 0
15769.7 2.2233e-322 2.2233e-322 1 1 0
15779.7 2.2233e-322 2.2233e-322 1 1 0
15789.7 2.2233e-322 2.2233e-322 1 1 0
15799.7 2.2233e-322 2.2233e-322 1 1 0
15809.7 2.2233e-322 2.2233e-322 1 1 0
15819.7 2.2233e-322 2.2233e-322 1 1 0
15829.7 2.2233e-322 2.2233e-322 1 1 0
15839.7 2.2233e-322 2.2233e-322 1 1 0
15849.7 2.2233e-322 2.2233e-322 1 1 0
15859.7 2.2233e-322 2.2233e-322 1 1 0
15869.7 2.2233e-322 2.2233e-322 1 1 0
15879.7 2.2233e-322 2.2233e-322 1 1 0
15889.7 2.2233e-322 2.2233e-322 1 1 0
15899.7 2.2233e-322 2.2233e-322 1 1 0
15909.7 2.2233e-322 2.2233e-322 1 1 0
15919.7 2.2233e-322 2.2233e-322 1 1 0
15929.7 2.2233e-322 2.2233e-322 1 1 0
15939.7 2.2233e-322 2.2233e-322 1 1 0
15949.7 2.2233e-322 2.2233e-322 1 1 0
15959.7 2.2233e-322 2.2233e-322 1 1 0
15969.7 2.2233e-322 2.2233e-322 1 1 0
15979.7 2.2233e-322 2.2233e-322 1 1 0
15989.7 2.2233e-322 2.2233e-322 1 1 0
15999.7 2.2233e-322 2.2233e-322 1 1 0
16009.7 2.2233e-322 2.2233e-322 1 1 0
16019.7 2.2233e-322 2.2233e-322 1 1 0
16029.7 2.2233e-322 2.2233e-322 1 1 0
16039.7 2.2233e-322 2.2233e-322 1 1 0
16049.7 2.2233e-322 2.2233e-322 1 1 0
16059.7 2.2233e-322 2.2233e-322 1 1 0
16069.7 2.2233e-322 2.2233e-322 1 1 0
16079.7 2.2233e-322 2.2233e-322 1 1 0
16089.7 2.2233e-322 2.2233e-322 1 1 0
16099.7 2.2233e-322 2.2233e-322 1 1 0
16109.7 2.2233e-322 2.2233e-322 1 1 0
16119.7 2.2233e-322 2.2233e-322 1 1 0
16129.7 2.2233e-322 2.2233e-322 1 1 0
16139.7 2.2233e-322 2.2233e-322 1 1 0
16149.7 2.2233e-322 2.2233e-322 1 1 0
16159.7 2.2233e-322 2.2233e-322 1 1 0
16169.7 2.2233e-322 2.2233e-322 1 1 0
16179.7 2.2233e-322 2.2233e-322 1 1 0
16189.7 2.2233e-322 2.2233e-322 1 1 0
16199.7 2.2233e-322 2.2233e-322 1 1 0
16209.7 2.2233e-322 2.2233e-322 1 1 0
16219.7 2.2233e-322 2.2233e-322 1 1 0
16229.7 2.2233e-322 2.2233e-322 1 1 0
16239.7 2.2233e-322 2.2233e-322 1 1 0
16249.7 2.2233e-322 2.2233e-322 1 1 0
16259.7 2.2233e-322 2.2233e-322 1 1 0
16269.7 2.2233e-322 2.2233e-322 1 1 0
16279.7 2.2233e-322 2.2233e-322 1 1 0
16289.7 2.2233e-322 2.2233e-322 1 1 0
16299.7 2.2233e-322 2.2233e-322 1 1 0
16309.7 2.2233e-322 2.2233e-322 1 1 0
16319.7 2.2233e-322 2.2233e-322 1 1 0
16329.7 2.2233e-322 2.2233e-322 1 1 0
16339.7 2.2233e-322 2.2233e-322 1 1 0
16349.7 2.2233e-322 2.2233e-322 1 1 0
16359.7 2.2233e-322 2.2233e-322 1 1 0
16369.7 2.2233e-322 2.2233e-322 1 1 0
16379.7 2.2233e-322 2.2233e-322 1 1 0
16389.7 2.2233e-322 2.2233e-322 1 1 0
16399.7 2.2233e-322 2.2233e-322 1 1 0
16409.7 2.2233e-322 2.2233e-322 1 1 0
16419.7 2.2233e-322 2.2233e-322 1 1 0
16429.7 2.2233e-322 2.2233e-322 1 1 0
16439.7 2.2233e-322 2.2233e-322 1 1 0
16449.7 2.2233e-322 2.2233e-322 1 1 0
16459.7 2.2233e-322 2.2233e-322 1 1 0
16469.7 2.2233e-322 2.2233e-322 1 1 0
16479.7 2.2233e-322 2.2233e-322 1 1 0
16489.7 2.2233e-322 2.2233e-322 1 1 0
16499.7 2.2233e-322 2.2233e-322 1 1 0
16509.7 2.2233e-322 2.2233e-322 1 1 0
16519.7 2.2233e-322 2.2233e-322 1 1 0
16529.7 2.2233e-322 2.2233e-322 1 1 0
16539.7 2.2233e-322 2.2233e-322 1 1 0
16549.7 2.2233e-322 2.2233e-322 1 1 0
16559.7 2.2233e-322 2.2233e-322 1 1 0
16569.7 2.2233e-322 2.2233e-322 1 1 0
16579.7 2.2233e-322 2.2233e-322 1 1 0
16589.7 2.2233e-322 2.2233e-322 1 1 0
16599.7 2.2233e-322 2.2233e-322 1 1 0
16609.7 2.2233e-322 2.2233e-322 1 1 0
16619.7 2.2233e-322 2.2233e-322 1 1 0
16629.7 2.2233e-322 2.2233e-322 1 1 0
16639.7 2.2233e-322 2.2233e-322 1 1 0
16649.7 2.2233e-322 2.2233e-322 1 1 0
16659.7 2.2233e-322 2.2233e-322 1 1 0
16669.7 2.2233e-322 2.2233e-322 1 1 0
16679.7 2.2233e-322 2.2233e-322 1 1 0
16689.7 2.2233e-322 2.2233e-322 1 1 0
16699.7 2.2233e-322 2.2233e-322 1 1 0
16709.7 2.2233e-322 2.2233e-322 1 1 0
16719.7 2.2233e-322 2.2233e-322 1 1 0
16729.7 2.2233e-322 2.2233e-322 1 1 0
16739.7 2.2233e-322 2.2233e-322 1 1 0
16749.7 2.2233e-322 2.2233e-322 1 1 0
16759.7 2.2233e-322 2.2233e-322 1 1 0
16769.7 2.2233e-322 2.2233e-322 1 1 0
16779.7 2.2233e-322 2.2233e-322 1 1 0
16789.7 2.2233e-322 2.2233e-322 1 1 0
16799.7 2.2233e-322 2.2233e-322 1 1 0
16809.7 2.2233e-322 2.2233e-322 1 1 0
16819.7 2.2233e-322 2.2233e-322 1 1 0
16829.7 2.2233e-322 2.2233e-322 1 1 0
16839.7 2.2233e-322 2.2233e-322 1 1 0
16849.7 2.2233e-322 2.2233e-322 1 1 0
16859.7 2.2233e-322 2.2233e-322 1 1 0
16869.7 2.2233e-322 2.2233e-322 1 1 0
16879.7 2.2233e-322 2.2233e-322 1 1 0
16889.7 2.2233e-322 2.2233e-322 1 1 0
16899.7 2.2233e-322 2.2233e-322 1 1 0
16909.7 2.2233e-322 2.2233e-322 1 1 0
16919.7 2.2233e-322 2.2233e-322 1 1 0
16929.7 2.2233e-322 2.2233e-322 1 1 0
16939.7 2.2233e-322 2.2233e-322 1 1 0
16949.7 2.2233e-322 2.2233e-322 1 1 0
16959.7 2.2233e-322 2.2233e-322 1 1 0
16969.7 2.2233e-322 2.2233e-322 1 1 0
16979.7 2.2233e-322 2.2233e-322 1 1 0
16989.7 2.2233e-322 2.2233e-322 1 1 0
16999.7 2.2233e-322 2.2233e-322 1 1 0
17009.7 2.2233e-322 2.2233e-322 1 1 0
17019.7 2.2233e-322 2.2233e-322 1 1 0
17029.7 2.2233e-322 2.2233e-322 1 1 0
17039.7 2.2233e-322 2.2233e-322 1 1 0
17049.7 2.2233e-322 2.2233e-322 1 1 0
17059.7 2.2233e-322 2.2233e-322 1 1 0
17069.7 2.2233e-322 2.2233e-322 1 1 0
17079.7 2.2233e-322 2.2233e-322 1 1 0
17089.7 2.2233e-322 2.2233e-322 1 1 0
17099.7 2.2233e-322 2.2233e-322 1 1 0
17109.7 2.2233e-322 2.2233e-322 1 1 0
17119.7 2.2233e-322 2.2233e-322 1 1 0
17129.7 2.2233e-322 2.2233e-322 1 1 0
17139.7 2.2233e-322 2.2233e-322 1 1 0
17149.7 2.2233e-322 2.2233e-322 1 1 0
17159.7 2.2233e-322 2.2233e-322 1 1 0
17169.7 2.2233e-322 2.2233e-322 1 1 0
17179.7 2.2233e-322 2.2233e-322 1 1 0
17189.7 2.2233e-322 2.2233e-322 1 1 0
17199.7 2.2233e-322 2.2233e-322 1 1 0
17209.7 2.2233e-322 2.2233e-322 1 1 0
17219.7 2.2233e-322 2.2233e-322 1 1 0
17229.7 2.2233e-322 2.2233e-322 1 1 0
17239.7 2.2233e-322 2.2233e-322 1 1 0
17249.7 2.2233e-322 2.2233e-322 1 1 0
17259.7 2.2233e-322 2.2233e-322 1 1 0
17269.7 2.2233e-322 2.2233e-322 1 1 0
17279.7 2.2233e-322 2.2233e-322 1 1 0
17289.7 2.2233e-322 2.2233e-322 1 1 0
17299.7 2.2233e-322 2.2233e-322 1 1 0
17309.7 2.2233e-322 2.2233e-322 1 1 0
17319.7 2.2233e-322 2.2233e-322 1 1 0
17329.7 2.2233e-322 2.2233e-322 1 1 0
17339.7 2.2233e-322 2.2233e-322 1 1 0
17349.7 2.2233e-322 2.2233e-322 1 1 0
17359.7 2.2233e-322 2.2233e-322 1 1 0
17369.7 2.2233e-322 2.2233e-322 1 1 0
17379.7 2.2233e-322 2.2233e-322 1 1 0
17389.7 2.2233e-322 2.2233e-322 1 1 0
17399.7 2.2233e-322 2.2233e-322 1 1 0
17409.7 2.2233e-322 2.2233e-322 1 1 0
17419.7 2.2233e-322 2.2233e-322 1 1 0
17429.7 2.2233e-322 2.2233e-322 1 1 0
17439.7 2.2233e-322 2.2233e-322 1 1 0
17449.7 2.2233e-322 2.2233e-322 1 1 0
17459.7 2.2233e-322 2.2233e-322 1 1 0
17469.7 2.2233e-322 2.2233e-322 1 1 0
17479.7 2.2233e-322 2.2233e-322 1 1 0
17489.7 2.2233e-322 2.2233e-322 1 1 0
17499.7 2.2233e-322 2.2233e-322 1 1 0
17509.7 2.2233e-322 2.2233e-322 1 1 0
17519.7 2.2233e-322 2.2233e-322 1 1 0
17529.7 2.2233e-322 2.2233e-322 1 1 0
17539.7 2.2233e-322 2.2233e-322 1 1 0
17549.7 2.2233e-322 2.2233e-322 1 1 0
17559.7 2.2233e-322 2.2233e-322 1 1 0
17569.7 2.2233e-322 2.2233e-322 1 1 0
17579.7 2.2233e-322 2.2233e-322 1 1 0
17589.7 2.2233e-322 2.2233e-322 1 1 0
17599.7 2.2233e-322 2.2233e-322 1 1 0
17609.7 2.2233e-322 2.2233e-322 1 1 0
17619.7 2.2233e-322 2.2233e-322 1 1 0
17629.7 2.2233e-322 2.2233e-322 1 1 0
17639.7 2.2233e-322 2.2233e-322 1 1 0
17649.7 2.2233e-322 2.2233e-322 1 1 0
17659.7 2.2233e-322 2.2233e-322 1 1 0
17669.7 2.2233e-322 2.2233e-322 1 1 0
17679.7 2.2233e-322 2.2233e-322 1 1 0
17689.7 2.2233e-322 2.2233e-322 1 1 0
17699.7 2.2233e-322 2.2233e-322 1 1 0
17709.7 2.2233e-322 2.2233e-322 1 1 0
17719.7 2.2233e-322 2.2233e-322 1 1 0
17729.7 2.2233e-322 2.2233e-322 1 1 0
17739.7 2.2233e-322 2.2233e-322 1 1 0
17749.7 2.2233e-322 2.2233e-322 1 1 0
17759.7 2.2233e-322 2.2233e-322 1 1 0
17769.7 2.2233e-322 2.2233e-322 1 1 0
17779.7 2.2233e-322 2.2233e-322 1 1 0
17789.7 2.2233e-322 2.2233e-322 1 1 0
17799.7 2.2233e-322 2.2233e-322 1 1 0
17809.7 2.2233e-322 2.2233e-322 1 1 0
17819.7 2.2233e-322 2.2233e-322 1 1 0
17829.7 2.2233e-322 2.2233e-322 1 1 0
17839.7 2.2233e-322 2.2233e-322 1 1 0
17849.7 2.2233e-322 2.2233e-322 1 1 0
17859.7 2.2233e-322 2.2233e-322 1 1 0
17869.7 2.2233e-322 2.2233e-322 1 1 0
17879.7 2.2233e-322 2.2233e-322 1 1 0
17889.7 2.2233e-322 2.2233e-322 1 1 0
17899.7 2.2233e-322 2.2233e-322 1 1 0
17909.7 2.2233e-322 2.2233e-322 1 1 0
17919.7 2.2233e-322 2.2233e-322 1 1 0
17929.7 2.2233e-322 2.2233e-322 1 1 0
17939.7 2.2233e-322 2.2233e-322 1 1 0
17949.7 2.2233e-322 2.2233e-322 1 1 0
17959.7 2.2233e-322 2.2233e-322 1 1 0
17969.7 2.2233e-322 2.2233e-322 1 1 0
17979.7 2.2233e-322 2.2233e-322 1 1 0
17989.7 2.2233e-322 2.2233e-322 1 1 0
17999.7 2.2233e-322 2.2233e-322 1 1 0
18009.7 2.2233e-322 2.2233e-322 1 1 0
18019.7 2.2233e-322 2.2233e-322 1 1 0
18029.7 2.2233e-322 2.2233e-322 1 1 0
18039.7 2.2233e-322 2.2233e-322 1 1 0
18049.7 2.2233e-322 2.2233e-322 1 1 0
18059.7 2.2233e-322 2.2233e-322 1 1 0
18069.7 2.2233e-322 2.2233e-322 1 1 0
18079.7 2.2233e-322 2.2233e-322 1 1 0
18089.7 2.2233e-322 2.2233e-322 1 1 0
18099.7 2.2233e-322 2.2233e-322 1 1 0
18109.7 2.2233e-322 2.2233e-322 1 1 0
18119.7 2.2233e-322 2.2233e-322 1 1 0
18129.7 2.2233e-322 2.2233e-322 1 1 0
18139.7 2.2233e-322 2.2233e-322 1 1 0
18149.7 2.2233e-322 2.2233e-322 1 1 0
18159.7 2.2233e-322 2.2233e-322 1 1 0
18169.7 2.2233e-322 2.2233e-322 1 1 0
18179.7 2.2233e-322 2.2233e-322 1 1 0
18189.7 2.2233e-322 2.2233e-322 1 1 0
18199.7 2.2233e-322 2.2233e-322 1 1 0
18209.7 2.2233e-322 2.2233e-322 1 1 0
18219.7 2.2233e-322 2.2233e-322 1 1 0
18229.7 2.2233e-322 2.2233e-322 1 1 0
18239.7 2.2233e-322 2.2233e-322 1 1 0
18249.7 2.2233e-322 2.2233e-322 1 1 0
18259.7 2.2233e-322 2.2233e-322 1 1 0
18269.7 2.2233e-322 2.2233e-322 1 1 0
18279.7 2.2233e-322 2.2233e-322 1 1 0
18289.7 2.2233e-322 2.2233e-322 1 1 0
18299.7 2.2233e-322 2.2233e-322 1 1 0
18309.7 2.2233e-322 2.2233e-322 1 1 0
18319.7 2.2233e-322 2.2233e-322 1 1 0
18329.7 2.2233e-322 2.2233e-322 1 1 0
18339.7 2.2233e-322 2.2233e-322 1 1 0
18349.7 2.2233e-322 2.2233e-322 1 1 0
18359.7 2.2233e-322 2.2233e-322 1 1 0
18369.7 2.2233e-322 2.2233e-322 1 1 0
18379.7 2.2233e-322 2.2233e-322 1 1 0
18389.7 2.2233e-322 2.2233e-322 1 1 0
18399.7 2.2233e-322 2.2233e-322 1 1 0
18409.7 2.2233e-322 2.2233e-322 1 1 0
18419.7 2.2233e-322 2.2233e-322 1 1 0
18429.7 2.2233e-322 2.2233e-322 1 1 0
18439.7 2.2233e-322 2.2233e-322 1 1 0
18449.7 2.2233e-322 2.2233e-322 1 1 0
18459.7 2.2233e-322 2.2233e-322 1 1 0
18469.7 2.2233e-322 2.2233e-322 1 1 0
18479.7 2.2233e-322 2.2233e-322 1 1 0
18489.7 2.2233e-322 2.2233e-322 1 1 0
18499.7 2.2233e-322 2.2233e-322 1 1 0
18509.7 2.2233e-322 2.2233e-322 1 1 0
18519.7 2.2233e-322 2.2233e-322 1 1 0
18529.7 2.2233e-322 2.2233e-322 1 1 0
18539.7 2.2233e-322 2.2233e-322 1 1 0
18549.7 2.2233e-322 2.2233e-322 1 1 0
18559.7 2.2233e-322 2.2233e-322 1 1 0
18569.7 2.2233e-322 2.2233e-322 1 1 0
18579.7 2.2233e-322 2.2233e-322 1 1 0
18589.7 2.2233e-322 2.2233e-322 1 1 0
18599.7 2.2233e-322 2.2233e-322 1 1 0
18609.7 2.2233e-322 2.2233e-322 1 1 0
18619.7 2.2233e-322 2.2233e-322 1 1 0
18629.7 2.2233e-322 2.2233e-322 1 1 0
18639.7 2.2233e-322 2.2233e-322 1 1 0
18649.7 2.2233e-322 2.2233e-322 1 1 0
18659.7 2.2233e-322 2.2233e-322 1 1 0
18669.7 2.2233e-322 2.2233e-322 1 1 0
18679.7 2.2233e-322 2.2233e-322 1 1 0
18689.7 2.2233e-322 2.2233e-322 1 1 0
18699.7 2.2233e-322 2.2233e-322 1 1 0
18709.7 2.2233e-322 2.2233e-322 1 1 0
18719.7 2.2233e-322 2.2233e-322 1 1 0
18729.7 2.2233e-322 2.2233e-322 1 1 0
18739.7 2.2233e-322 2.2233e-322 1 1 0
18749.7 2.2233e-322 2.2233e-322 1 1 0
18759.7 2.2233e-322 2.2233e-322 1 1 0
18769.7 2.2233e-322 2.2233e-322 1 1 0
18779.7 2.2233e-322 2.2233e-322 1 1 0
18789.7 2.2233e-322 2.2233e-322 1 1 0
18799.7 2.2233e-322 2.2233e-322 1 1 0
18809.7 2.2233e-322 2.2233e-322 1 1 0
18819.7 2.2233e-322 2.2233e-322 1 1 0
18829.7 2.2233e-322 2.2233e-322 1 1 0
18839.7 2.2233e-322 2.2233e-322 1 1 0
18849.7 2.2233e-322 2.2233e-322 1 1 0
18859.7 2.2233e-322 2.2233e-322 1 1 0
18869.7 2.2233e-322 2.2233e-322 1 1 0
18879.7 2.2233e-322 2.2233e-322 1 1 0
18889.7 2.2233e-322 2.2233e-322 1 1 0
18899.7 2.2233e-322 2.2233e-322 1 1 0
18909.7 2.2233e-322 2.2233e-322 1 1 0
18919.7 2.2233e-322 2.2233e-322 1 1 0
18929.7 2.2233e-322 2.2233e-322 1 1 0
18939.7 2.2233e-322 2.2233e-322 1 1 0
18949.7 2.2233e-322 2.2233e-322 1 1 0
18959.7 2.2233e-322 2.2233e-322 1 1 0
18969.7 2.2233e-322 2.2233e-322 1 1 0
18979.7 2.2233e-322 2.2233e-322 1 1 0
18989.7 2.2233e-322 2.2233e-322 1 1 0
18999.7 2.2233e-322 2.2233e-322 1 1 0
19009.7 2.2233e-322 2.2233e-322 1 1 0
19019.7 2.2233e-322 2.2233e-322 1 1 0
19029.7 2.2233e-322 2.2233e-322 1 1 0
19039.7 2.2233e-322 2.2233e-322 1 1 0
19049.7 2.2233e-322 2.2233e-322 1 1 0
19059.7 2.2233e-322 2.2233e-322 1 1 0
19069.7 2.2233e-322 2.2233e-322 1 1 0
19079.7 2.2233e-322 2.2233e-322 1 1 0
19089.7 2.2233e-322 2.2233e-322 1 1 0
19099.7 2.2233e-322 2.2233e-322 1 1 0
19109.7 2.2233e-322 2.2233e-322 1 1 0
19119.7 2.2233e-322 2.2233e-322 1 1 0
19129.7 2.2233e-322 2.2233e-322 1 1 0
19139.7 2.2233e-322 2.2233e-322 1 1 0
19149.7 2.2233e-322 2.2233e-322 1 1 0
19159.7 2.2233e-322 2.2233e-322 1 1 0
19169.7 2.2233e-322 2.2233e-322 1 1 0
19179.7 2.2233e-322 2.2233e-322 1 1 0
19189.7 2.2233e-322 2.2233e-322 1 1 0
19199.7 2.2233e-322 2.2233e-322 1 1 0
19209.7 2.2233e-322 2.2233e-322 1 1 0
19219.7 2.2233e-322 2.2233e-322 1 1 0
19229.7 2.2233e-322 2.2233e-322 1 1 0
19239.7 2.2233e-322 2.2233e-322 1 1 0
19249.7 2.2233e-322 2.2233e-322 1 1 0
19259.7 2.2233e-322 2.2233e-322 1 1 0
19269.7 2.2233e-322 2.2233e-322 1 1 0
19279.7 2.2233e-322 2.2233e-322 1 1 0
19289.7 2.2233e-322 2.2233e-322 1 1 0
19299.7 2.2233e-322 2.2233e-322 1 1 0
19309.7 2.2233e-322 2.2233e-322 1 1 0
19319.7 2.2233e-322 2.2233e-322 1 1 0
19329.7 2.2233e-322 2.2233e-322 1 1 0
19339.7 2.2233e-322 2.2233e-322 1 1 0
19349.7 2.2233e-322 2.2233e-322 1 1 0
19359.7 2.2233e-322 2.2233e-322 1 1 0
19369.7 2.2233e-322 2.2233e-322 1 1 0
19379.7 2.2233e-322 2.2233e-322 1 1 0
19389.7 2.2233e-322 2.2233e-322 1 1 0
19399.7 2.2233e-322 2.2233e-322 1 1 0
19409.7 2.2233e-322 2.2233e-322 1 1 0
19419.7 2.2233e-322 2.2233e-322 1 1 0
19429.7 2.2233e-322 2.2233e-322 1 1 0
19439.7 2.2233e-322 2.2233e-322 1 1 0
19449.7 2.2233e-322 2.2233e-322 1 1 0
19459.7 2.2233e-322 2.2233e-322 1 1 0
19469.7 2.2233e-322 2.2233e-322 1 1 0
19479.7 2.2233e-322 2.2233e-322 1 1 0
19489.7 2.2233e-322 2.2233e-322 1 1 0
19499.7 2.2233e-322 2.2233e-322 1 1 0
19509.7 2.2233e-322 2.2233e-322 1 1 0
19519.7 2.2233e-322 2.2233e-322 1 1 0
19529.7 2.2233e-322 2.2233e-322 1 1 0
19539.7 2.2233e-322 2.2233e-322 1 1 0
19549.7 2.2233e-322 2.2233e-322 1 1 0
19559.7 2.2233e-322 2.2233e-322 1 1 0
19569.7 2.2233e-322 2.2233e-322 1 1 0
19579.7 2.2233e-322 2.2233e-322 1 1 0
19589.7 2.2233e-322 2.2233e-322 1 1 0
19599.7 2.2233e-322 2.2233e-322 1 1 0
19609.7 2.2233e-322 2.2233e-322 1 1 0
19619.7 2.2233e-322 2.2233e-322 1 1 0
19629.7 2.2233e-322 2.2233e-322 1 1 0
19639.7 2.2233e-322 2.2233e-322 1 1 0
19649.7 2.2233e-322 2.2233e-322 1 1 0
19659.7 2.2233e-322 2.2233e-322 1 1 0
19669.7 2.2233e-322 2.2233e-322 1 1 0
19679.7 2.2233e-322 2.2233e-322 1 1 0
19689.7 2.2233e-322 2.2233e-322 1 1 0
19699.7 2.2233e-322 2.2233e-322 1 1 0
19709.7 2.2233e-322 2.2233e-322 1 1 0
19719.7 2.2233e-322 2.2233e-322 1 1 0
19729.7 2.2233e-322 2.2233e-322 1 1 0
19739.7 2.2233e-322 2.2233e-322 1 1 0
19749.7 2.2233e-322 2.2233e-322 1 1 0
19759.7 2.2233e-322 2.2233e-322 1 1 0
19769.7 2.2233e-322 2.2233e-322 1 1 0
19779.7 2.2233e-322 2.2233e-322 1 1 0
19789.7 2.2233e-322 2.2233e-322 1 1 0
19799.7 2.2233e-322 2.2233e-322 1 1 0
19809.7 2.2233e-322 2.2233e-322 1 1 0
19819.7 2.2233e-322 2.2233e-322 1 1 0
19829.7 2.2233e-322 2.2233e-322 1 1 0
19839.7 2.2233e-322 2.2233e-322 1 1 0
19849.7 2.2233e-322 2.2233e-322 1 1 0
19859.7 2.2233e-322 2.2233e-322 1 1 0
19869.7 2.2233e-322 2.2233e-322 1 1 0
19879.7 2.2233e-322 2.2233e-322 1 1 0
19889.7 2.2233e-322 2.2233e-322 1 1 0
19899.7 2.2233e-322 2.2233e-322 1 1 0
19909.7 2.2233e-322 2.2233e-322 1 1 0
19919.7 2.2233e-322 2.2233e-322 1 1 0
19929.7 2.2233e-322 2.2233e-322 1 1 0
19939.7 2.2233e-322 2.2233e-322 1 1 0
19949.7 2.2233e-322 2.2233e-322 1 1 0
19959.7 2.2233e-322 2.2233e-322 1 1 0
19969.7 2.2233e-322 2.2233e-322 1 1 0
19979.7 2.2233e-322 2.2233e-322 1 1 0
19989.7 2.2233e-322 2.2233e-322 1 1 0
19999.7 2.2233e-322 2.2233e-322 1 1 0
20009.7 2.2233e-322 2.2233e-322 1 1 0
1449.44 1.88634e-320 1.88634e-320 2 1 0
1449.4 -4.19956e-322 -4.19956e-322 1 1 0
1449.36 -4.19956e-322 -4.19956e-322 1 1 0
1449.28 2.2233e-322 2.2233e-322 1 1 0
1449.12 2.2233e-322 2.2233e-322 1 1 0
1448.8 2.2233e-322 2.2233e-322 1 1 0
1448.16 2.2233e-322 2.2233e-322 1 1 0
1446.88 2.2233e-322 2.2233e-322 1 1 0
1444.32 2.2233e-322 2.2233e-322 1 1 0
1439.2 2.2233e-322 2.2233e-322 1 1 0
1429.2 2.2233e-322 2.2233e-322 1 1 0
1419.2 2.2233e-322 2.2233e-322 1 1 0
1409.2 2.2233e-322 2.2233e-322 1 1 0
1399.2 2.2233e-322 2.2233e-322 1 1 0
1389.2 2.2233e-322 2.2233e-322 1 1 0
1379.2 2.2233e-322 2.2233e-322 1 1 0
1369.2 2.2233e-322 2.2233e-322 1 1 0
1359.2 2.2233e-322 2.2233e-322 1 1 0
1349.2 2.2233e-322 2.2233e-322 1 1 0
1339.2 2.2233e-322 2.2233e-322 1 1 0
1329.2 2.2233e-322 2.2233e-322 1 1 0
1319.2 2.2233e-322 2.2233e-322 1 1 0
1309.2 2.2233e-322 2.2233e-322 1 1 0
1299.2 2.2233e-322 2.2233e-322 1 1 0
1289.2 2.2233e-322 2.2233e-322 1 1 0
1279.2 2.2233e-322 2.2233e-322 1 1 0
1269.2 2.2233e-322 2.2233e-322 1 1 0
1259.2 2.2233e-322 2.2233e-322 1 1 0
1249.2 2.2233e-322 2.2233e-322 1 1 0
1239.2 2.2233e-322 2.2233e-322 1 1 0
1229.2 2.2233e-322 2.2233e-322 1 1 0
1219.2 2.2233e-322 2.2233e-322 1 1 0
1209.2 2.2233e-322 2.2233e-322 1 1 0
1199.2 2.2233e-322 2.2233e-322 1 1 0
1189.2 2.2233e-322 2.2233e-322 1 1 0
1179.2 2.2233e-322 2.2233e-322 1 1 0
1169.2 2.2233e-322 2.2233e-322 1 1 0
1159.2 2.2233e-322 2.2233e-322 1 1 0
1149.2 2.2233e-322 2.2233e-322 1 1 0
1139.2 2.2233e-322 2.2233e-322 1 1 0
1129.2 2.2233e-322 2.2233e-322 1 1 0
1119.2 -2.71736e-322 -2.71736e-322 1 1 0
1109.2 2.12448e-322 2.12448e-322 1 1 0
1099.2 2.2233e-322 2.2233e-322 1 1 0
1089.2 -2.56914e-322 -2.56914e-322 1 1 0
1079.2 2.02567e-322 2.02567e-322 1 1 0
1069.2 1.72923e-322 1.72923e-322 1 1 0
1059.2 1.23516e-322 1.23516e-322 1 1 0
1049.2 7.41098e-323 7.41098e-323 1 1 0
1039.2 2.47033e-323 2.47033e-323 1 1 0
1029.2 -2.47033e-323 -2.47033e-323 1 1 0
1019.2 -7.41098e-323 -7.41098e-323 1 1 0
1009.2 -1.23516e-322 -1.23516e-322 1 1 0
999.196 -1.72923e-322 -1.72923e-322 1 1 0
989.196 2.12448e-322 2.12448e-322 1 1 0
979.196 1.77864e-322 1.77864e-322 1 1 0
969.196 1.28457e-322 1.28457e-322 1 1 0
959.196 7.90505e-323 7.90505e-323 1 1 0
949.196 2.96439e-323 2.96439e-323 1 1 0
939.196 -1.97626e-323 -1.97626e-323 1 1 0
929.196 -6.91692e-323 -6.91692e-323 1 1 0
919.196 -1.18576e-322 -1.18576e-322 1 1 0
909.196 -1.67982e-322 -1.67982e-322 1 1 0
899.196 1.77864e-322 1.77864e-322 1 1 0
889.196 1.33398e-322 1.33398e-322 1 1 0
879.196 8.39912e-323 8.39912e-323 1 1 0
869.196 3.45846e-323 3.45846e-323 1 1 0
859.196 -1.4822e-323 -1.4822e-323 1 1 0
849.196 -6.42285e-323 -6.42285e-323 1 1 0
839.196 -1.13635e-322 -1.13635e-322 1 1 0
829.196 2.02567e-322 2.02567e-322 1 1 0
819.196 1.38338e-322 1.38338e-322 1 1 0
809.196 8.89318e-323 8.89318e-323 1 1 0
799.196 3.95253e-323 3.95253e-323 1 1 0
789.196 -9.88131e-324 -9.88131e-324 1 1 0
779.196 -5.92879e-323 -5.92879e-323 1 1 0
769.196 -1.08694e-322 -1.08694e-322 1 1 0
759.196 1.77864e-322 1.77864e-322 1 1 0
749.196 -1.87745e-322 -1.87745e-322 1 1 0
739.196 1.18576e-322 1.18576e-322 1 1 0
729.196 9.38725e-323 9.38725e-323 1 1 0
719.196 9.38725e-323 9.38725e-323 1 1 0
709.196 9.38725e-323 9.38725e-323 1 1 0
699.196 9.38725e-323 9.38725e-323 1 1 0
689.196 9.38725e-323 9.38725e-323 1 1 0
679.196 9.38725e-323 9.38725e-323 1 1 0
669.196 9.38725e-323 9.38725e-323 1 1 0
659.196 9.38725e-323 9.38725e-323 1 1 0
649.196 9.38725e-323 9.38725e-323 1 1 0
639.196 9.38725e-323 9.38725e-323 1 1 0
629.196 9.38725e-323 9.38725e-323 1 1 0
619.196 9.38725e-323 9.38725e-323 1 1 0
609.196 9.38725e-323 9.38725e-323 1 1 0
599.196 9.38725e-323 9.38725e-323 1 1 0
589.196 9.38725e-323 9.38725e-323 1 1 0
579.196 9.38725e-323 9.38725e-323 1 1 0
569.196 9.38725e-323 9.38725e-323 1 1 0
559.196 -1.5316e-322 -1.5316e-322 1 1 0
549.196 8.39912e-323 8.39912e-323 1 1 0
539.196 9.38725e-323 9.38725e-323 1 1 0
529.196 -1.38338e-322 -1.38338e-322 1 1 0
519.196 6.91692e-323 6.91692e-323 1 1 0
509.196 4.44659e-323 4.44659e-323 1 1 0
499.196 4.44659e-323 4.44659e-323 1 1 0
489.196 4.44659e-323 4.44659e-323 1 1 0
479.196 4.44659e-323 4.44659e-323 1 1 0
469.196 4.44659e-323 4.44659e-323 1 1 0
459.196 4.44659e-323 4.44659e-323 1 1 0
449.196 4.44659e-323 4.44659e-323 1 1 0
439.196 4.44659e-323 4.44659e-323 1 1 0
429.196 4.44659e-323 4.44659e-323 1 1 0
419.196 4.44659e-323 4.44659e-323 1 1 0
409.196 4.44659e-323 4.44659e-323 1 1 0
399.196 4.44659e-323 4.44659e-323 1 1 0
389.196 4.44659e-323 4.44659e-323 1 1 0
379.196 4.44659e-323 4.44659e-323 1 1 0
369.196 4.44659e-323 4.44659e-323 1 1 0
359.196 4.44659e-323 4.44659e-323 1 1 0
349.196 4.44659e-323 4.44659e-323 1 1 0
339.196 4.44659e-323 4.44659e-323 1 1 0
329.196 4.44659e-323 4.44659e-323 1 1 0
319.196 4.44659e-323 4.44659e-323 1 1 0
309.196 4.44659e-323 4.44659e-323 1 1 0
299.196 4.44659e-323 4.44659e-323 1 1 0
289.196 4.44659e-323 4.44659e-323 1 1 0
279.196 -7.90505e-323 -7.90505e-323 1 1 0
269.196 5.92879e-323 5.92879e-323 1 1 0
259.196 -1.97626e-323 -1.97626e-323 1 1 0
249.196 -9.88131e-324 -9.88131e-324 1 1 0
239.196 -9.88131e-324 -9.88131e-324 1 1 0
229.196 -9.88131e-324 -9.88131e-324 1 1 0
219.196 -9.88131e-324 -9.88131e-324 1 1 0
209.196 -9.88131e-324 -9.88131e-324 1 1 0
199.196 -9.88131e-324 -9.88131e-324 1 1 0
189.196 -9.88131e-324 -9.88131e-324 1 1 0
179.196 -9.88131e-324 -9.88131e-324 1 1 0
169.196 -9.88131e-324 -9.88131e-324 1 1 0
159.196 -9.88131e-324 -9.88131e-324 1 1 0
149.196 -9.88131e-324 -9.88131e-324 1 1 0
139.196 -9.88131e-324 -9.88131e-324 1 1 0
129.196 -9.88131e-324 -9.88131e-324 1 1 0
119.196 -9.88131e-324 -9.88131e-324 1 1 0
109.196 -9.88131e-324 -9.88131e-324 1 1 0
99.1957 -9.88131e-324 -9.88131e-324 1 1 0
89.1957 -9.88131e-324 -9.88131e-324 1 1 0
79.1957 -9.88131e-324 -9.88131e-324 1 1 0
69.1957 -9.88131e-324 -9.88131e-324 1 1 0
59.1957 -9.88131e-324 -9.88131e-324 1 1 0
49.1957 -9.88131e-324 -9.88131e-324 1 1 0
39.1957 -9.88131e-324 -9.88131e-324 1 1 0
29.1957 -9.88131e-324 -9.88131e-324 1 1 0
19.1957 -9.88131e-324 -9.88131e-324 1 1 0
9.19571 -9.88131e-324 -9.88131e-324 1 1 0
-0.804291 -9.88131e-324 -9.88131e-324 1 1 0
