70.4616568883 0.5806369220 0.8753861324 141.7387062929 12.7560134036 0.0173809413 0.0076787431 
69.2026831876 0.6130021659 0.9600044108 816.2569083657 8.0552541569 0.0513176576 0.0070884248 
27.1854724363 0.9684638060 0.7600946280 390.1687032640 19.7143582456 0.0888318798 0.0095722091 
92.3879923845 0.0850230089 0.7014915867 32.6762618778 15.7722214053 0.0240467202 0.0059366459 
6.6236481776 0.0339609557 0.0760376277 784.4004575867 13.3502932591 0.0969693843 0.0099201894 
85.3327084818 0.3240835129 0.2028483617 316.8195800026 4.5222066920 0.0945607122 0.0022848073 
53.4378870535 0.2320157393 0.7439599244 322.9836307104 15.0776541957 0.0683788278 0.0031977449 
83.1649345767 0.1411818254 0.3811895902 63.7725719548 16.5690545840 0.0454841945 0.0012512058 
20.6322184617 0.2576489795 0.7197916343 495.5914808605 17.7488583774 0.0193281274 0.0048902531 
40.6729812891 0.2404778649 0.2296796275 255.6662276095 1.6761970960 0.0856944614 0.0010055966 
48.4630650299 0.4030406279 0.1014096694 53.4467769202 11.6954869071 0.0404252185 0.0039168526 
50.8497896459 0.7248014124 0.4449576736 561.7368736809 3.6536686568 0.0076492453 0.0092719307 
34.2508625698 0.0256303028 0.0785909450 643.3530361282 10.1650031631 0.0901026722 0.0002526206 
26.9049236477 0.6568010164 0.8702507927 640.4743935502 17.0724158441 0.0028601862 0.0028995981 
96.0159536376 0.9812779884 0.9582460179 432.4724390889 1.7771795696 0.0784991772 0.0060814154 
97.5496340525 0.6914257443 0.2388261729 335.5543567978 14.2037249689 0.0227030909 0.0077257656 
58.4774364726 0.9218615441 0.8234898446 435.0094196882 18.8892199539 0.0241865415 0.0091827007 
60.2464586783 0.2686308468 0.9554819776 210.9551699953 9.3234665502 0.0371871863 0.0063145758 
62.5830031611 0.0984035755 0.7885175464 877.9138152749 10.1369569142 0.0766586140 0.0074938138 
88.9981503464 0.7051727100 0.9032474965 772.6833607786 14.7316277484 0.0746921892 0.0036939202 
74.3222989889 0.1447915520 0.8818153522 384.4164405877 7.8178650542 0.0182199396 0.0038893380 
86.7204407736 0.1171557602 0.3121206162 857.7342551431 0.7969483303 0.0726932391 0.0035664664 
45.2167462022 0.6880962210 0.4752554480 183.7055908947 12.5361565600 0.0696666178 0.0058702379 
1.7499552817 0.8474865000 0.2123247096 918.1593133178 12.8584728912 0.0295988569 0.0059128123 
66.4873314198 0.7293562804 0.1666095603 59.6361685904 4.0427543411 0.0751963289 0.0069065898 
55.3240063028 0.1873188915 0.4029821652 701.2383063470 2.8103646270 0.0212596292 0.0034201162 
9.7698198035 0.9421655957 0.5932110476 310.9977141764 16.9226140355 0.0964442887 0.0097551538 
11.2998420236 0.1131897604 0.3849810868 119.6441040268 9.8111835261 0.0153056289 0.0021454352 
29.7199849245 0.5793918927 0.0351053649 107.6508595758 15.6880531319 0.0572865806 0.0044173522 
41.4533699253 0.0283846222 0.7490985888 962.7059065725 8.5830189099 0.0398382491 0.0031867469 
82.7135204923 0.4493098943 0.7397336343 652.0740848085 13.3624873270 0.0428471858 0.0072347246 
80.4639124776 0.6897535933 0.5994466839 546.6836262715 16.3027271694 0.0152116706 0.0097002863 
44.8642812968 0.9143072068 0.4133791458 120.4942056792 8.8895312188 0.0046022936 0.0042762828 
51.1191058375 0.1534566243 0.0526523095 550.4840644458 4.6750696069 0.0616854723 0.0078538517 
97.9330277737 0.2938259360 0.5122145777 130.0774597253 9.0949763592 0.0403251741 0.0085934806 
64.0310651120 0.6340883348 0.6654487158 854.7679944790 11.3389007615 0.0670749467 0.0082199243 
48.7506822056 0.6665403271 0.4831140122 514.4038122160 16.4146532146 0.0380989487 0.0039058877 
81.7404566305 0.7234764104 0.7513886941 124.9320397964 3.6009787838 0.0083331187 0.0025719388 
59.3246087316 0.2276925698 0.0967248088 494.1333180831 15.7800077470 0.0542802277 0.0021661790 
97.8881897356 0.3881572883 0.0926438213 484.0100243949 3.1725077808 0.0688888202 0.0063751856 
33.7219926942 0.2727550501 0.2435421405 407.6922060352 17.3903673326 0.0530983609 0.0063862797 
49.6811180352 0.8802072954 0.7355504036 667.4176903280 1.2906390106 0.0104791279 0.0052731972 
71.2018667542 0.0919155799 0.5414438242 418.9014173159 18.8568863583 0.0107334468 0.0004700032 
58.3049988165 0.0081648847 0.0024106465 329.1206651897 8.6456613406 0.0498203794 0.0049400109 
91.9031903111 0.3686072046 0.5706919129 147.6790041513 12.7929260656 0.0619689791 0.0085034471 
83.7435493303 0.5584338651 0.5826363722 270.3044823736 17.8272286477 0.0754927951 0.0028343648 
67.4154766104 0.9328957551 0.5467224973 231.0832859241 14.0970907716 0.0225876023 0.0076378406 
74.1109895645 0.4678372666 0.6014251061 293.3693501356 8.4979880815 0.0729962635 0.0095667118 
39.7001851907 0.7281477803 0.1323206872 853.7789510041 9.3104532380 0.0800055277 0.0074322059 
30.1321154261 0.4357179312 0.0042913534 361.2678572915 11.6010471012 0.0760163869 0.0019005701 
71.1454877895 0.6520348604 0.7763756349 448.2901696583 13.0173115733 0.0332435263 0.0053495870 
12.3103697902 0.4539956662 0.0145066348 812.2126238710 11.1065447015 0.0066658643 0.0012726612 
28.1623125270 0.7610390561 0.1519918621 835.6275430993 0.3036064754 0.0915616430 0.0042166730 
14.8660472903 0.2860433177 0.9410149030 401.6427263483 3.7865574826 0.0938182672 0.0057573383 
13.5230990165 0.9047345287 0.6400488733 760.8797822517 1.7028620706 0.0709534924 0.0073746335 
90.0396281903 0.0903263495 0.0245592394 715.8816069251 2.8200837877 0.0073728370 0.0088957458 
20.8000567813 0.6233990358 0.0442774893 822.1840756605 13.1343808176 0.0327706002 0.0037701585 
56.8851056278 0.2713902635 0.5200187246 21.4403750613 5.6583105378 0.0483430556 0.0082002000 
18.9412374252 0.0656642417 0.6120579650 284.0355247222 15.2662187365 0.0350891668 0.0056900853 
17.3874052594 0.4019011051 0.2929953796 859.1510037520 17.3589611359 0.0213600563 0.0051322364 
95.3329000072 0.8953141336 0.3237733702 425.8459979124 10.1067785737 0.0877388584 0.0016768644 
94.8664279922 0.2673714167 0.7839538056 174.4765212311 11.9732964983 0.0334482941 0.0042687070 
36.2018588550 0.2767376240 0.7587744925 196.9691463070 5.2241550887 0.0809563489 0.0010225292 
76.7701940101 0.5820745224 0.6448214431 260.7312828455 16.5299958347 0.0372034524 0.0076231578 
43.7061258167 0.4922533725 0.6236427659 506.7196087779 0.8097249534 0.0375838742 0.0017120779 
45.7121068042 0.8790522211 0.4988783423 765.1492709787 9.5878130386 0.0324499924 0.0085772315 
90.7528939767 0.3437214757 0.3207460939 13.0475646108 12.4846122590 0.0084609735 0.0033905327 
84.4380632435 0.1201957799 0.7554923766 909.9706652814 6.2942196301 0.0325495549 0.0044292254 
8.0557968878 0.4181908077 0.7879919292 914.1985617941 15.6198188667 0.0140534062 0.0032462172 
74.2433621026 0.7986643206 0.2212187942 206.5944142214 8.2782778708 0.0055986709 0.0072632238 
61.6468926683 0.5833055830 0.9045357479 188.9784873481 3.1536084901 0.0548748009 0.0022553345 
99.3361883817 0.8562184574 0.3344374041 764.8662559698 8.7686986444 0.0448610185 0.0004156270 
51.2975616056 0.6903231988 0.5258539398 622.9841427646 17.7265961724 0.0159968008 0.0041677093 
80.6793246696 0.3651054048 0.3226232496 793.2597636654 16.0976582318 0.0192513634 0.0079520148 
29.4064629465 0.8674326926 0.9801290854 481.7499198724 10.3382544508 0.0281489712 0.0020502535 
11.8797175956 0.2297727986 0.8309469606 8.2035985168 7.4707006153 0.0321226304 0.0080971223 
49.9176577666 0.6046728813 0.0176647850 993.8597052527 8.7997075764 0.0891936951 0.0026806506 
56.7035995206 0.6503536659 0.1400383089 496.0311327114 15.9691758761 0.0699857107 0.0096006184 
22.0793596977 0.4688381732 0.7757717636 89.4613211965 2.2730186541 0.0120259668 0.0004944245 
39.6280085234 0.0551789160 0.2582124781 409.2088100788 16.6000692788 0.0117775576 0.0008065696 
30.3918949910 0.2030433870 0.1312089367 963.6778561939 2.5565259189 0.0291161033 0.0091184174 
26.2728571399 0.1504249135 0.7318684572 781.3321484855 0.1877620248 0.0947411612 0.0055106563 
49.4179097461 0.0205967939 0.6228330844 913.1856329280 7.8932528576 0.0573364589 0.0021252126 
40.4319297049 0.0951892468 0.1331917159 602.0605880581 0.9779221433 0.0653986078 0.0050091366 
16.2620894806 0.9233945385 0.3433209439 547.3933720336 12.0501721846 0.0770588871 0.0055942219 
63.0166379155 0.0563470693 0.9393841192 52.2344734432 2.5244158830 0.0889046218 0.0012955216 
40.3687440827 0.6284901638 0.0000958630 438.5750124118 6.8037956960 0.0386711478 0.0047814416 
55.8616132109 0.5607206490 0.7429742023 464.4404063911 15.5803038044 0.0059139689 0.0099396935 
90.8975054463 0.6601029852 0.0287186549 331.0430761827 6.1850365194 0.0284184614 0.0015273121 
38.9456927187 0.7314550540 0.6994958681 186.9330591360 0.2736394976 0.0450427392 0.0040151880 
70.5033972914 0.4593917987 0.7131539119 783.5398409359 14.0469737529 0.0646222079 0.0069907229 
7.7137052465 0.2397992925 0.5501043288 565.2988094147 14.1075137168 0.0365305427 0.0085360848 
72.3514624806 0.6865248753 0.7670455254 529.4302394079 13.5622566869 0.0762949558 0.0007197732 
88.8611857582 0.6226524080 0.2273173819 80.3139631713 11.7004736091 0.0000571428 0.0082990403 
5.8490615691 0.9992834469 0.4176460951 767.5561943404 1.7490861555 0.0998007277 0.0037156340 
3.9127248206 0.9391010676 0.8061838052 703.7859237072 7.3479189024 0.0069992621 0.0036646108 
28.9247357679 0.2962546807 0.2945844103 122.9518949886 12.7070902148 0.0382237789 0.0057316992 
42.2021772555 0.1520950428 0.9444166447 225.7251968475 3.5657137871 0.0761242969 0.0050122530 
25.1002608365 0.0320772172 0.2950171955 257.2267512902 15.0399294596 0.0277821633 0.0032759233 
71.6303934677 0.5020128568 0.3512853756 719.9910869485 16.4214145872 0.0561572565 0.0051862218 
8.8714615205 0.3451987969 0.6372367515 521.4530502991 3.7405468259 0.0493458276 0.0034462323 
37.3128406376 0.2428930523 0.8471038618 804.2907085570 1.1008082898 0.0377789125 0.0026590220 
42.8840877791 0.8769512427 0.3302996056 714.8954255772 14.3920419910 0.0645130301 0.0085828626 
75.2599047377 0.7019556156 0.3212348364 150.3333648714 3.9054187669 0.0415417616 0.0045419964 
41.6882219888 0.6454504652 0.1429805597 191.1771718128 2.9856000307 0.0516976339 0.0067761785 
60.4142896559 0.1007141395 0.6815608934 209.7132268655 3.3778155200 0.0775474853 0.0065495880 
19.7784101073 0.3649494970 0.0982774494 650.2377115969 17.7161477718 0.0039058549 0.0042013083 
15.0564646495 0.1164857481 0.4807245030 274.7989590260 5.0528608177 0.0463263025 0.0099924527 
19.2824662909 0.2453839548 0.2498203448 168.5549974163 5.1307660655 0.0703871658 0.0013319061 
42.0225148353 0.4817803971 0.6941416650 97.6855076328 2.1828621785 0.0757844754 0.0084016329 
98.3579004267 0.9112341205 0.7959428762 581.5149825540 5.8189713521 0.0885886030 0.0002644141 
61.7413930601 0.3167322084 0.5727665995 970.0477423474 19.5205961650 0.0436373901 0.0047644938 
66.9643038111 0.8254769915 0.1091444815 545.7246462055 13.7948797162 0.0750405639 0.0070624288 
98.6019746545 0.4130371085 0.8481937160 283.5423727059 5.5977504533 0.0539345806 0.0001509292 
97.1617240851 0.6713388439 0.2188492769 73.7561498500 2.4201534517 0.0801589836 0.0085654407 
67.0625500043 0.0732670123 0.4236611476 455.6027268173 7.7161153238 0.0420133717 0.0015074643 
54.6781276031 0.3766502822 0.8886889555 233.7390344849 17.7737501741 0.0292426990 0.0098612810 
31.1816875139 0.6721355380 0.0166324671 249.1992661555 1.5040460248 0.0851636515 0.0035574875 
0.6671983106 0.3874097978 0.6271872971 531.3897114815 7.2532616396 0.0047427341 0.0090629188 
90.3663409129 0.1918613010 0.0598007730 443.1258925784 18.1092703304 0.0003342520 0.0059803969 
72.7278577290 0.6685206758 0.6738764969 678.9357909450 3.6696358907 0.0973789732 0.0025010788 
63.5037503834 0.2225509509 0.2451905147 975.8785919253 16.2626592458 0.0207444798 0.0026678744 
43.1402223248 0.0415897625 0.8544813917 946.7740662955 7.2123603338 0.0473720319 0.0013010300 
58.7711056510 0.8739280620 0.7413804271 898.3297751925 17.4158517058 0.0070739442 0.0097441304 
0.9926065750 0.2107135841 0.0060995750 706.9263894146 16.8163347885 0.0637646616 0.0067051855 
63.7550024841 0.5043298995 0.7025444660 908.9619707575 6.5789593618 0.0097635542 0.0001047680 
92.7416242322 0.4789300070 0.9959142896 674.9706338609 13.5881113599 0.0466692512 0.0039854931 
46.2990308278 0.6005251051 0.6988265288 394.3500125175 18.4074257427 0.0844007031 0.0020666996 
21.2916266034 0.5814833012 0.5428750464 301.6138227261 7.7918837801 0.0134389964 0.0063416745 
36.5850617453 0.5219268902 0.4123820430 489.4667043708 18.5342413663 0.0845707093 0.0068207163 
32.8294390650 0.7403886233 0.1357819462 779.4164454640 12.6499465417 0.0554811826 0.0078325501 
84.7706394247 0.1055379895 0.6833877432 238.9327640491 9.8831083816 0.0920304761 0.0065875633 
39.0932637669 0.3524097508 0.1195441334 55.6959267345 4.1677210880 0.0011448021 0.0009820786 
3.0690065950 0.3182318867 0.2324914353 834.0270309265 15.1593056260 0.0949817018 0.0039733854 
96.8114803792 0.9250428002 0.3692478173 985.1300420641 19.4501727186 0.0675119209 0.0018076357 
69.3232252446 0.5728653963 0.8513134738 568.9699898625 8.2306104517 0.0089418136 0.0020417922 
11.7055486205 0.1316091982 0.6856871304 277.5450932395 6.9527369708 0.0812910260 0.0084793629 
62.0328860459 0.9874331000 0.4677032824 416.3917968054 5.9609037051 0.0352352291 0.0015956096 
72.9666536800 0.8897723834 0.4214769020 479.1280582030 4.7437814911 0.0037781263 0.0044021644 
41.8450841160 0.1598659791 0.0109160801 787.3892051393 1.4027722302 0.0072485912 0.0034135395 
3.3987657835 0.9857136398 0.3670569947 847.8508523718 10.2306772239 0.0518592556 0.0006733513 
25.4541076915 0.8643941694 0.6430095290 866.6359266966 1.2645882708 0.0661718787 0.0084638646 
73.4174341622 0.3118392270 0.6577855361 889.8933061702 16.0056644679 0.0712174840 0.0098828114 
73.7657368865 0.7116180042 0.9962564774 304.3432746959 11.4450011237 0.0214042203 0.0043285080 
54.0385187626 0.4572762415 0.3412637657 69.2511375028 4.8776027593 0.0118287085 0.0005741197 
3.4998493540 0.4294409021 0.1300349294 82.3704825618 18.3908155585 0.0419421325 0.0047422825 
0.1692696068 0.5751507309 0.6914600250 972.4614747686 6.3726014982 0.0209306508 0.0062022541 
69.4042119066 0.7873790847 0.1550423928 576.3382315672 10.3013763327 0.0180164182 0.0067527783 
77.1618237379 0.1341754891 0.8946242459 446.9406681982 2.2409743068 0.0267452378 0.0049679220 
72.5095127899 0.7431848362 0.0638041109 698.3323890885 3.4338194915 0.0253438274 0.0064482967 
86.4201302225 0.2360192260 0.7078754816 190.8806578597 8.8034769406 0.0311099364 0.0021385173 
50.1536137156 0.1429447090 0.4761773963 672.7693274472 18.6717269431 0.0811057439 0.0016326207 
51.9869961838 0.4725261633 0.3033021673 664.8660810198 4.6981346361 0.0592707681 0.0052197525 
51.6561307213 0.4569375465 0.6785237127 402.2398254657 6.4129846551 0.0926200836 0.0060565941 
21.8087701468 0.7347033160 0.0327232740 90.2050540611 13.6705162511 0.0488594566 0.0018248918 
48.5965488857 0.2026776625 0.9541531677 493.9944369276 4.3665553086 0.0143474646 0.0043511005 
43.9624311450 0.3671182934 0.6363896222 508.3467152081 19.1734857673 0.0875079056 0.0096614372 
63.6480218072 0.5332127413 0.8712636186 735.3581930890 10.8094675044 0.0259658389 0.0095315770 
15.7265586214 0.5414102640 0.6102334370 938.3483458815 16.7915877380 0.0928491964 0.0089458680 
93.4352280832 0.7919150020 0.1612965209 268.3721205591 4.0291811153 0.0304388312 0.0037825261 
63.3451673723 0.0664191340 0.8823261740 818.7912486912 3.0329512081 0.0536189978 0.0007278810 
2.0050626943 0.5151405987 0.5780973714 36.8096582395 2.5958092969 0.0396015600 0.0068061497 
19.9240724393 0.6970145794 0.5840566634 845.2832667589 11.2143741908 0.0796052253 0.0092349151 
28.8149932434 0.4343450359 0.0308832727 766.2794654063 12.1688910845 0.0858127055 0.0095017646 
56.3373079274 0.9182641619 0.6720134664 797.3017787358 18.4673951279 0.0660700446 0.0062808061 
68.1423015575 0.1022977036 0.0954307290 131.5935280983 10.5457367037 0.0897846817 0.0065076165 
96.3868702107 0.6103771738 0.8345104878 202.3757063950 10.4261551898 0.0991498855 0.0071198651 
59.0035544911 0.7833552604 0.3656745639 323.1811304853 2.8563029454 0.0802921815 0.0032268125 
72.4001116011 0.2086360585 0.5338574127 2.7570533552 7.0254775729 0.0744235815 0.0094582014 
66.3433289533 0.3750591948 0.1050049919 300.6304962378 11.8206921120 0.0713070644 0.0091514681 
90.5985318479 0.2377826036 0.0869523874 586.1325469385 19.6179749627 0.0447519730 0.0071657463 
9.6794331472 0.7696781742 0.0812764258 739.0940601859 11.6271206099 0.0251574638 0.0089800100 
7.8083677343 0.2203613333 0.3997024635 671.3333984596 14.6574084598 0.0583961519 0.0007499529 
43.2690562880 0.6128141088 0.6906356488 623.9448631226 17.3257571685 0.0010549746 0.0047165354 
77.7304421060 0.9761821549 0.4040768484 803.0584605697 18.0066987062 0.0364418130 0.0061491002 
99.6736476089 0.3082061721 0.0507936314 20.5622251532 16.9409261394 0.0265575285 0.0066081283 
22.3522189986 0.7741403868 0.2655246273 527.8080090023 1.8854783659 0.0100787769 0.0000243153 
75.1428765363 0.7150456793 0.8687797140 566.9302825651 13.4186788975 0.0479903702 0.0030801527 
69.1253445854 0.5633582096 0.7058978025 895.9696462841 12.3505658339 0.0515424017 0.0047280371 
68.7629003228 0.0105089426 0.9057186282 203.1699525506 18.8275415046 0.0806818676 0.0097812418 
27.6850612861 0.5447379403 0.4292753531 809.9703488394 3.4913940299 0.0911803184 0.0076816199 
63.4562561994 0.6034403345 0.5562338857 388.7299272937 1.9431655627 0.0574945226 0.0006062776 
20.1693039043 0.7571061000 0.5498296567 746.7514906982 18.5737150790 0.0555479276 0.0021193228 
65.2985126051 0.6204285954 0.8794616929 836.9297096839 3.8337388153 0.0590592031 0.0093200681 
50.2865320063 0.8885550032 0.3570262724 876.9200249447 0.1523930520 0.0697543410 0.0021767142 
14.4440467170 0.7604712774 0.0129891889 333.6467227192 2.3029684704 0.0852440089 0.0034597056 
63.1548614109 0.3350069306 0.4360289671 266.5458700898 14.5516541664 0.0246558248 0.0013487808 
87.7949170774 0.4966877797 0.0682442660 856.6784990032 8.6732738142 0.0175970671 0.0056721824 
82.6991610214 0.2070670575 0.5157634516 934.5410393779 4.2094460840 0.0526201979 0.0017410033 
68.4481624945 0.1703301344 0.4744861467 307.1164500896 17.3120114877 0.0205186301 0.0023996765 
84.2517955437 0.4473175462 0.8643155687 290.8545267913 14.7887841624 0.0499791989 0.0011682125 
41.2978634840 0.1381493202 0.5613035514 41.6438460003 19.1815317232 0.0330697548 0.0049331297 
92.2357682785 0.0195420848 0.8567348555 398.4455220392 18.9945989535 0.0826878872 0.0054892952 
5.5574365824 0.6706271401 0.4302546995 801.1304516381 4.9103767533 0.0506884505 0.0077788580 
33.4795404011 0.0269351041 0.5084315862 415.8510099051 4.8906387195 0.0101462931 0.0000175436 
35.8695169005 0.8141148401 0.3856685975 549.7480493196 13.6858591991 0.0772053651 0.0098428840 
65.0319396526 0.7324123620 0.5046588695 996.5727102640 14.4069213130 0.0368819870 0.0070325191 
64.7827510067 0.1691143822 0.2397112521 826.2618354322 4.6507624874 0.0110129581 0.0035781911 
6.5771854046 0.1900404175 0.3273268933 261.8899184547 0.8376555558 0.0570610984 0.0066175010 
42.3885676004 0.2883146791 0.9929772635 535.2795897927 10.5692069743 0.0077957439 0.0096927932 
78.8807168165 0.6938102545 0.2065917029 162.6360824627 10.7323855391 0.0012553500 0.0065703495 
38.3503581204 0.8625616263 0.8859973598 998.3525907702 9.1702648650 0.0429238646 0.0008218877 
22.5433089513 0.1376586818 0.8991287367 518.4895779741 16.0391345222 0.0695259226 0.0078056534 
91.5567111115 0.3700574028 0.7377684783 313.3117690736 14.8886794388 0.0514050581 0.0070920578 
70.7351928891 0.8294552045 0.4063895138 745.3321109867 4.9715980745 0.0014674589 0.0041516591 
60.8093720856 0.8433750144 0.8215234126 395.5244896739 3.1174012984 0.0317691198 0.0080438300 
8.7888298500 0.2316315385 0.6398665000 62.4671016509 7.6984813346 0.0684430733 0.0026102406 
31.8201808660 0.3964826260 0.9840934834 747.3273126324 7.3732699026 0.0412758141 0.0069304065 
44.7136427759 0.4874953885 0.7179674978 649.9207182356 19.2408575820 0.0057536149 0.0018106534 
32.6914061280 0.8455881642 0.0184636302 247.0972322989 9.7586766786 0.0963265694 0.0098173255 
87.3485492226 0.9565404592 0.9491998088 434.7218058684 16.1482671088 0.0997048239 0.0088328894 
29.0556170878 0.0803800006 0.2517039900 590.6866794139 1.6959364798 0.0677026985 0.0015479582 
61.5117809472 0.7454926765 0.5382441516 778.2742849368 10.6176287603 0.0625994647 0.0041767967 
57.9474851444 0.9039488086 0.9909887101 56.6462258520 13.9399431936 0.0737759558 0.0020841258 
78.7564727778 0.8277552553 0.3324405641 616.7942275777 19.2983658372 0.0002284981 0.0061663106 
98.4049489106 0.5169127324 0.4927169441 887.3417783391 10.8971363433 0.0896397781 0.0062238585 
6.7264527262 0.4528128184 0.3116135564 286.5617339127 2.6744514045 0.0228123293 0.0084834867 
19.4882401056 0.9053655708 0.5876194069 960.6737072476 4.6211525654 0.0648558424 0.0004534949 
68.9926520035 0.7256578876 0.9026802062 519.1393929204 2.0810597385 0.0853331899 0.0090400544 
15.9550856820 0.5689448723 0.9216546065 878.9717200774 6.9395563454 0.0857660650 0.0055311885 
68.8720137962 0.3863118490 0.0098598447 607.9003689915 8.6838536964 0.0236830500 0.0026793786 
37.5450420408 0.7082442974 0.3605707447 287.8484807158 12.3861654373 0.0131308425 0.0043456654 
5.4276189157 0.5077502188 0.1544690137 326.4531371642 12.5602642774 0.0367513604 0.0033815924 
95.7075572190 0.2615984268 0.1003879351 250.1738091856 8.7181462183 0.0091577805 0.0053779537 
53.6851942772 0.0380073288 0.5662755864 892.5728613845 7.3987117933 0.0280753770 0.0027670352 
70.9775211481 0.9341255533 0.9612325302 705.6226602212 9.0434019408 0.0522514495 0.0082347738 
76.3880122828 0.6775528821 0.9409741476 935.8744989956 17.9139143870 0.0829151002 0.0006656193 
40.1831472955 0.9679928562 0.0666190430 525.3424187047 15.2808103555 0.0707951223 0.0025213665 
13.2781285638 0.9950964431 0.6307647460 662.9318169980 10.6662279210 0.0612005027 0.0027535102 
20.5406017521 0.4079244326 0.2405765015 578.1985401567 3.5335499191 0.0900036327 0.0009931121 
45.1867317340 0.3816335875 0.0205874850 583.6026136770 8.9508320655 0.0252849734 0.0057135873 
36.1554133627 0.5351727227 0.1811977695 334.9729906128 3.2498897469 0.0635005120 0.0024564236 
84.3164032114 0.0814860690 0.0976365404 475.0546734459 6.3098422229 0.0873867850 0.0075378577 
99.7873396779 0.7149523929 0.8738691387 627.3163500353 2.1064399275 0.0627336071 0.0005235396 
23.9246125443 0.8828029231 0.6973586457 841.9068216301 9.3995087461 0.0249599340 0.0015860167 
13.0043362202 0.7962297813 0.7867642699 40.1806683632 13.6194268452 0.0088074029 0.0024801015 
50.3365359725 0.0578873404 0.0427039510 926.5351432552 16.6563110743 0.0559150016 0.0071984725 
3.6210429798 0.6158224510 0.8578621282 449.2153851246 1.4942637219 0.0749096793 0.0076976380 
42.9893710028 0.5780855534 0.8726492449 574.6746586720 3.9723933013 0.0960516095 0.0086901644 
98.5007099646 0.5120956445 0.5808300149 902.4717471055 12.9866823028 0.0424713386 0.0082430318 
78.4949601105 0.9829537081 0.6158125197 810.2021054588 16.1231096569 0.0657400926 0.0034973568 
59.8977974094 0.0599761757 0.3945378725 230.0516968781 6.4627279093 0.0534765524 0.0068522761 
37.0145387342 0.2831910761 0.4051100728 23.4948123883 15.3709727157 0.0551214060 0.0039677099 
77.3561091457 0.5250154797 0.8390676695 681.1491629151 11.2978010543 0.0333114884 0.0005346407 
47.7398079103 0.3024067191 0.9308767199 458.7716304146 18.4956105338 0.0819020866 0.0000901420 
67.7737600972 0.1869057271 0.5009471348 631.8029506760 18.6945768758 0.0067432193 0.0064314854 
64.4089013335 0.5360899383 0.9814590742 158.4400188683 4.9926961275 0.0917803764 0.0037494338 
87.9054138994 0.2041859596 0.5271218725 76.6308900177 18.4334955669 0.0445550330 0.0060336261 
92.9204475041 0.4880697939 0.1794328600 949.2085630070 13.0325185607 0.0541426030 0.0092660311 
15.3520635538 0.9335547594 0.6704211828 51.4891481979 16.3270184547 0.0171990201 0.0087165309 
49.5182462349 0.0529948570 0.0931535406 451.1627319161 10.1870449739 0.0621873680 0.0055599872 
42.4009671616 0.3379715334 0.5435779098 516.3586162093 5.4802397595 0.0681995255 0.0059438880 
57.0380582740 0.8947643693 0.0338402878 476.0404587827 6.2619114612 0.0623800191 0.0077184191 
30.6347645846 0.2181219383 0.9776061855 789.2904365250 12.4637073032 0.0309834449 0.0046830149 
25.7778124041 0.1241528236 0.1645426813 831.0148802008 5.7144198014 0.0667286184 0.0089757543 
79.2280851543 0.6657640533 0.5640507637 216.6683497731 12.9711611939 0.0890250870 0.0048087921 
53.3562873891 0.3476982761 0.0641093505 315.7110275353 5.4284643794 0.0790202760 0.0024654480 
37.7716175004 0.5559633273 0.5264173950 552.7310421673 4.1345617678 0.0735051789 0.0053268581 
76.0797824894 0.9614253175 0.3908426197 567.3332839796 15.6497535908 0.0957526382 0.0001146689 
21.6985403962 0.1216632559 0.4776959526 235.7302483918 11.0109834230 0.0833721421 0.0087887862 
31.7578525061 0.9715163395 0.6023654322 299.6368778867 14.8545135779 0.0584349484 0.0055731043 
81.6573183408 0.8467360260 0.6210915366 894.8909190086 2.6403141134 0.0468229515 0.0047531540 
33.1856959155 0.8981613985 0.5623122282 585.0268761092 13.5404005648 0.0505012809 0.0041418770 
94.7973947664 0.0964610220 0.2607801972 575.2320845570 4.3371516827 0.0736871857 0.0025591873 
35.1420982442 0.4202151359 0.9647784946 700.6028542488 3.0475982663 0.0272515578 0.0060690206 
11.0003306610 0.2120357746 0.1143979902 365.0003821999 16.1977044070 0.0108937427 0.0063568289 
20.3305410192 0.2843583985 0.7741936288 256.1649615214 9.1848059633 0.0693305508 0.0083934107 
43.3212087379 0.7381498576 0.6478631554 306.1900681325 11.0855589322 0.0830141583 0.0088749800 
41.7482846248 0.2943006689 0.1707462248 905.9716905142 14.2867843871 0.0348031255 0.0096156532 
3.2021076358 0.9652973911 0.9731882849 951.1982042231 19.6664183847 0.0093185244 0.0079017329 
45.0495394843 0.5746560182 0.7791718001 724.1411109990 4.3436003224 0.0079411831 0.0082852447 
66.7057117579 0.1197072914 0.4858296856 228.9221041973 11.5938119624 0.0730391572 0.0019512702 
57.2228111006 0.4739971727 0.3142479739 927.0749004923 3.9252088706 0.0161797371 0.0058187964 
1.2519702998 0.8630556882 0.0576782487 346.1873013353 3.6246248566 0.0282308530 0.0078430240 
34.0737940884 0.6382303466 0.5653396795 916.5983469981 12.2135019284 0.0439366191 0.0071446204 
29.6339922204 0.8754640568 0.0272047372 843.5303496664 1.4674610481 0.0817389637 0.0044980980 
60.7674741033 0.0071329786 0.4074864958 99.0531278842 4.9471498122 0.0137526994 0.0025372876 
91.1272231394 0.3483461038 0.2622604305 70.0960242095 7.0199814584 0.0426559059 0.0036327527 
27.0363502104 0.5319058304 0.0262488501 603.8369455928 2.0534139366 0.0985730047 0.0043313071 
24.6246206851 0.7359000454 0.5070835399 891.3552051115 6.3333795388 0.0763429492 0.0020014235 
42.7237436962 0.4329285256 0.7730732241 883.3316613798 6.6789504132 0.0692117411 0.0028278035 
20.0534631257 0.9309468673 0.4400510027 282.3493818845 18.3747099884 0.0096691994 0.0088214830 
17.8684774711 0.8590860613 0.7630496541 1.6075792732 1.1981589875 0.0044943348 0.0099642125 
57.6683663189 0.9980620705 0.6957139752 237.5873081498 16.9192660912 0.0892032838 0.0012156615 
1.8194775096 0.1238890252 0.5908639764 312.6657648474 16.6243712551 0.0027778419 0.0083480280 
46.0310664471 0.4096405418 0.8452055491 271.8774636522 6.6592460005 0.0902265229 0.0028515668 
46.1214670494 0.1302384239 0.9154317599 278.6914946228 1.2406970766 0.0687923623 0.0039274676 
96.1351726736 0.4274480382 0.8159872540 823.2441790923 6.3504903157 0.0041468036 0.0056303597 
60.6720650043 0.3986138504 0.4663117402 319.8803879070 17.1903880170 0.0122677505 0.0022001585 
50.5599712806 0.2468068456 0.7457680949 712.8985944043 5.5126581893 0.0804707962 0.0038512296 
28.6638812532 0.0395160727 0.3551678135 324.6845073207 0.8604289561 0.0780760381 0.0033548905 
87.2745216690 0.0275114118 0.9077508131 348.6883310682 12.9068017111 0.0665789428 0.0055099271 
68.0358040626 0.7791115391 0.8197366690 955.8393808270 9.4083777115 0.0139462848 0.0067149336 
6.8097687941 0.4541234912 0.9782618023 771.9716481227 9.9141539253 0.0016015334 0.0068892921 
63.8242984236 0.8107140756 0.2879545138 559.5826194780 15.9007451660 0.0629598540 0.0074058840 
81.5197610710 0.9417815793 0.4901317678 66.4925093485 10.0955346254 0.0859235481 0.0052850360 
72.1521199669 0.0672918666 0.2230676127 852.5892239441 6.9626557048 0.0956182434 0.0046161370 
76.6987907896 0.4484540146 0.3293886269 110.4288143570 1.9142710160 0.0558817851 0.0087316936 
83.0216401012 0.2518085537 0.1575294828 468.3578728359 19.8858182648 0.0898802305 0.0066976729 
37.4586906672 0.1994927157 0.5319798640 351.1241201069 7.5606226296 0.0807531119 0.0029141636 
24.2255973238 0.8372669844 0.7306895939 385.5171460083 11.1808954861 0.0586195068 0.0040904324 
86.8445607954 0.5850867303 0.8842117604 867.6945886465 1.8502497775 0.0482297561 0.0093949544 
22.4946784842 0.3233037389 0.4195299441 899.7965048315 19.4872875461 0.0356712441 0.0058068291 
52.1837620766 0.3918943454 0.9622066999 540.4364067518 9.1046013534 0.0668015388 0.0078843340 
10.4529161452 0.9371173550 0.0846580016 692.6815242082 9.5063659136 0.0528566116 0.0084497422 
46.9772732260 0.2854445513 0.1292273317 995.5272419613 13.7693332564 0.0345276009 0.0015628540 
5.1318134469 0.1645111727 0.5815092442 74.4262149212 5.4556237328 0.0130111870 0.0090150099 
10.6686732621 0.1718016113 0.0218000134 763.9074357461 7.5018282005 0.0136250054 0.0037294669 
80.3643034208 0.9177630962 0.1630967846 936.7858360893 9.2711605856 0.0115152780 0.0079893831 
52.7344396393 0.7549565150 0.1527573400 226.9256643673 15.3380727645 0.0349726305 0.0020176560 
5.0571045128 0.6982214864 0.7233430500 968.2630837047 0.4718539751 0.0449586369 0.0060795686 
15.8444223877 0.9785728039 0.3965774930 580.5530691768 11.7693938657 0.0127987568 0.0046327415 
1.4836453873 0.8740142252 0.4203415341 802.8325024948 14.3615114677 0.0742238004 0.0074800407 
63.9150394939 0.1579008079 0.8836351936 533.6858024822 17.9305472542 0.0329439969 0.0042936279 
59.9601110737 0.6590183909 0.7898505884 538.0694107002 9.2591481689 0.0315944495 0.0006826133 
48.9224351105 0.4147659627 0.2987153913 288.8596396282 6.6188205951 0.0791805589 0.0028178298 
23.4736335195 0.5094158432 0.6508370146 665.0172660442 7.8662637436 0.0160289209 0.0041002726 
78.0328966272 0.8617259427 0.2683976420 806.5076166278 4.8212100064 0.0910982473 0.0037552955 
79.8993792081 0.1551239308 0.1249973739 5.4152939718 5.7533611265 0.0156243604 0.0075159713 
62.3939615850 0.5274721589 0.9571715944 309.6590762477 18.2317849832 0.0613468837 0.0064925841 
42.1358212701 0.4450191309 0.9382906392 242.4964016782 1.0711294096 0.0203117584 0.0057858255 
25.6730866492 0.9635975288 0.2373788496 187.8947181092 19.5739311271 0.0951684879 0.0083185473 
82.1545368949 0.1120432839 0.4375954285 612.5217666615 5.6101223601 0.0598099764 0.0036839510 
88.5015565249 0.4228848858 0.2748343521 298.9183716847 1.8104772256 0.0461766614 0.0023319909 
20.7502904508 0.7816795117 0.4950602398 189.3122821895 8.7538420765 0.0591842921 0.0099564332 
77.4477233043 0.3000223227 0.8179777101 497.9973017543 7.2254359768 0.0630698786 0.0096756371 
31.5722846900 0.4213009158 0.8295961996 30.3695001588 16.6672375407 0.0388600445 0.0099082797 
23.2443032218 0.9495537712 0.5893255810 528.5919390235 8.0789055117 0.0876645164 0.0008925136 
77.9848745067 0.9588496561 0.4690240290 232.6123885338 13.5236849604 0.0033002725 0.0092422051 
35.7009173943 0.6052147724 0.7579001295 608.2119328321 7.4438604003 0.0631364655 0.0078794778 
27.8453743823 0.6739413266 0.2150600925 618.0176060651 12.5935713709 0.0231185530 0.0022471971 
37.2448726858 0.2800600997 0.0728012541 258.2917428438 14.1249252597 0.0025210727 0.0084544799 
37.1253286084 0.3327821860 0.8595055821 625.3509784790 1.9953025594 0.0021140416 0.0059751924 
57.3015378018 0.1676557497 0.7681314478 748.6600397401 13.8307787874 0.0674569531 0.0063683778 
64.9797762240 0.3504922208 0.0718878188 164.0795847044 4.2712409231 0.0797035412 0.0016648593 
78.6048634764 0.3443077544 0.2504100421 135.4476176200 11.3042898907 0.0519340694 0.0017398935 
39.3997560118 0.2536224182 0.3526579963 477.3653449046 2.7543895862 0.0395649979 0.0005022491 
47.3250612408 0.1087730837 0.9131052633 239.9255015628 1.8208097717 0.0189094032 0.0044504706 
98.0183933043 0.0711514383 0.1766304836 467.6026908996 9.5583348387 0.0486244740 0.0093139675 
10.9148959718 0.3589273852 0.6740154776 645.1850567158 4.7696644095 0.0149148457 0.0015375330 
21.4758736455 0.6414293210 0.4460608324 695.2803170389 11.3871387222 0.0725129082 0.0046439423 
25.0202313350 0.1099324935 0.2047357361 478.2532019955 17.0375652621 0.0577432986 0.0029944938 
41.0831410595 0.1988145152 0.2613587269 462.7142908883 8.2559901490 0.0211371132 0.0092913738 
72.2096490199 0.5516756511 0.3014566538 635.8503851065 3.4120547183 0.0477501817 0.0001477925 
43.0727636099 0.1357467934 0.6492324996 386.8838208355 14.6319235787 0.0589774518 0.0025145182 
60.1334411023 0.5648778387 0.5194903402 755.3903917989 15.1965706761 0.0316736256 0.0013830289 
32.0895968512 0.8303149182 0.7662065418 267.6464918896 7.1152293438 0.0187290112 0.0002294084 
22.8524871430 0.4370739009 0.7624903144 308.0574466560 1.5322143844 0.0993157854 0.0085573668 
48.3433574017 0.0625342311 0.9336144102 440.4390497957 12.1438798170 0.0326539894 0.0008123679 
2.1459702073 0.8701782294 0.7253415430 596.1521021683 5.5540241932 0.0202092928 0.0015766650 
10.0189867579 0.3957742870 0.3134200329 827.7583486692 19.9626802291 0.0098979296 0.0021974137 
46.8088515424 0.3906202084 0.5117033827 947.1768288347 15.8236573374 0.0129608899 0.0003998316 
7.1484996489 0.6824551619 0.9327420682 317.7339414284 3.8452563596 0.0074226522 0.0006981660 
55.7609284253 0.3604786181 0.2190044122 732.2150828626 9.1381029428 0.0642997708 0.0003758544 
85.4633529749 0.6953114519 0.7849077865 593.7229507303 8.0025935844 0.0611777097 0.0032885977 
16.3403038989 0.0019455310 0.1857118869 37.8158794995 10.0170001707 0.0155780076 0.0080326979 
51.5138127312 0.9132200030 0.2283967400 57.3807870192 19.1106215901 0.0822696724 0.0049039367 
95.6265883412 0.5673366002 0.2089800818 776.2659546046 2.1693336293 0.0939782674 0.0036574979 
30.8668342179 0.2486814205 0.4910070560 515.0120221115 1.3710565793 0.0126993107 0.0056817437 
67.6418072180 0.7731815369 0.0150835623 103.2038863299 4.3099694444 0.0013306165 0.0011533167 
38.6095704898 0.8449174765 0.9060281121 83.3336864748 13.6247088270 0.0054835662 0.0073117427 
98.7507069806 0.4442476404 0.4435508457 599.7080941624 6.0067328526 0.0133017690 0.0082741145 
94.5363858172 0.7441561649 0.9318154845 944.6133090456 1.6147242029 0.0745184031 0.0040406675 
53.0418243980 0.5137584896 0.1399680822 377.8558609804 9.0277389999 0.0798028988 0.0084309110 
35.4738787557 0.8222244283 0.0239515180 294.7062790901 16.7602189332 0.0700358537 0.0069510590 
24.7169774730 0.5307679970 0.3718980055 989.5790480280 18.7271852567 0.0048565144 0.0099761871 
31.3226409970 0.4919539358 0.2413287672 213.3005692857 3.7365868665 0.0887598034 0.0031731014 
19.6702545861 0.9226949103 0.4940986147 419.2234475479 7.6037134854 0.0062456428 0.0017097282 
0.2385433860 0.6175441945 0.9149986478 595.7186690400 7.6437090438 0.0805132298 0.0008840141 
35.0695723876 0.0880803123 0.6594182364 78.9653181904 0.0884952699 0.0594518179 0.0000869345 
53.7346850587 0.8901525765 0.0367240250 499.6643758938 11.9099427708 0.0260917121 0.0094828858 
56.5864102451 0.0837996405 0.9008607463 896.5813168747 15.1332877230 0.0916481452 0.0070166578 
70.0657193752 0.8581604544 0.9354733166 769.0053930732 5.0087875225 0.0689853061 0.0014777919 
52.4524707670 0.1685619873 0.3442997553 689.0812225050 16.9880477342 0.0664245974 0.0046583248 
71.4824834515 0.6467368654 0.8073025653 943.2654023466 13.3923792647 0.0068636657 0.0012039796 
19.8369247562 0.1974200174 0.0497496537 212.1909299531 11.0444045884 0.0474274206 0.0013224833 
93.9601508776 0.5291625768 0.2908660336 154.5153258540 0.6802862989 0.0753207091 0.0034723393 
73.9939799004 0.3747656331 0.1165759601 146.1636298208 14.9295016029 0.0407113857 0.0011985421 
46.3671802193 0.2146819236 0.8243779362 11.3251868749 2.9197075391 0.0704643463 0.0051074248 
55.9677243649 0.4502094379 0.5607807548 359.6947472026 2.1483833675 0.0771919889 0.0065135371 
88.0028971948 0.3419732654 0.3534923893 757.1795423667 13.7490124170 0.0778996607 0.0094768314 
27.2358826561 0.7763109461 0.6933358379 7.9465362265 18.9071885405 0.0550529409 0.0000416069 
21.1646179082 0.0878021520 0.2936062897 198.7953804636 3.4545713424 0.0399180459 0.0040035470 
38.4801229562 0.4618347720 0.7617892663 762.5220967661 19.3105903708 0.0302362027 0.0079782310 
88.7062346930 0.3892404635 0.9852843463 904.6557391119 7.7327744500 0.0414413143 0.0040509302 
20.4009505754 0.9546778622 0.5376292224 163.5902666661 7.1730557077 0.0835416491 0.0054756990 
75.8493777421 0.9504918970 0.7592963920 178.5960575223 19.6546225585 0.0458012999 0.0061235915 
47.4056129744 0.5957903158 0.4038647831 677.1760712507 5.0253959580 0.0872039424 0.0073429775 
23.6533749834 0.7168757123 0.6060701750 669.7273614814 11.7952194717 0.0409151163 0.0013951146 
22.2708814309 0.2786181300 0.2835502432 569.8017077156 2.0660153137 0.0556988475 0.0030947527 
96.5628698564 0.2994392064 0.9128376273 473.8085575998 16.3613402769 0.0219951934 0.0079917826 
5.2361055029 0.3858742219 0.0139793023 101.8123077711 2.3595244736 0.0460718744 0.0087774689 
66.6626502594 0.1600247623 0.6291188848 273.8439056169 10.5062408822 0.0605157105 0.0066675048 
84.8332155074 0.1856596664 0.8114885531 113.0173591450 17.1146757406 0.0338533668 0.0004247055 
17.4612681484 0.5178735429 0.8055947352 100.9833114776 7.7745838208 0.0815235313 0.0007360104 
80.1198191053 0.9382614959 0.8136135134 279.1233208087 18.0831205603 0.0560844220 0.0080668715 
7.5430384905 0.8282523338 0.3073419395 553.8500227575 14.7561437697 0.0145681106 0.0093560841 
85.8494511084 0.0147965359 0.8899603198 111.5287308552 14.7611958338 0.0035432786 0.0027700983 
1.1442393039 0.8425040849 0.8627534629 27.0786025051 1.9641263405 0.0381859951 0.0065366559 
48.1954949941 0.0434685523 0.0431695140 950.5078800946 17.5825551823 0.0756159030 0.0043693342 
44.4161846931 0.4283412341 0.6193205690 819.5499588189 14.4433748571 0.0652277673 0.0000033025 
72.8694717126 0.6322146219 0.3387838071 39.0122615676 4.8086415318 0.0154903763 0.0069665240 
45.9362660958 0.5108335825 0.9377602109 966.7640814698 8.3752549102 0.0178564109 0.0019794780 
33.6099152374 0.7179258803 0.5059916792 980.9659357913 5.2475341783 0.0351070917 0.0097197624 
99.1300501129 0.6270448493 0.3661190537 133.4364300867 13.1917799120 0.0226092909 0.0011354211 
32.1420598194 0.0376741233 0.9936925886 84.4065638410 0.4279779053 0.0440211392 0.0043183480 
51.3552458611 0.7588813781 0.1388137048 840.0252869461 19.9275979246 0.0638806619 0.0008796686 
3.1480365003 0.9728057233 0.4962801416 482.6242337476 14.2485242863 0.0397035098 0.0077621193 
70.8447637533 0.9902736252 0.3549624795 343.6609691728 6.0667244936 0.0986200243 0.0044486004 
14.6388139306 0.5967911168 0.1715073311 659.1109119161 9.9295882421 0.0715070859 0.0035947886 
91.3141114657 0.5377441868 0.6356944252 208.3808715314 19.3930035958 0.0019484856 0.0030242218 
26.1515323444 0.7802872966 0.7030457316 280.9442424255 18.7019545077 0.0913321171 0.0011047074 
1.5144363858 0.6165143000 0.4623117963 0.7092555998 13.4447203764 0.0007559094 0.0054479892 
54.5656733652 0.3729788989 0.7269669827 9.6273535517 9.7245785482 0.0786955459 0.0093479041 
33.5971861605 0.4169166559 0.8358457333 911.6153703895 6.7910506547 0.0186475087 0.0065519018 
61.9491831384 0.0448887532 0.2469642756 942.8497723167 11.2700480323 0.0702388411 0.0006106701 
2.3260748079 0.5389502185 0.4398340753 248.6992327994 6.7736440146 0.0245834258 0.0028056949 
74.4135076293 0.6257532154 0.3733655217 492.0612238706 12.3144085199 0.0862954116 0.0053593013 
0.8757052012 0.0694833995 0.2013610102 81.1664963535 16.5424097147 0.0323777946 0.0090981776 
86.5045586473 0.7130592981 0.1132136098 661.7007394194 2.4761934816 0.0662911378 0.0031448628 
10.7598541603 0.4105806814 0.2347631671 169.8164589105 18.7946770775 0.0962736464 0.0089264154 
70.2940009898 0.9735333763 0.8769871028 791.7251387566 17.8786803494 0.0437416386 0.0010751739 
59.7224649459 0.5713785648 0.9638202259 912.0026292042 10.9770549063 0.0788795983 0.0059291997 
62.6079487387 0.1143236981 0.7086069555 768.1750778312 9.0675993296 0.0992010656 0.0053679225 
36.9114167878 0.5472459469 0.6829159259 930.9485890109 13.0687848736 0.0782785686 0.0088810001 
70.3950394451 0.3786420779 0.6697093441 510.7692066720 12.0701719090 0.0850145414 0.0008539285 
52.0474171042 0.3637422170 0.3198619047 175.1825251041 4.5764124515 0.0336774960 0.0016415334 
88.3294358370 0.2620635321 0.1954280861 753.7446457140 14.8130615752 0.0849312336 0.0066766168 
62.7620276462 0.5498751420 0.5536722536 979.5196870420 8.9706255869 0.0698239176 0.0064146896 
34.3533982584 0.6427819478 0.2979698800 647.8238050362 19.9984523080 0.0545369587 0.0053156761 
11.9713608670 0.6241388434 0.3240253356 808.8879993775 0.7770487203 0.0982703720 0.0087936278 
64.3294913818 0.3797602973 0.3289152951 179.8385599416 5.7291167607 0.0680149373 0.0030522999 
53.2754449285 0.2588146124 0.7540700182 971.0248653072 0.5029316747 0.0279187233 0.0002469439 
46.4596145786 0.5699182893 0.7645783569 655.2449840139 5.1769149202 0.0839901318 0.0018518802 
45.5137679906 0.8603202297 0.7508157039 396.5453610869 7.9558760497 0.0008161818 0.0054294103 
44.6448765425 0.6147946179 0.3002322000 392.9992002112 13.2015272899 0.0977476713 0.0066522279 
73.3148368227 0.9663978642 0.3777844698 796.8641764042 2.4548324367 0.0523115812 0.0040818212 
47.6555607879 0.1151859162 0.6927114062 265.7921289780 15.2138161915 0.0360498194 0.0045691944 
74.0409801349 0.1838556878 0.6311416754 798.7405455060 14.0617813710 0.0283684056 0.0071849736 
13.1833753174 0.1626744672 0.1594366482 656.9454008109 3.8161842913 0.0135234271 0.0064537284 
71.0570267408 0.9926871381 0.5219976800 987.9274532952 3.9496681581 0.0568627427 0.0022370177 
42.6597999291 0.1118681123 0.3020416921 48.3198531344 1.0128623157 0.0841893924 0.0055664342 
73.2269544556 0.4068040157 0.5486041048 551.4572900092 10.6978913729 0.0706604122 0.0054984443 
78.2937150649 0.2817061680 0.9526587284 92.7075802475 12.1075965803 0.0669499685 0.0046718775 
8.2063887055 0.4700505689 0.1030246244 697.7663497218 1.5706796240 0.0168489837 0.0082271560 
49.3529099551 0.8115979922 0.1944108587 58.7036706456 0.4076682734 0.0363933297 0.0045739763 
67.2088723124 0.5320881456 0.6640561813 611.1711143576 3.2804255413 0.0720311813 0.0086719636 
91.0906538972 0.0780712148 0.3083159987 873.8261230445 4.1818983059 0.0937025073 0.0086147738 
56.9387000884 0.3461885660 0.6456070474 144.7501977278 19.9467102222 0.0636951877 0.0006468625 
48.8448028151 0.9644821599 0.2715035239 699.7556621657 8.6245934094 0.0339437422 0.0098030346 
93.3365730130 0.2593320542 0.9364430831 60.6047817837 16.8979112671 0.0679746193 0.0054680972 
23.7191549359 0.5193521710 0.3722078974 544.2557703999 18.1269312611 0.0114113659 0.0064207626 
37.6951742337 0.8650905022 0.6424826269 330.5572775083 19.5962688616 0.0038457734 0.0072210907 
76.9145864082 0.4253808504 0.8144325590 54.7946211325 11.9530821127 0.0172478727 0.0097259277 
29.8984164022 0.3846764610 0.3426813910 45.2297256001 17.6134076954 0.0789755376 0.0050321919 
21.5020495406 0.1899701755 0.9707412686 777.6566991786 14.4379025286 0.0899645315 0.0003251500 
18.2902102644 0.9166429002 0.1933591885 393.5610570980 11.4209400823 0.0834460386 0.0090062723 
42.5939553428 0.9403041876 0.5068154156 794.8289247014 17.7804258816 0.0163143401 0.0056228893 
47.8584365570 0.9352896905 0.8376490624 588.6648040055 2.7654496798 0.0874377571 0.0044732661 
36.3504580162 0.2957031676 0.1988458809 976.5325368102 12.8672699739 0.0378981289 0.0086325663 
31.9402210188 0.0849419480 0.3498203438 44.4083548180 13.8482585040 0.0654271867 0.0092554044 
66.1000908298 0.8877354006 0.1567114879 12.7328033626 5.7642675144 0.0739994563 0.0088614646 
24.3608771601 0.6196227112 0.6346124526 426.2402450205 7.4398985871 0.0383203878 0.0041177611 
87.4875841103 0.0925301845 0.4575520333 14.4370819730 14.4613837375 0.0686614142 0.0014132612 
50.7301338004 0.4768366327 0.1919912908 624.3539075010 16.8422044473 0.0496593495 0.0024944417 
94.4727349741 0.7221296934 0.5106671150 920.1337740829 12.4428215319 0.0929019463 0.0059566628 
2.5743428196 0.4518043466 0.0391906729 973.2742431669 18.2932892690 0.0248317821 0.0051221606 
32.7419386627 0.0779783917 0.2752182429 46.8880446734 18.9401797466 0.0204870131 0.0026956474 
18.0963624136 0.2389820537 0.5510291498 325.3721901701 0.6175008701 0.0510478812 0.0035043976 
28.3356565843 0.5996562834 0.5012818860 790.0117160366 3.2664983950 0.0504498372 0.0011108408 
25.3825177970 0.4245714269 0.6384882538 338.9075230859 15.1109586227 0.0597800788 0.0038921296 
44.0103006373 0.9553810999 0.4095879853 4.9060584704 0.7539631134 0.0942697804 0.0031576280 
23.0203021780 0.1656779899 0.0611340013 354.2724550830 17.0812715768 0.0457345886 0.0057237998 
6.4794983494 0.1889853178 0.4490743920 636.1746145969 18.2093228155 0.0632260947 0.0088037479 
18.3806312414 0.9192295493 0.3455541492 172.8635370302 4.3972357912 0.0340796508 0.0053068599 
93.6595926080 0.6074886442 0.2429198096 743.3287541274 5.4000880296 0.0392950319 0.0091231981 
1.3250693022 0.8967410476 0.8619457714 195.2988815938 19.8309175564 0.0848322789 0.0086656201 
4.1020079440 0.3927574366 0.0519371388 939.7876361273 1.2171452141 0.0478483288 0.0039514894 
22.6086754061 0.3668355385 0.0531339971 691.0863835752 8.9395783312 0.0301643561 0.0030695813 
14.3394538925 0.3995414243 0.7561873708 373.0743970703 3.4674180438 0.0934774249 0.0060037608 
99.9230149739 0.8512702096 0.2472848419 708.7067324593 17.5593315335 0.0842866672 0.0075727754 
76.2357989876 0.7366378047 0.6044504357 948.8582704396 10.6552955433 0.0633419808 0.0089676221 
23.5395367702 0.3558334271 0.6845007180 663.7891777760 6.7260341889 0.0018687314 0.0094462863 
95.2841666985 0.9830633977 0.5598137135 436.9171597304 10.2824534108 0.0366674677 0.0058386642 
56.4796869470 0.8384566193 0.5542188493 167.4473129839 1.3058741398 0.0250661633 0.0026482434 
5.6613240973 0.7971160486 0.9668454011 782.0619558508 18.6229551002 0.0369685554 0.0017770058 
57.7359670926 0.6763409503 0.7947126635 844.9248097870 13.0856951710 0.0346914242 0.0029592251 
55.4393101784 0.3736687273 0.6717887443 584.7597334872 19.7225679098 0.0984934165 0.0081583905 
0.7148096126 0.2136453751 0.6683888290 988.9280808097 18.3206294584 0.0452533789 0.0064719526 
41.3708254118 0.0024921040 0.5584271438 932.1446652849 17.8009517427 0.0150828304 0.0052318867 
25.5861557178 0.1016257589 0.1171932675 49.1539784778 19.5529936855 0.0547161902 0.0016252049 
86.9342219589 0.7193543914 0.0834970430 128.7444181730 3.7774650647 0.0659147567 0.0091944634 
74.5257699835 0.1328086575 0.9087262977 846.9983389273 1.1285370028 0.0024159476 0.0094359232 
24.9689068254 0.6845939206 0.3918817922 185.4515024953 15.9863998590 0.0032209647 0.0033737272 
54.8660998349 0.5534933479 0.2449070645 881.1747669755 3.7051792989 0.0500742775 0.0057443411 
80.5930664762 0.9023508607 0.4482309652 263.3241853573 5.9831441280 0.0794331767 0.0033137603 
64.6303670158 0.1564890565 0.7330595745 442.6701839832 3.3936337706 0.0831222959 0.0081414240 
54.9899833731 0.5058320831 0.4829095789 95.7817158925 7.2954312663 0.0071160782 0.0014053638 
68.5964345457 0.6877092675 0.0462009580 441.3398459987 12.8193792398 0.0164863176 0.0049233104 
12.4323974264 0.0366409741 0.6630042555 573.9101193703 14.0304674051 0.0320473486 0.0023480205 
74.7308994756 0.7658726768 0.0405997272 427.5792877720 5.1828007626 0.0230214823 0.0000775053 
4.5479746244 0.3420333856 0.2821202336 87.5590921294 7.1218955225 0.0738041684 0.0070289436 
27.4195862008 0.1251080884 0.6562599925 702.2462859487 1.0419902661 0.0238801814 0.0013553598 
12.2210844200 0.8855781651 0.0316480417 685.3298001176 19.6899862126 0.0946665720 0.0033693605 
79.0397370645 0.1669522951 0.2991799620 171.4608473683 8.8435543005 0.0821443788 0.0087233633 
59.2929776461 0.1810848061 0.2726662396 112.2183867854 9.4710697346 0.0579890362 0.0022153310 
94.2580802632 0.1725319996 0.7697773451 537.2519441359 17.2349968152 0.0119433997 0.0062117882 
10.3154591880 0.6025033749 0.0454833431 29.9438659258 8.4035801904 0.0867540040 0.0020924887 
79.4888452029 0.3713777110 0.0070855559 102.3520457884 15.2205944899 0.0525854886 0.0052554823 
7.2293122056 0.4849574201 0.8047706494 890.3492785591 11.8595794877 0.0490265908 0.0042302023 
67.9624952070 0.1474256757 0.7182217315 460.7737376440 2.7803927203 0.0184334988 0.0057747069 
18.1499120036 0.2975983376 0.4581863720 513.7296702024 0.3286392257 0.0494564128 0.0046936876 
97.2671858468 0.3092038496 0.6289074907 246.8631312532 11.2381634914 0.0208166881 0.0009334965 
33.2657168058 0.3513035369 0.7774979667 372.1599202082 18.6184626682 0.0001883507 0.0073043684 
17.0316830557 0.3543996500 0.2330508520 721.6756510294 16.1098417413 0.0658347080 0.0088118090 
79.1613823291 0.9572157593 0.9478843716 381.7589422785 3.6816087702 0.0531752028 0.0025915715 
86.0518551552 0.6745667693 0.1679590270 534.0614291536 19.2062716583 0.0861029807 0.0045066914 
5.7563448233 0.3041381604 0.8913791200 305.7893314931 15.8860557508 0.0417990468 0.0077321878 
92.0902895024 0.5970541910 0.1212921877 614.5111155711 18.5134278798 0.0943072192 0.0095850334 
76.4476403175 0.5665598515 0.1776856439 536.4419569745 18.2586344735 0.0655519262 0.0047395964 
39.2889062015 0.5701932543 0.1448951235 161.6358068986 15.5418378423 0.0408392883 0.0060971769 
65.3427032632 0.5776226856 0.4513880825 658.5065576760 8.4296601957 0.0036325005 0.0016821237 
5.9525992644 0.0093194232 0.3398744503 77.8848191278 19.4203997584 0.0814149305 0.0050481820 
93.2921685255 0.1396945247 0.7282097540 694.1002124995 12.6354504797 0.0961869916 0.0072933837 
9.4935143208 0.1797467382 0.3619066455 214.7392826432 3.2207352714 0.0455817826 0.0033258311 
24.1709277544 0.5202251719 0.9279706000 487.2966758965 16.3458428070 0.0748635159 0.0038029171 
37.9431240931 0.5627457094 0.1478392261 773.4654102462 11.9912077891 0.0195342411 0.0040385568 
9.2523979618 0.4022280527 0.6882590276 884.1892267356 9.9495504134 0.0792925852 0.0050262157 
50.0769723985 0.7634245503 0.7923039464 956.5545212027 2.4999995588 0.0256541523 0.0078199316 
11.5887526714 0.1459820925 0.7095216798 465.2328580055 5.5357595220 0.0462048949 0.0095961652 
74.9744118863 0.0168749853 0.4562612607 262.3358749908 16.2434960404 0.0401862850 0.0009745282 
91.6086108071 0.6557954777 0.2521878430 148.1485987292 13.2729753374 0.0087745486 0.0049875676 
12.9045607886 0.3363055008 0.1223679803 136.3353828293 10.0458881477 0.0758235454 0.0081034065 
19.3705189681 0.7958983251 0.2147425068 193.4546328068 14.7065678753 0.0191631506 0.0013621956 
41.1540594609 0.4602898111 0.2009486914 684.9654072967 5.0600749067 0.0416825892 0.0050868396 
78.5612216259 0.6487115182 0.6516941705 275.9098426584 0.0169123004 0.0924106547 0.0054384104 
53.8229620105 0.6699806214 0.8740093305 728.5545969835 0.6783602444 0.0123807396 0.0029747171 
17.6605067594 0.5873929070 0.5976923856 72.9192203347 14.6600001064 0.0495507758 0.0060245568 
28.2096359252 0.5229617684 0.7229534927 864.2679045455 3.3405697938 0.0585943332 0.0097911765 
23.8075418722 0.7932854457 0.1371876105 577.1312602069 8.8743881542 0.0263317593 0.0052441430 
49.7305599272 0.8019952667 0.9340295761 523.4379722735 8.2063075627 0.0816575349 0.0004034413 
44.1024191676 0.2695306364 0.5986271270 170.5886870537 9.6006304254 0.0553647893 0.0082661358 
23.3736488469 0.7868662931 0.0294115076 799.0434558634 3.2178757359 0.0299079345 0.0056589900 
47.2960814618 0.0186464928 0.5306722301 501.2342793464 13.8826959090 0.0941552462 0.0048523565 
75.9235276295 0.4056849122 0.2113087642 115.3412325353 11.1415294666 0.0671705556 0.0028799246 
96.4576249746 0.0456442264 0.3954200000 75.7501888077 5.1562421909 0.0288808999 0.0027050220 
9.3384829540 0.8121258664 0.1870256747 28.2096754599 12.2889561960 0.0049738703 0.0029083520 
31.0123133238 0.0540442421 0.6771873789 978.9827229575 0.9823369174 0.0015538273 0.0018338563 
56.0539795161 0.8835386182 0.0677564754 657.4869164593 0.6428096888 0.0092787673 0.0064811702 
84.1294776849 0.5460771958 0.9536356035 490.6346781846 11.7496779576 0.0968468953 0.0065923061 
15.5226400595 0.4868141928 0.7991119384 224.8838602201 0.2014997746 0.0741541732 0.0031693588 
85.6516709314 0.3209729964 0.1967262605 868.8033912735 4.5946572158 0.0422080742 0.0072851512 
26.5352920685 0.9591508263 0.1508804077 646.4511214898 8.9867304369 0.0869848397 0.0040735367 
79.6350942162 0.2899721315 0.1805820514 954.5578599548 5.3006334119 0.0978882878 0.0033330426 
3.5730753926 0.7332112217 0.5768103372 953.8632225639 9.4404397698 0.0908711210 0.0002868268 
77.5672045403 0.6374576565 0.4893992416 811.8420332617 13.3092566564 0.0759273441 0.0037357986 
95.8334152868 0.7473848776 0.7523392356 675.2459956008 7.1972117335 0.0237926257 0.0083839591 
78.9650337403 0.3692303333 0.8316230882 933.8678096797 4.4890654933 0.0223707903 0.0080027385 
20.2294072320 0.2509590044 0.5441380040 509.9513034754 8.3572360765 0.0967244467 0.0004460619 
31.6968839553 0.1741745843 0.8808357392 837.0402204415 14.3393120170 0.0285964741 0.0010505577 
35.3437274275 0.2751794893 0.8527462712 750.5963529445 18.9796571301 0.0609988921 0.0063252404 
12.5801586940 0.6836087101 0.1680961140 215.0087149284 8.1752938217 0.0413382361 0.0091681790 
73.5224763473 0.9695706849 0.4148112074 201.5441702697 0.5853640477 0.0776577571 0.0018909056 
15.6286814643 0.0643259507 0.6865602366 940.8518352839 0.0307638441 0.0769762920 0.0030770073 
15.1307107821 0.1289434101 0.1882514264 397.0739810008 19.1313058987 0.0481207907 0.0020306253 
56.2076313978 0.4589862358 0.4086974066 952.3617316952 14.1491395197 0.0314546234 0.0001800149 
8.6856488012 0.2773231707 0.8604095011 858.4283875784 6.2466472739 0.0221817569 0.0062625822 
7.4612300337 0.7276717302 0.7124105877 220.8586930062 8.0807035822 0.0511549267 0.0006593023 
36.0494104408 0.5738121553 0.9895665432 929.1428756838 15.2548325363 0.0065642349 0.0099437315 
87.5543516741 0.5865205274 0.5750600473 177.4880014363 2.9308836935 0.0200017342 0.0073994013 
89.4992844715 0.7888614367 0.5322310370 849.9536242757 19.3523699685 0.0233364538 0.0071097858 
1.0636002844 0.5246999387 0.4274297328 749.5284398195 14.3156677177 0.0313226085 0.0034625300 
33.3091308453 0.6110625708 0.3169566981 838.6849146199 6.9956235956 0.0987696989 0.0032088040 
69.6837983615 0.4931951714 0.9231839974 328.8871186146 2.2980304117 0.0971796304 0.0025666151 
13.4455320440 0.4754465455 0.0014190449 673.4693342940 2.5169418918 0.0151236654 0.0060107882 
80.2481378842 0.7905391400 0.7009256888 200.5111614145 10.4083873024 0.0734723401 0.0019346925 
43.4207008840 0.0124448488 0.7405799022 253.2910377359 8.4460726178 0.0362212006 0.0040218671 
11.1119286441 0.0117202140 0.6624239412 108.8428944152 1.7832213468 0.0855168973 0.0002740529 
83.5766074367 0.1821726542 0.2677087820 683.2144161394 19.5152039349 0.0840010906 0.0054195417 
20.9359794646 0.6623029132 0.3932232926 486.9054699325 0.4471992149 0.0935173733 0.0028675299 
5.3811202049 0.7842934295 0.8930686385 207.4080040981 9.7960300864 0.0557098911 0.0068758613 
13.3246242708 0.5903228413 0.3351881905 982.3691327680 16.8205499413 0.0832455560 0.0044619441 
47.9295074543 0.2009857140 0.4114514273 16.6117158901 18.3086412839 0.0880725865 0.0034373774 
7.6979373762 0.1763627678 0.3753522360 445.3100540060 6.5817075886 0.0310599519 0.0081823030 
69.0382439164 0.3298974908 0.8408908699 15.0863075078 8.1416540091 0.0080118342 0.0007885375 
82.3175055313 0.5064355373 0.7650054180 686.9270688351 19.9139519523 0.0031587845 0.0011701998 
34.5268377543 0.0044073684 0.2816691219 821.7512620113 8.1926632224 0.0820117394 0.0069496457 
82.0128973131 0.4943632987 0.1781893539 417.1714852277 10.9484548700 0.0394555130 0.0060440920 
33.8219747880 0.2441941488 0.4786461611 336.2790618318 18.2675702599 0.0950525282 0.0032962713 
38.1375676479 0.1638135528 0.0569806537 986.5300360987 4.1507627089 0.0147706118 0.0044331813 
50.9177421597 0.2873781809 0.9564547954 729.1397858062 15.4518194993 0.0485421294 0.0080584191 
76.1388230595 0.1925043093 0.6969384024 727.4464844909 17.3615791738 0.0774650471 0.0011894604 
66.8480562266 0.8683865849 0.4613951612 342.7529672008 5.9222394600 0.0710458151 0.0043745380 
69.7069661405 0.5916090605 0.4938314895 556.8770229917 13.8169345382 0.0296330349 0.0002095152 
48.2117114666 0.4437565135 0.1101444754 605.4249880789 5.6743112713 0.0029005221 0.0029250967 
88.1064553960 0.0537694986 0.4007982888 227.1721619257 5.1169360082 0.0344319722 0.0071560038 
77.2846196537 0.8491723604 0.3582721776 116.8185060234 6.5480012525 0.0141509872 0.0005558059 
99.5097888218 0.8522849281 0.4539149128 241.8144962868 2.3768928539 0.0148425075 0.0061928089 
83.3980618032 0.7426421520 0.9100531758 660.6805437211 10.9850482072 0.0959763204 0.0091001847 
67.1253266649 0.5080025074 0.3370265651 555.2867682300 2.8728350134 0.0975029555 0.0026019553 
32.5413322129 0.1734586848 0.8553347837 897.4983233412 3.8898068712 0.0410754839 0.0094194995 
84.5571333552 0.4401721437 0.9251583167 173.2738774829 11.5361737646 0.0471230609 0.0031293273 
11.4917181620 0.5653568484 0.4550064949 410.9468565486 14.6967876760 0.0017437452 0.0083743304 
67.3525473181 0.2701135178 0.4507557488 26.5724854731 16.7486258364 0.0157160527 0.0051196766 
26.4788690497 0.3133516877 0.7112367417 642.4217029355 17.5680311457 0.0305511607 0.0075657301 
41.5933573986 0.0314486336 0.9188362056 184.4520244229 8.5698722733 0.0379696171 0.0027483270 
61.4989454625 0.8917510135 0.2545752267 992.1612189864 12.3387341505 0.0438468229 0.0061591777 
66.0806316042 0.1619932129 0.3765034935 964.6363172085 8.2886346432 0.0418870453 0.0018777253 
85.2919828745 0.5893010430 0.4414748876 851.1926294055 0.3615585036 0.0322703442 0.0022978695 
54.7037000081 0.8403903222 0.4524169123 303.7051326529 11.5691018874 0.0078348012 0.0098976920 
96.6542184245 0.6510623221 0.5347409654 615.0112513864 11.6668887219 0.0170920758 0.0066850152 
86.1127996903 0.2174562327 0.4640161934 314.7137789646 15.7304443760 0.0864254519 0.0030133309 
85.5709807684 0.7705339431 0.1727628213 997.3661382749 18.8686989340 0.0109198820 0.0019174897 
62.2934569816 0.4178652816 0.0415860284 439.7049547847 9.8456894699 0.0764734658 0.0013708034 
71.8590957094 0.7556121451 0.9978363934 453.1821961206 18.5524928957 0.0453331171 0.0076666035 
78.3607718185 0.3267551001 0.6052744768 327.2919029516 5.3674037512 0.0907612972 0.0051726713 
9.1587944336 0.7007694412 0.6413789237 123.4602300851 13.7108897254 0.0808006437 0.0053878883 
48.0011900251 0.1360010044 0.8200678607 243.2923447226 1.5975301063 0.0651086879 0.0095523409 
52.5001575702 0.4089172272 0.5134622883 3.1164120391 9.4395845457 0.0663396620 0.0007998225 
26.6469675921 0.8233594470 0.7213920606 117.5455203400 15.9394249773 0.0090962456 0.0044831934 
57.1645113029 0.5981265009 0.3979152373 874.8063565458 12.2284506991 0.0995399803 0.0049526853 
58.6583654910 0.5431307278 0.4889676924 254.8166130868 3.0950814920 0.0803476967 0.0088427973 
35.5735585546 0.9967386731 0.1266633644 205.2978737113 0.9256199680 0.0777672225 0.0019264850 
53.1473916726 0.5114312248 0.2667144417 180.7947699228 6.0899000078 0.0060806166 0.0047962846 
95.1072048047 0.3275384610 0.3336309738 775.3799487912 0.1050690721 0.0564122627 0.0083051609 
17.2698718306 0.2061854677 0.2913871806 403.3314664076 1.6495058498 0.0886037527 0.0001316455 
82.9983964736 0.2214678041 0.1494781197 412.8247888363 2.2314884222 0.0162479888 0.0036769242 
38.7706402442 0.1069598814 0.8464624561 967.5110660467 5.6321981883 0.0535919615 0.0067958926 
82.5925771817 0.0308765812 0.1419478409 240.8467509235 14.9137026033 0.0009686976 0.0074178836 
73.0656615158 0.3836376542 0.3560312960 725.1676150329 2.9652959674 0.0053814868 0.0058416946 
32.4083835617 0.3125982094 0.5350535967 601.5864027873 5.5750630867 0.0217072736 0.0072084452 
71.3157526666 0.4388823592 0.7389200741 6.3147436637 5.6834257451 0.0389571190 0.0095235967 
30.7418680867 0.3154133807 0.8275757069 634.3242700190 16.6833848921 0.0952573530 0.0051551822 
78.1124643494 0.1969879375 0.2242942235 850.9412323788 1.6238053149 0.0722998118 0.0024752899 
17.1529917302 0.3823480558 0.2561719503 376.2615148818 19.7432876874 0.0544379064 0.0028811161 
97.4761319570 0.7264153334 0.4386798698 733.7038896731 15.3055472348 0.0112257288 0.0016084862 
30.4162851228 0.9101645381 0.0738143804 825.6517844977 18.9276167911 0.0258050916 0.0097668750 
86.3645721741 0.1952318553 0.6325768504 366.5541375458 11.5007768167 0.0286255965 0.0096597940 
98.9426154059 0.5264166608 0.9799328389 824.2023202628 18.6525855733 0.0357824877 0.0017622356 
27.9835191775 0.9066267409 0.3788327359 218.1447618961 6.5025054057 0.0827177051 0.0005401371 
91.8907528333 0.5481796699 0.5027666578 945.1498401284 17.6908849974 0.0520072483 0.0038643199 
61.3311832626 0.5009894325 0.6469349169 704.1030900635 13.9469751997 0.0353400283 0.0088560136 
58.1753311620 0.9158715496 0.8380450014 17.7427782466 19.1558093714 0.0341036958 0.0014819007 
36.4175257383 0.9706439117 0.5362747167 680.1701979438 9.4998662040 0.0243301851 0.0075244887 
24.8837791573 0.8200750750 0.3837658802 562.8412399315 6.9130869139 0.0953244896 0.0019914464 
89.8834018227 0.1772215890 0.6084173091 413.9551377102 16.2174848369 0.0925409578 0.0065619798 
88.4702601426 0.1221904108 0.8978361854 389.8499400091 14.2236855852 0.0639596928 0.0086244383 
44.9804238607 0.9012517437 0.1439581503 137.2136009861 13.2915630991 0.0058482944 0.0065202628 
9.8289453304 0.4118858085 0.8162929134 414.0735971248 19.0098763753 0.0051387102 0.0014922112 
4.9560115085 0.2914813951 0.8927193940 297.1083431711 4.5045332955 0.0023361871 0.0043852116 
79.3158823324 0.9795769829 0.4997679234 472.6140849144 4.0639447107 0.0996367052 0.0016517629 
70.6329752816 0.3627942814 0.8448914746 98.2995072355 14.9876258127 0.0752205649 0.0079266886 
44.3025771958 0.4468447452 0.7789856639 114.7938964323 9.7695137063 0.0863057179 0.0019657849 
52.8182843345 0.4306239261 0.5772573055 358.6453120578 19.7839084200 0.0682202204 0.0046040144 
62.8614100343 0.5547320084 0.0900167669 296.2697801179 6.1060199601 0.0124124627 0.0027294106 
26.8847386816 0.1517644953 0.4976576895 142.9610227228 17.8908910265 0.0472833443 0.0081641376 
12.8943106498 0.6785174496 0.1258522234 422.9831997248 9.5622370477 0.0020272440 0.0009655398 
65.8747154164 0.1047404675 0.0483818152 644.5345272980 10.9392219400 0.0773630345 0.0063902175 
92.4366274140 0.9446498173 0.7988441885 900.8707907256 2.1294637891 0.0188439444 0.0048287872 
4.2966743241 0.0973498165 0.2861729188 149.4613369780 19.4168928474 0.0278575607 0.0078294325 
93.5545720590 0.5762259572 0.5178065696 710.3394229013 12.4349304839 0.0601155471 0.0024158889 
36.6584420414 0.3253628981 0.3064108718 758.3582766233 17.1483518015 0.0273478898 0.0098736352 
6.9386419956 0.8313363925 0.4701698458 129.5850258019 13.4227053770 0.0813689900 0.0094938004 
94.0316303622 0.9945683681 0.9453914596 371.2376212140 9.0082738861 0.0469218799 0.0077481043 
7.0841599308 0.0241120928 0.0375447397 628.1626215750 18.8179106893 0.0543929603 0.0084131693 
21.0602979992 0.4742871380 0.5039271280 469.6204157719 19.8058718144 0.0210580057 0.0094068783 
26.3791423112 0.4364279228 0.0057198218 155.9495785383 5.2863104793 0.0868541876 0.0093003666 
74.8975503691 0.0159309397 0.4452408750 653.8382550507 1.3576246016 0.0923268884 0.0093792487 
31.4585655757 0.9430370749 0.2773437829 18.3759381814 1.2271982758 0.0569481453 0.0009050536 
13.6761897860 0.4980320424 0.1285371182 761.1548885737 10.7717935281 0.0300192659 0.0090800685 
61.1880431591 0.4853304898 0.3360770427 244.3682671030 11.4781454429 0.0034245757 0.0043065314 
98.2549624034 0.0464120871 0.1209371782 364.8711666652 9.1493316352 0.0974605893 0.0014594864 
85.9033952102 0.6611717999 0.2308737992 367.9185854178 15.4165023508 0.0086768535 0.0037649905 
59.5219738712 0.7101073183 0.5941542243 219.0471401712 3.1282963521 0.0563209019 0.0090210246 
79.7299835408 0.3338889972 0.1348698105 421.2217513983 18.1750611650 0.0165467783 0.0062439882 
87.8211648381 0.9089223655 0.3050470562 337.4694982098 0.5566533344 0.0847141578 0.0093305874 
90.1968556628 0.7621762358 0.0793649488 424.3585390049 5.3563772099 0.0508308438 0.0004336107 
8.3049371588 0.6923074553 0.4657954196 666.4701536799 15.7565728339 0.0795299303 0.0007723852 
58.9220988050 0.7412755695 0.0707501376 321.4519942338 10.4600935490 0.0509085692 0.0075907612 
18.5638954667 0.6397191806 0.7154155068 118.7901493634 1.3814804251 0.0565866126 0.0061844547 
16.4388749572 0.3148004632 0.3473837216 430.9651740851 15.6300539236 0.0423977763 0.0034053398 
14.1379051021 0.0823225783 0.9113572121 291.7150354006 2.6009909044 0.0721624869 0.0041334782 
87.1363253197 0.0050011382 0.2077075033 543.5447169159 15.1670655800 0.0045317976 0.0032652515 
97.7391176734 0.0702646867 0.9267970653 860.0128207697 7.5315936716 0.0254872277 0.0036149806 
75.6128570911 0.6754387712 0.1732321457 295.8841108835 13.3234009614 0.0235964606 0.0008492290 
39.8907601862 0.8020798439 0.2530469495 604.6179207631 6.2051893610 0.0903517917 0.0009151181 
9.9171737142 0.4958786698 0.8983222801 907.4025010124 2.2110769050 0.0954203384 0.0074484746 
58.2008476081 0.0607443413 0.6794024283 870.3004885146 15.5089179699 0.0257735790 0.0079336309 
68.3222121573 0.4625147486 0.7963622065 433.5979440409 9.7077796216 0.0030382506 0.0048466119 
9.5491437844 0.3346045144 0.2177238171 999.6388121485 10.4851969903 0.0994700205 0.0003475517 
49.2580931893 0.0009996028 0.0918302709 924.0784468146 11.2545610386 0.0990251650 0.0086030974 
29.9774535401 0.9809354300 0.8413139492 471.1239760064 2.6340079822 0.0931066285 0.0097781135 
28.7356355951 0.8665042442 0.4160198735 520.2609641201 7.2611559316 0.0927999645 0.0045214745 
77.6358367012 0.1481809464 0.4012025551 352.1967452254 0.5345272786 0.0895005705 0.0083235571 
23.1498093734 0.8414851501 0.5573368700 872.5006179582 15.8410714554 0.0596090545 0.0018814457 
95.5891590888 0.4636314958 0.3922270220 915.8112246042 17.6430329194 0.0870590415 0.0053362389 
70.1257843546 0.9007368157 0.7247997920 594.9997669799 7.0593187376 0.0451981497 0.0064696212 
61.2651592921 0.9266814933 0.4543375847 774.9847511082 17.4997081866 0.0580916519 0.0014454905 
15.4546571068 0.4828142979 0.5453390117 106.8015027938 4.7870091081 0.0276224874 0.0057949797 
55.5470750721 0.7069164956 0.1923176155 682.4645435029 6.4922329913 0.0643700622 0.0090374381 
80.7605294397 0.0991931375 0.9511513489 557.3783407223 4.1147375473 0.0932365796 0.0016950030 
44.2898594755 0.5232323559 0.9430002553 140.5211257372 7.3238867270 0.0040888888 0.0003306661 
16.0528885284 0.6808010307 0.2886972808 795.6018223707 19.2669363620 0.0169666204 0.0069749319 
65.1521543688 0.8333890933 0.5741606473 505.3772942678 6.6909086817 0.0988379099 0.0003100666 
53.5068495584 0.8050954606 0.1656020224 539.9944511034 7.3021758631 0.0717409167 0.0070525778 
93.7164255766 0.1494800924 0.0198782536 600.2877986908 13.9690567666 0.0385841274 0.0051604663 
71.7291122141 0.7503897712 0.2963449963 498.5672384814 2.6921381175 0.0940368340 0.0012349262 
18.8871939287 0.7127569869 0.4840932666 815.0118591437 12.6071564503 0.0740771401 0.0056660090 
7.9742428265 0.8215615533 0.4716034080 990.0532130511 11.4915248816 0.0425334791 0.0080216926 
81.2093199117 0.2554613672 0.2162776271 145.7675885332 1.7228723517 0.0818344056 0.0002967561 
0.3738111796 0.5031379421 0.7937298382 157.4966466117 2.3935618564 0.0391181901 0.0087691509 
65.9527078496 0.0341447880 0.7827256164 716.1730598187 10.3718758521 0.0270450080 0.0081940404 
91.7757342892 0.8184020417 0.3875872240 829.6191241372 7.0977296363 0.0287593112 0.0045867284 
52.3934717693 0.7893903254 0.8491050028 503.8029998385 10.5959356286 0.0215835331 0.0031386028 
84.6569887456 0.1291355621 0.7324478262 356.5437760954 12.2619658229 0.0464117538 0.0014252099 
93.8912200497 0.9315217208 0.7465175305 638.0612817563 5.4669129477 0.0158608483 0.0011456108 
16.7858325199 0.9869823039 0.8908329183 722.2203835692 10.9112089044 0.0177739922 0.0047766006 
4.4064250549 0.8780273896 0.3888786875 236.6361864104 8.1223564312 0.0181209369 0.0074694148 
85.0834845437 0.2268373385 0.4332387449 181.6487429013 17.0060971660 0.0843266774 0.0089592371 
90.2548487369 0.8693627861 0.7447346330 182.9648607317 12.2587905495 0.0905375538 0.0015534055 
83.6868756563 0.9915670724 0.5954341376 450.2823814325 9.2075753037 0.0354055101 0.0045553531 
30.2947634164 0.1802873996 0.3802413958 709.4596858554 13.1773331151 0.0489584040 0.0002131851 
45.8949437906 0.8170111936 0.8330961145 744.7999027299 6.4516182527 0.0434085901 0.0081763031 
1.9064989622 0.3398085181 0.9988448201 828.3879009232 12.0924766498 0.0063749380 0.0042516064 
97.3156152345 0.9240641424 0.2100817991 941.9796535083 2.8940009802 0.0361990079 0.0007608960 
68.2695427202 0.3065402352 0.3107292906 222.6554420858 18.0353075770 0.0216916412 0.0050735189 
12.0880847091 0.7723972342 0.8866245449 234.9481543350 15.4262274525 0.0167231895 0.0097387450 
10.8770638215 0.0295043517 0.5163910418 457.3424744629 12.7713965120 0.0538254220 0.0067886106 
34.7066934737 0.2347776347 0.4319375117 726.5779015954 3.0720550782 0.0218554923 0.0026336250 
66.2515474651 0.8080209253 0.4342504620 289.9273143884 0.7153082132 0.0261280360 0.0055253418 
95.0621953339 0.3405147321 0.0342429547 217.7374711972 0.4955957122 0.0456794208 0.0076178524 
29.2213094945 0.4839319589 0.1184937068 406.7293372937 10.8297870052 0.0343082162 0.0024294901 
76.8716200862 0.2560974943 0.4737407460 194.9695653120 10.8587377210 0.0121048362 0.0008679101 
34.9623117715 0.1845001629 0.9426300571 788.5640804735 10.7969810118 0.0647344177 0.0031116133 
58.5112369020 0.8999297844 0.8222538490 121.8667791931 14.1838253371 0.0480227538 0.0067204872 
57.8672992011 0.8096684668 0.2056824582 269.0719271458 0.3968719944 0.0004404902 0.0022710145 
54.2328745593 0.9515939972 0.8877939259 917.8425097731 14.2794502352 0.0222621478 0.0055432308 
21.3742326909 0.2331321485 0.9757201077 511.3824079169 15.7184384709 0.0768635629 0.0091382028 
96.9014085424 0.1263606429 0.6587460388 830.3223636724 6.3922968929 0.0918515217 0.0018654748 
22.1444283923 0.7855157641 0.4245448253 737.6184656099 11.8824490525 0.0743199408 0.0073562623 
27.7465729664 0.1406958033 0.0853395972 281.9236259545 5.3873023212 0.0138544850 0.0059602362 
34.8218962072 0.8715196230 0.3986409086 592.9075471636 18.7495209469 0.0527208724 0.0032158257 
10.2724787122 0.1079945924 0.6665234110 50.9202571547 0.0469752905 0.0672112339 0.0014607698 
14.5589051706 0.6266186485 0.5851426105 428.3179071090 12.4151707529 0.0999038185 0.0049784665 
71.5276550386 0.9976547881 0.6534577109 152.6747065436 18.1427405374 0.0306510184 0.0041271999 
85.1961536529 0.7464824430 0.8085678308 91.9401513186 3.5481709783 0.0904408302 0.0070704422 
45.3018722661 0.3539789706 0.5833605222 922.5400636089 10.0270849622 0.0690546745 0.0086455643 
94.6631623920 0.2544337559 0.4151926594 756.5108900739 16.4748351358 0.0201663792 0.0081139272 
32.3078501813 0.8771285020 0.9247676496 480.0974719906 5.8251235140 0.0290881289 0.0038324629 
39.9557573325 0.5596132205 0.4254753545 792.0206155125 2.5765598748 0.0666478744 0.0081212392 
2.8534477312 0.8349538612 0.5393751494 983.9606333929 14.3437659707 0.0871361080 0.0062728103 
2.6582404994 0.3056440340 0.4637459157 387.1189682706 5.8897121463 0.0714804925 0.0095178895 
6.2149424681 0.7941947445 0.2764110691 463.1067676700 6.4274229602 0.0620015600 0.0081301621 
17.7462535222 0.2232074002 0.6098494914 888.2302254550 16.0471343244 0.0308269939 0.0084293769 
65.7149075573 0.8572190354 0.7481850567 42.5519418740 19.0226985420 0.0546704228 0.0048606331 
73.1034533414 0.3030217958 0.4268999696 542.9509031509 11.5503339309 0.0765271429 0.0066388233 
36.7676855034 0.4558191436 0.8008175629 454.3004518078 16.3845193308 0.0825183377 0.0086815682 
50.4506138160 0.8921259565 0.2785153774 272.9873641623 8.1158729456 0.0476640262 0.0082571071 
51.7193935154 0.3384484758 0.7204960053 759.2149883709 16.1641149197 0.0958533629 0.0012834359 
81.4985181865 0.5395562557 0.6879984642 613.5565590616 5.3315337076 0.0042164070 0.0035371876 
59.6694758992 0.9486355192 0.3047840049 134.9493290789 9.6486305952 0.0582116327 0.0062968723 
11.3930851774 0.5921942908 0.9940908083 345.8006480195 13.1530174895 0.0266332021 0.0089144551 
6.0161981710 0.0234243886 0.0089470868 839.7433582919 2.7035218430 0.0142861508 0.0075083786 
13.8299390568 0.2012390111 0.4320891229 405.5390814006 12.6823912058 0.0116451034 0.0035202742 
40.8794232202 0.6063310149 0.9673092064 670.6092681342 10.3945166520 0.0005300826 0.0027377057 
63.2513557436 0.6083785869 0.0603336900 570.1866400204 9.3790806152 0.0484318148 0.0072591821 
69.8064495720 0.3303502991 0.1748747311 318.5525158503 7.4826383632 0.0779350676 0.0001693947 
9.0914825064 0.6547804804 0.1849679083 921.9271165146 8.3812310792 0.0718679743 0.0042403313 
60.9371186254 0.4127777752 0.6118101894 378.3770146534 13.2498163238 0.0781139514 0.0035157185 
10.5280226175 0.6016512340 0.0889813020 474.7210800721 11.3406519515 0.0307160364 0.0043975949 
86.6147158468 0.5281523814 0.8675948550 969.5556905036 16.4989139593 0.0883264998 0.0096819918 
90.4042069906 0.0935908732 0.4814439159 22.0431724352 19.3385629241 0.0593287344 0.0030480959 
83.8645403110 0.8240040989 0.7916347865 25.9152167014 12.9244243789 0.0615186907 0.0022686433 
16.5146667345 0.0721401729 0.3464904482 68.5370200893 17.6351758455 0.0860378735 0.0077585908 
34.6033040904 0.3070971573 0.3798132319 444.6719089735 0.9066424803 0.0503557459 0.0003640577 
35.2917649541 0.5944479613 0.3502843170 391.1333231017 2.0383055022 0.0540767883 0.0080174734 
2.4635602207 0.4044691262 0.0690236201 459.7780826135 19.8748080341 0.0085100149 0.0089015465 
47.5334808052 0.0351610193 0.5228663620 522.2312183730 8.5013287059 0.0727663350 0.0071797507 
56.1380902961 0.0427783886 0.7976263414 641.2768328553 4.8428577789 0.0125225951 0.0083330562 
2.2977541642 0.8538873843 0.2794309575 517.1885125600 5.2632181291 0.0549531427 0.0040609254 
32.2163456027 0.2739611815 0.5862286104 617.8180921874 7.5422927589 0.0732553219 0.0048775131 
92.8152159394 0.4806162625 0.7060294069 491.8973863427 8.5512436672 0.0810789703 0.0025802260 
79.9631535796 0.3575369229 0.4189368874 452.1564697308 0.2884882750 0.0056534008 0.0093610872 
49.0908590929 0.6855308396 0.0758906920 630.1288677386 14.1758203531 0.0255014780 0.0068175365 
16.6394118307 0.2829841438 0.1459945338 582.8419704030 5.9137314320 0.0728648667 0.0076023662 
66.5265972101 0.2169904468 0.1237381239 264.9884243077 13.4906610397 0.0787649352 0.0092002682 
14.7701562376 0.7517355927 0.1902999438 863.8418332276 15.5294383398 0.0176039233 0.0039373935 
98.1515563040 0.3173000403 0.1825060219 633.5754121535 11.1397673322 0.0972310589 0.0025424958 
43.5051039257 0.4793435803 0.8021565334 591.2441155579 19.7711843058 0.0955974262 0.0046242405 
3.8598114576 0.4777388667 0.6890990734 619.9122933089 7.0618342955 0.0442049886 0.0068300494 
33.9942931498 0.3779377041 0.6005234189 752.4106262152 1.5498982194 0.0912921353 0.0034862756 
4.0414267405 0.2669105544 0.2592831630 382.3035637332 17.1683683789 0.0673590136 0.0009272563 
28.0488708039 0.0219018381 0.2359762308 880.9420804542 1.0362819205 0.0347758273 0.0023764714 
4.3229242628 0.2636634210 0.6766164761 637.8133990930 17.6753869762 0.0183840643 0.0016148827 
13.7329348150 0.9899109164 0.7859292373 720.8147733934 11.0682703224 0.0224352212 0.0036011127 
19.1180693024 0.1186005405 0.5142661640 504.5350788455 12.7213830720 0.0298225155 0.0070094167 
81.8200646475 0.2524977459 0.2844157918 981.8163378449 7.7567325799 0.0268461443 0.0048187290 
38.0649103048 0.5186361292 0.1489240833 94.1163898330 9.5354775370 0.0244284546 0.0077093970 
99.0218233679 0.4197047410 0.9745329959 470.5509381513 6.1297432187 0.0318996378 0.0027143710 
30.5023484063 0.2117230868 0.9832931912 10.5141533072 9.6314695501 0.0634579986 0.0057050652 
83.9082038422 0.2921889763 0.9881138468 629.7217312050 1.9253759183 0.0405615229 0.0023685598 
85.7506336451 0.0035284839 0.6608436128 770.4341747430 9.8313345460 0.0606840524 0.0072141333 
71.9036598439 0.2190841411 0.3482589550 369.1787944717 16.0746181822 0.0501050533 0.0021573235 
41.9511302118 0.6794691660 0.6160890631 138.9689456108 11.8119162431 0.0650183699 0.0051400976 
92.6813137977 0.3800315254 0.2033982184 717.1580127305 7.6732312905 0.0234828873 0.0041896955 
26.0841191880 0.1337427831 0.2090700141 38.5483485077 3.5145932927 0.0755387839 0.0014343503 
80.9781998417 0.2288968764 0.7274609144 502.9419802487 1.4255140753 0.0576312119 0.0032580727 
89.9728515527 0.8509107415 0.8770793437 937.1269935693 7.6248795407 0.0239911134 0.0058815997 
26.7385581870 0.1943557884 0.8266372649 813.7279983622 15.3501310008 0.0966775863 0.0085271949 
16.8400055799 0.4425606067 0.0118576950 817.1942970448 4.7149238905 0.0052407839 0.0020701240 
84.9378964114 0.9091397386 0.3405282653 654.1634866634 15.3829836774 0.0882967493 0.0003809134 
12.6158591607 0.6336168930 0.2739925393 507.6479654613 10.3541551695 0.0521108906 0.0089976912 
82.8790821631 0.3107219159 0.7368036662 461.9698287967 17.2631735302 0.0824191777 0.0007068464 
10.1484747973 0.0133486256 0.5912715005 731.0205672539 5.7960937638 0.0571036083 0.0069821423 
6.3404525470 0.7750314671 0.2484987824 252.5878020660 5.2067140299 0.0390290016 0.0074212656 
35.6580608266 0.2098389281 0.1072874846 524.4732413636 12.8996765202 0.0487430344 0.0076445027 
46.6221691635 0.9934054520 0.3636140341 805.8634000314 14.5973987424 0.0976647704 0.0009468977 
61.0076717497 0.9296070606 0.1978159902 910.2212527584 0.5676913724 0.0893909062 0.0030003926 
72.6259877544 0.6180717914 0.7904408896 820.4404434816 15.4873613840 0.0427820298 0.0075442448 
12.1369539423 0.0618077549 0.9191534011 560.2112295508 5.0980506008 0.0785568208 0.0096202030 
27.5280839094 0.4648405512 0.9713604019 153.5198603392 7.9663207871 0.0370142414 0.0054594112 
16.9748244794 0.6356822629 0.6332062443 199.5272898222 14.5764271365 0.0919054051 0.0066206246 
29.5064571403 0.0171605359 0.3869216951 925.4713815008 19.3797561668 0.0532642421 0.0066458787 
81.3290865646 0.3214543703 0.8501798017 597.0501603834 15.0402890265 0.0604611542 0.0000610556 
94.1550720348 0.7598759078 0.4476638753 105.2078330846 8.9162228533 0.0562779442 0.0079419441 
40.2029276230 0.8864935193 0.5694950597 86.7575088552 2.4134504446 0.0575556866 0.0093869242 
38.5548279337 0.0584067477 0.1278448494 606.3665286318 6.1410236180 0.0628723003 0.0055800893 
89.3709139056 0.9289410949 0.2316311143 738.5327958454 9.8671945929 0.0930267877 0.0031058783 
94.9544587074 0.8138379502 0.6260670590 861.5229677718 15.9405701493 0.0733369725 0.0007571864 
88.6186600000 0.6492478058 0.3894816388 360.9372850573 0.1256096359 0.0022832060 0.0039997467 
22.7404942312 0.7825067958 0.8100914946 374.6258653447 5.9512218696 0.0043119289 0.0091788250 
12.7202635203 0.0795963147 0.4722938927 621.2134288102 10.7146034800 0.0402800260 0.0021023568 
0.0407991297 0.0947711842 0.1895317869 353.9290560751 11.3724092318 0.0355805474 0.0061005751 
21.9215815322 0.5455754457 0.3094358475 961.5277518152 10.7499024782 0.0507978505 0.0010657369 
39.5017587977 0.3560740361 0.5402293025 842.6853837789 1.1740634360 0.0595427314 0.0048867386 
4.8758090552 0.7219775198 0.9481740936 923.2263817956 8.3130727534 0.0264913168 0.0021829729 
77.0090016499 0.0516750851 0.6809819048 786.2617340508 16.4513188038 0.0337971269 0.0085104713 
99.4002073803 0.4991913935 0.6676899022 411.6274263453 6.0260980423 0.0229977235 0.0064007573 
69.5991859124 0.7208771750 0.5290807509 598.3742831491 1.3259931109 0.0610735193 0.0050549156 
75.5356783056 0.9477778267 0.6529121154 125.3344264776 17.9930090113 0.0196356115 0.0035868457 
60.5079635246 0.0066208711 0.9691202957 589.5612347253 8.0289142723 0.0206471304 0.0062309794 
40.0648472080 0.8365893691 0.4289427637 380.5188213098 13.1062539080 0.0731504216 0.0027817563 
53.9568175554 0.8004049100 0.7807815942 47.9363563149 5.8491565541 0.0099109521 0.0010177479 
39.4338507292 0.4313254325 0.5526545608 132.9539998930 10.2601458962 0.0512128194 0.0071379427 
51.4494563837 0.4230244623 0.4686523602 974.4147142748 17.4466280598 0.0331587624 0.0072475262 
90.6630691832 0.8353025734 0.0747571681 31.4403563605 9.6719012396 0.0614448566 0.0075531791 
7.3074610766 0.2471378887 0.3259647965 571.1292460022 0.3445749488 0.0854037787 0.0000549185 
89.0002316446 0.8167863659 0.7046955095 363.4644421840 15.0898180478 0.0909142266 0.0029334772 
55.2220403699 0.0750593242 0.9465769089 626.9250415406 12.5463804805 0.0600190249 0.0087056481 
47.1868755987 0.8815043715 0.8124768370 375.1451814620 4.4431196645 0.0837207156 0.0073821656 
82.4383205040 0.7661281929 0.7534742869 292.2519528442 11.8671289619 0.0081153667 0.0039489572 
34.4076692202 0.4153817065 0.4603895872 994.3888596529 12.6736630232 0.0319930125 0.0037092760 
31.2064754726 0.6472643434 0.5558767087 431.5214467263 6.8348859675 0.0581702016 0.0078980015 
67.8796266189 0.6585545610 0.9280530508 707.6603623471 12.9577512467 0.0431102201 0.0033025521 
24.5369101132 0.1932843274 0.5969576927 688.3462870487 4.9269949124 0.0878053705 0.0052603188 
2.7411532580 0.0895511057 0.3268908428 340.5031061278 10.1458710779 0.0578904107 0.0004848989 
64.1704443872 0.9078078078 0.9177114737 379.4846329175 2.9408429367 0.0197460465 0.0061795383 
77.8192354805 0.1031335201 0.8584279742 341.0992469733 7.8351702130 0.0599785458 0.0017966903 
64.8561589516 0.5937849550 0.5684359694 558.6467604896 7.9110502794 0.0094068040 0.0033447333 
80.8649547069 0.7999827297 0.7710458392 532.4040548748 16.2971328908 0.0701098313 0.0099167487 
8.4599161072 0.4909744957 0.4105533443 740.7625263179 4.2982753154 0.0626801518 0.0056153569 
8.5349989405 0.1270508637 0.2268249562 126.3711031911 7.9348255356 0.0174443357 0.0048385118 
98.8532770417 0.7033954123 0.9018611853 530.3019944776 14.8611180740 0.0247073587 0.0078630685 
73.6028029676 0.4398413871 0.5097870571 211.0887910377 0.6377328788 0.0981059275 0.0013118741 
29.1915452812 0.9882090312 0.4598551410 466.6714172920 8.3313134305 0.0179416543 0.0024305761 
60.0954260978 0.2246502574 0.8096196026 259.5398533394 13.0494892103 0.0866483320 0.0072726752 
67.5216080924 0.0220427595 0.2641561095 736.8330298310 0.0635162662 0.0443654071 0.0054060878 
55.1586132253 0.6647036538 0.9168518520 886.9247561814 10.8638179804 0.0444753292 0.0019439874 
18.7303569307 0.9531872306 0.5926850065 139.2943526134 18.3512348049 0.0603704504 0.0000325207 
65.4654401650 0.9120183107 0.1125202760 711.6463631698 14.9626688633 0.0656483970 0.0036432148 
43.8159726699 0.4691947085 0.8428504152 19.0084557143 3.3044177597 0.0393977326 0.0098262402 
69.9696715990 0.2158879285 0.8531709565 192.9816546585 7.1438405930 0.0846837986 0.0087594809 
6.1694202429 0.8726897305 0.9689155255 61.8136170270 14.6162370299 0.0914509460 0.0019863042 
62.9032910475 0.9846802735 0.8655311523 632.3055238277 6.5262632664 0.0435503367 0.0005836331 
91.4844697513 0.0474826489 0.2570783727 734.4003244846 9.3485075459 0.0524995234 0.0071281581 
49.1909576069 0.7560643266 0.3680218500 127.3335466064 17.1273780214 0.0691803575 0.0098365281 
95.9154388083 0.6361216704 0.2802493369 357.0214771982 2.3322388099 0.0446594713 0.0023268360 
54.1386760738 0.3931443023 0.5678805589 349.6006935075 17.9466306317 0.0146611082 0.0029838003 
96.7534234337 0.7717011498 0.7708952548 869.3686956646 13.2316235698 0.0567319276 0.0073274595 
54.3090449182 0.3016651019 0.7160911055 855.0481485969 18.5982330568 0.0082009765 0.0001235002 
32.9718144811 0.4712934364 0.9096381205 339.0983060478 4.0909632235 0.0470371682 0.0092206091 
80.0483420317 0.6434234061 0.0873013853 320.3195217323 15.8008794066 0.0724963466 0.0084945962 
87.0266925859 0.2415411989 0.0802332402 251.2494759081 0.8458272974 0.0948121667 0.0063019130 
16.1167551827 0.2749477744 0.4226702813 882.2826024828 14.9577229318 0.0767708686 0.0096362273 
92.1077246836 0.5428033367 0.2638947688 965.5206449998 19.8447183058 0.0644480687 0.0059956751 
64.5350405079 0.1105976924 0.3172098417 554.6674633016 11.0332204551 0.0980871418 0.0094258536 
52.9029660042 0.7642399715 0.8962158413 368.5553100591 13.4731590245 0.0432952694 0.0083660167 
92.5067454063 0.6218055049 0.1029577865 879.5577783014 0.2256695053 0.0328922971 0.0096455849 
22.9215849276 0.9525849660 0.5287428629 906.3230167365 0.2597477770 0.0608242056 0.0079659624 
65.5817729890 0.7046077134 0.8636500500 751.7525804706 10.0744776916 0.0064851429 0.0091435811 
81.0621212424 0.8033380904 0.5638863878 833.5681031767 0.8896550790 0.0421564748 0.0041948191 
40.9331812223 0.7523143507 0.0822992208 875.2132318420 8.6019953119 0.0459078414 0.0052273104 
59.1880356602 0.0862726908 0.2136339683 741.7405521657 17.5044201177 0.0705463791 0.0074571616 
99.8886917498 0.0481813142 0.7477398425 350.6860592000 4.2458963545 0.0823099390 0.0009524361 
3.7383602926 0.2498926036 0.6204665422 104.9707802982 8.5255858015 0.0716551376 0.0069132168 
27.3926215461 0.2641601477 0.9657353954 885.8194510477 3.5911792295 0.0607721106 0.0067307761 
14.9090784118 0.1583013458 0.1068871273 730.5293575861 16.5971105563 0.0533833611 0.0068652771 
62.4856306961 0.1431350807 0.3622453755 311.8824276923 15.8602313035 0.0198410914 0.0051900767 
58.0061679488 0.3943843829 0.4794855767 609.6579868154 6.0413203797 0.0358560512 0.0004609653 
38.2728454300 0.7670040400 0.6079300898 347.4527672117 6.8442187572 0.0708856377 0.0038184887 
30.0648653278 0.6538197396 0.6034848169 204.0194746369 18.0479115451 0.0220585290 0.0010825087 
52.6666424779 0.1546084682 0.9224768036 485.1218274221 11.6535032620 0.0685956180 0.0006279702 
89.2033537954 0.6574064014 0.1462200668 587.3430954064 18.0795272150 0.0430824661 0.0012418576 
21.7379370658 0.5576053564 0.0542510986 245.0659555263 16.7373987198 0.0649843673 0.0010459648 
14.2691501007 0.4004940102 0.0772529825 785.6438403525 7.9808550988 0.0502940100 0.0003027372 
90.9137788050 0.2989727315 0.3183028186 512.0433807517 9.9941066298 0.0676678676 0.0012647853 
4.6886517975 0.6091264394 0.1365104787 34.0000970528 11.9202123074 0.0061162635 0.0049143025 
60.3090557563 0.5502209241 0.8433694501 693.0400740146 16.8629841981 0.0678974861 0.0001727371 
18.6428778327 0.8557912535 0.1626445805 159.3981026987 17.4794171072 0.0933746285 0.0012254207 
44.5903394616 0.1757303402 0.8186990198 370.8175559722 18.1961636919 0.0106416460 0.0077914779 
29.3956860024 0.8938051324 0.8327426932 713.1934431883 14.5067653890 0.0406137678 0.0020256604 
87.6956709911 0.4414513039 0.5238646812 143.6104697509 13.6491833296 0.0492581340 0.0052004229 
59.4084879100 0.5564114654 0.9299817391 223.1811112392 4.5525232373 0.0618789283 0.0038286986 
17.5699729690 0.8262444093 0.2892386892 79.6500502293 9.2909465953 0.0587199765 0.0003547637 
24.4362150716 0.7538059917 0.6756173376 541.8633274057 19.4642356744 0.0103801493 0.0058287496 
45.4351762857 0.0741938473 0.4877682041 447.4899127297 14.0153599788 0.0271455602 0.0085455043 
11.6217322958 0.7071674571 0.0946746962 437.4394581774 14.5211980937 0.0641036332 0.0005664980 
38.8126277456 0.9759466005 0.8690651532 71.0744592033 6.7148691787 0.0275573106 0.0087446387 
72.0197453362 0.7020600847 0.9918017617 404.0933502872 2.0024039337 0.0376475188 0.0011229800 
46.7904170901 0.8048901928 0.2694601268 832.1263038990 10.2529680894 0.0588467248 0.0005942864 
1.6716896255 0.9607283104 0.8011607255 408.6827397723 10.4536130591 0.0166078307 0.0076552028 
97.0482069186 0.2358634952 0.1997302521 676.5686710014 7.8543127345 0.0441760133 0.0073645983 
74.6641811913 0.3976088096 0.0226757030 332.4989766730 12.0039066913 0.0199878201 0.0024078710 
39.1086687961 0.2056448448 0.3314755237 931.0969179960 3.1822565274 0.0467234030 0.0028408818 
0.4663504664 0.5403677657 0.7143828336 176.2816164806 3.9911223432 0.0828568363 0.0023554348 
95.4500743561 0.6948005375 0.3155859053 754.6638687388 13.7321810189 0.0335091043 0.0057665197 
76.5482776195 0.7784950876 0.9726780719 668.1624018317 8.7388327799 0.0374603292 0.0086538309 
64.2976697929 0.8484310597 0.1866884417 285.1473358931 6.1610346309 0.0400256566 0.0090716908 
28.5222891640 0.4656525608 0.7295232040 526.9292948828 14.8327382202 0.0989999698 0.0074761044 
81.1232515000 0.9208506722 0.2201399248 548.1243558333 2.7244581017 0.0359043337 0.0038767510 
13.9297840611 0.0498070766 0.9998385295 579.5406061395 13.5095071812 0.0128481060 0.0023110217 
8.9476325581 0.7770402136 0.6548851536 344.0578378225 19.0517950800 0.0979935898 0.0062595983 
91.2118099895 0.6997748872 0.4428017206 690.6522628487 12.3604626849 0.0936865315 0.0002352603 
58.8618143112 0.0635655407 0.0254830209 96.0488210542 1.8738829840 0.0411295291 0.0045172548 
28.4053151634 0.8078986975 0.1042731973 959.9088060057 11.7270584894 0.0983033899 0.0099884874 
37.8610272598 0.2902597884 0.5240474947 35.3096286273 15.5623775644 0.0232862446 0.0083572224 
75.4988390574 0.0503168576 0.5475920688 862.4969370476 4.4642380913 0.0491873847 0.0001970798 
93.1506177877 0.6810971508 0.8362891379 696.9709857857 19.0972531868 0.0262311950 0.0029687761 
36.8595953850 0.3314715114 0.5797481333 156.2662634174 5.8730448828 0.0297021145 0.0030398603 
81.9451876794 0.8323361583 0.1116848567 276.2231601793 1.0882981754 0.0006591438 0.0067601804 
19.5527528407 0.6671082570 0.9200023687 780.7462625933 12.8282245440 0.0602188390 0.0005116815 
47.0421660404 0.6633263016 0.1156761972 109.0068530156 17.2113149653 0.0865107715 0.0008333547 
25.9397263372 0.8069973870 0.6137626074 221.9162709939 4.6165706884 0.0113524186 0.0061326035 
57.5180287815 0.6316223086 0.0385059091 651.0334014820 4.4333513864 0.0185384032 0.0075820848 
33.0085411485 0.5341497498 0.6174574455 648.4072543397 4.7388056833 0.0242535647 0.0092128862 
51.8818031763 0.9466378410 0.0656837118 423.0500578394 6.2268174438 0.0694569246 0.0035470801 
55.0908459300 0.0406654912 0.7344445905 33.9291254120 11.1689739028 0.0719975724 0.0056090198 
25.8751100992 0.7373665962 0.3704450558 24.1225127851 7.5902028293 0.0793449620 0.0023073933 
68.6262196895 0.5019587886 0.7724061109 991.1131859813 0.7268062773 0.0102238122 0.0080830480 
0.5619426238 0.4972720225 0.0553526113 814.4464149518 6.8935207305 0.0552521218 0.0036266683 
97.6419314778 0.3490686590 0.2705709508 977.6612346110 9.2366825653 0.0517540803 0.0089330582 
75.7776443844 0.6297394026 0.7101247638 456.2168927867 4.4018226229 0.0723640473 0.0070463086 
18.4456795779 0.5848594809 0.8950979411 88.6352907525 13.9927764975 0.0293761971 0.0026284515 
35.9573977852 0.8541060172 0.0038906492 723.4828888271 1.4440059123 0.0303073919 0.0022266825 
89.6871853393 0.4892382095 0.4866924079 500.9146736042 19.2219877810 0.0050116832 0.0049930033 
40.5004376603 0.7182115000 0.1530224102 67.5270098176 15.0172722578 0.0294168071 0.0017891985 
55.6284923971 0.9748459366 0.0582975015 165.3593807541 16.7095798568 0.0289924452 0.0015189591 
96.2621591641 0.7300153534 0.6482095291 399.7312918485 17.5256472205 0.0881558745 0.0042226463 
65.6906027834 0.3610637807 0.8039481162 679.5151430247 18.4458109203 0.0879463220 0.0017507067 
49.8420485657 0.8191390406 0.6242640463 610.1273302166 15.6669598070 0.0711356045 0.0023803307 
73.8662942637 0.1467048675 0.6258545906 957.1324156420 8.8309320341 0.0906406968 0.0024424413 
52.2137681132 0.9279347573 0.7819545165 93.0398757468 6.6201726768 0.0475071779 0.0069236566 
89.5974660759 0.5142287206 0.1695126714 429.4201831272 12.1952419315 0.0373891310 0.0010952613 
62.1007239621 0.6445526038 0.1756448884 893.2693301186 13.9099904170 0.0922681560 0.0050917872 
46.5835833417 0.9457034037 0.1835874569 85.0292342705 6.8631872088 0.0274528231 0.0047086594 
83.2472144032 0.7928083385 0.1080519649 488.6694005955 18.7720702216 0.0190140436 0.0018460844 
34.1827154516 0.3288395786 0.3821289586 564.7998361712 14.4884083910 0.0384646784 0.0063391882 
93.0792230151 0.5525176269 0.2256549953 848.7062901487 16.2383408887 0.0465589779 0.0037989611 
45.6549226085 0.5882333347 0.1584112547 984.1042937857 0.1618313329 0.0566941123 0.0073379839 
94.3993164531 0.7687272754 0.6183328697 302.7977005556 9.9628533111 0.0944070456 0.0068915681 
8.1432155357 0.5618406915 0.6614339018 362.3092734545 1.1511054823 0.0111180890 0.0068481795 
17.9410146497 0.8840872306 0.9823363003 871.0546862677 19.6233534257 0.0529919236 0.0046682384 
84.0092827618 0.3223043914 0.9507875318 383.5268958165 11.4133840676 0.0105169236 0.0080786060 
56.6745507192 0.7484312047 0.3746103964 800.2109490714 3.3344524013 0.0497731247 0.0029477905 
48.6450786048 0.4261621088 0.4357491227 687.0330019782 17.0415988359 0.0783325705 0.0010381739 
88.2426883244 0.2434375861 0.3598400777 958.3733427281 3.8624571473 0.0537094923 0.0042801822 
79.5162136000 0.7092535461 0.1606134765 64.0772532514 12.0391374185 0.0433508763 0.0090590645 
86.2211998217 0.9623150358 0.0898935575 572.8733885640 15.4673462824 0.0640223479 0.0058594634 
30.9317807982 0.0680175162 0.5714754684 355.8245873583 16.5175071055 0.0921365655 0.0053933881 
40.7870535092 0.8973009901 0.9764139367 197.2588021887 17.8504215101 0.0884477740 0.0059017571 
51.0253818005 0.6963749365 0.6146679200 563.7708989256 17.9626862291 0.0617962634 0.0006360244 
57.4351469428 0.7490531180 0.8283635239 65.2434571198 6.7597482586 0.0026970123 0.0027926310 
82.2807565347 0.1785912727 0.2366696360 742.6228813883 0.9588036090 0.0747394230 0.0050671887 
54.4803987960 0.2793741418 0.2228938356 903.4387061726 17.2963382121 0.0624565288 0.0095498790 
15.2930156679 0.4668009056 0.0629775729 807.4826432514 10.5215046610 0.0144100623 0.0098561938 
99.2404783812 0.8393301539 0.5739602106 718.2311969180 3.0102942904 0.0342341530 0.0058989767 
89.1233687445 0.8156470972 0.5884985278 43.8712064909 4.0087276911 0.0622252546 0.0058681934 
61.8507587985 0.6407446802 0.2551299730 166.0168385448 12.5059207204 0.0838116505 0.0094693300 
19.0527209293 0.9365908815 0.2858987749 928.5544036543 17.4206165337 0.0965025614 0.0079171974 
75.0505000625 0.2608663401 0.9872730257 919.5626115510 17.2599070857 0.0970980236 0.0038492214 
89.7128752270 0.4331119474 0.3645908341 865.7683813726 12.1205773799 0.0836315785 0.0017211750 
14.0127508545 0.7392361722 0.8668260713 400.6741394949 13.8787198476 0.0075068235 0.0077863819 
43.6386229243 0.3198463021 0.8789744496 620.7713605645 9.6987782215 0.0799216824 0.0045983337 
50.6004789582 0.6307143286 0.0998430677 639.0674295553 7.4015349653 0.0387500965 0.0067424240 
4.7227243233 0.2303004427 0.6557157414 151.9962604451 10.6347199531 0.0269235450 0.0092833938 
2.9938345216 0.2658017884 0.5185465767 420.9331713089 10.2115877879 0.0194493523 0.0045339641 
24.0988697026 0.3597269361 0.0472408866 483.9524711946 4.2326312204 0.0132251800 0.0061115417 
83.4498665227 0.2256224969 0.8258975139 229.1165304402 19.0762394348 0.0894620766 0.0056476833 
75.3878598696 0.0764605019 0.9861934483 901.0605866407 16.9776802638 0.0312818497 0.0032330378 
25.2751985381 0.9777734447 0.9593726278 160.0012117505 8.4680975884 0.0095523614 0.0052903811 
