0 1.000000 350.000000 17.809151 0.594940 0.594940 30235.873763 -0.000000 79.680380 79.680380 0.122230 0.122230 57.227357 -0.000000 15.549461 15.549461 25.753704 0.000000 17517.109706 0.000000 65.861585 0.001831 6.637260 -0.000000 66.420986 40.000000 99.978624 99.978624 2.190233 0.367564 
1 1.000000 350.000571 17.814949 0.590753 0.590753 30163.960128 -0.000000 79.682588 79.682588 0.121356 0.121356 254.044229 254.044229 15.544282 15.544282 26.242230 19.648839 77649.588599 77649.588599 430.040948 364.168725 6.596687 -0.000000 66.335353 40.000000 99.978751 99.978751 2.190992 0.367564 
1.000000e-01 1.000000 350.000019 17.810143 0.590871 0.590871 30222.932026 -0.000000 79.682440 79.682440 0.121444 0.121444 133.015005 10.732710 15.544744 15.544744 26.127404 16.717990 40678.065092 3278.922844 102.219090 35.271640 6.623424 -0.000000 66.423066 40.000000 99.978742 99.978742 2.191021 0.367564 
1.100000e-01 1.000000 350.001244 17.810587 0.590779 0.590779 30222.869289 -0.000000 79.682510 79.682510 0.121395 0.121395 139.746586 14.440944 15.544679 15.544679 26.128257 17.414845 42737.665125 4411.815578 105.849131 39.128911 6.612955 -0.000000 66.382147 40.000000 99.978746 99.978746 2.191019 0.367564 
1.200000e-01 1.000000 350.000289 17.810981 0.590788 0.590788 30222.808049 -0.000000 79.682493 79.682493 0.121405 0.121405 146.204921 18.739300 15.544654 15.544654 26.144751 17.910386 44710.664445 5724.997024 109.492927 42.928750 6.613259 -0.000000 66.386186 40.000000 99.978745 99.978745 2.191017 0.367564 
1.300000e-01 1.000000 350.000031 17.811083 0.590790 0.590790 30158.870691 -0.000000 79.682491 79.682491 0.121406 0.121406 152.369902 23.621604 15.544625 15.544625 26.156036 18.271367 46594.094213 7216.578099 113.136616 46.690376 6.613750 -0.000000 66.389776 40.000000 99.978745 99.978745 2.191015 0.367564 
1.400000e-01 1.000000 350.000002 17.811644 0.594829 0.594829 30158.846388 -0.000000 79.680323 79.680323 0.122234 0.122234 158.232215 29.066547 15.548326 15.548326 26.165376 18.540241 48384.920481 8880.050621 116.779095 50.425567 6.613608 -0.000000 66.390601 40.000000 99.978627 99.978627 2.191013 0.367564 
1.500000e-01 1.000000 350.000002 17.811923 0.594828 0.594828 30158.806496 -0.000000 79.680317 79.680317 0.122236 0.122236 163.794810 35.036449 15.548308 15.548308 26.173632 18.743729 50084.190135 10704.006223 120.421942 54.140599 6.613485 -0.000000 66.391337 40.000000 99.978626 99.978626 2.191011 0.367564 
1.600000e-01 1.000000 350.000001 17.812174 0.594834 0.594834 30158.769620 -0.000000 79.680307 79.680307 0.122241 0.122241 169.060585 41.487425 15.548293 15.548293 26.181861 18.901383 51692.784691 12674.722594 124.065544 57.843808 6.614312 -0.000000 66.395767 40.000000 99.978626 99.978626 2.191010 0.367564 
1.700000e-01 1.000000 350.000313 17.802736 0.594813 0.594813 30212.357064 -0.000000 79.680313 79.680313 0.122235 0.122235 174.041270 48.346803 15.548276 15.548276 26.193909 19.023609 53212.555806 14769.957838 127.707437 61.531274 6.620297 -0.000000 66.420438 40.000000 99.978626 99.978626 2.191809 0.367564 
1.800000e-01 1.000000 350.011694 17.800158 0.594760 0.594760 30158.685151 -0.000000 79.680333 79.680333 0.122217 0.122217 178.733422 55.566529 15.548258 15.548258 26.191510 19.121606 54645.985709 16974.310914 131.352684 65.215562 6.610709 -0.000000 66.383220 40.000000 99.978627 99.978627 2.191324 0.367564 
1.900000e-01 1.000000 350.001732 17.802551 0.594797 0.594797 30208.753974 -0.000000 79.680332 79.680332 0.122224 0.122224 183.152716 63.065477 15.548235 15.548235 26.196437 19.199987 55996.018460 19266.662688 134.995665 68.894859 6.610400 -0.000000 66.382745 40.000000 99.978628 99.978628 2.191573 0.367564 
1.000000e-02 1.000000 350.000000 17.804333 0.594924 0.594924 30236.641779 -0.000000 79.680381 79.680381 0.122226 0.122226 64.661197 0.000000 15.549247 15.549247 25.827911 0.000000 19796.092620 0.000000 69.476413 0.002483 6.634362 -0.000000 66.420949 40.000000 99.978625 99.978625 2.190879 0.367564 
2.000000e-01 1.000000 350.000012 17.802620 0.594831 0.594831 30158.580541 -0.000000 79.680322 79.680322 0.122234 0.122234 187.310028 70.758472 15.548220 15.548220 26.201297 19.264146 57266.617416 21617.171087 138.638941 72.565483 6.610546 -0.000000 66.384032 40.000000 99.978627 99.978627 2.191571 0.367564 
2.100000e-01 1.000000 350.000006 17.803996 0.594713 0.594713 30158.521859 -0.000000 79.680339 79.680339 0.122205 0.122205 191.216458 78.580514 15.548227 15.548227 26.205279 19.316528 58460.127699 24006.940214 142.281680 76.233558 6.610295 -0.000000 66.383634 40.000000 99.978628 99.978628 2.191599 0.367564 
2.200000e-01 1.000000 350.001761 17.801970 0.594753 0.594753 30158.473111 -0.000000 79.680299 79.680299 0.122231 0.122231 194.883019 86.452877 15.548235 15.548235 26.206474 19.359628 59580.972462 26411.987071 145.924818 79.897104 6.607762 -0.000000 66.374120 40.000000 99.978626 99.978626 2.191003 0.367564 
2.300000e-01 1.000000 350.000002 17.813363 0.594831 0.594831 30158.416537 -0.000000 79.680297 79.680297 0.122245 0.122245 198.326204 94.310963 15.548207 15.548207 26.207084 19.396009 60632.977131 28812.730322 149.568028 83.558176 6.606241 -0.000000 66.367452 40.000000 99.978626 99.978626 2.191002 0.367564 
2.400000e-01 1.000000 350.000030 17.813477 0.590842 0.590842 30186.499844 -0.000000 79.682484 79.682484 0.121419 0.121419 201.557136 102.092095 15.544445 15.544445 26.215685 19.426450 61619.965169 31189.900061 153.211224 87.216790 6.611415 -0.000000 66.388937 40.000000 99.978746 99.978746 2.191001 0.367564 
2.500000e-01 1.000000 350.000022 17.813582 0.594783 0.594783 30158.305200 -0.000000 79.680338 79.680338 0.122218 0.122218 204.591884 109.742333 15.548173 15.548173 26.213018 19.452388 62547.197108 33527.104584 156.860056 90.873359 6.605980 -0.000000 66.367289 40.000000 99.978628 99.978628 2.191000 0.367564 
2.600000e-01 1.000000 350.000001 17.813677 0.594821 0.594821 30212.536275 -0.000000 79.680315 79.680315 0.122236 0.122236 207.433430 117.215524 15.548172 15.548172 26.229255 19.474566 63415.218329 35810.219747 160.503072 94.528240 6.618968 -0.000000 66.420433 40.000000 99.978627 99.978627 2.191000 0.367564 
2.700000e-01 1.000000 350.000001 17.813765 0.594811 0.594811 30224.941921 -0.000000 79.680316 79.680316 0.122232 0.122232 210.094432 124.473516 15.548168 15.548168 26.221253 19.493416 64227.941317 38027.589971 164.140604 98.181681 6.608403 -0.000000 66.378352 40.000000 99.978627 99.978627 2.190999 0.367564 
2.800000e-01 1.000000 350.000029 17.813845 0.594852 0.594852 30224.824058 -0.000000 79.680308 79.680308 0.122244 0.122244 212.593749 131.486303 15.548157 15.548157 26.226562 19.509587 64991.400531 40170.063323 167.783654 101.834028 6.611698 -0.000000 66.391818 40.000000 99.978627 99.978627 2.190998 0.367564 
2.900000e-01 1.000000 350.000029 17.813920 0.594877 0.594877 30224.688542 -0.000000 79.680341 79.680341 0.122234 0.122234 214.937697 138.230453 15.548120 15.548120 26.228406 19.523504 65707.470397 42230.452856 171.426664 105.485184 6.611501 -0.000000 66.391320 40.000000 99.978629 99.978629 2.190998 0.367564 
2.000000e-02 1.000000 350.000000 17.805884 0.594960 0.594960 30237.572534 -0.000000 79.680363 79.680363 0.122241 0.122241 72.326891 0.000000 15.549073 15.549073 25.888628 -0.000000 22140.760724 -0.000000 73.100347 0.003753 6.632006 -0.000000 66.420915 40.000000 99.978625 99.978625 2.190868 0.367564 
3.000000e-01 1.000000 350.000519 17.813988 0.594899 0.594899 30224.539361 -0.000000 79.680313 79.680313 0.122250 0.122250 217.136665 144.678395 15.548130 15.548130 26.225700 19.535984 66379.207292 44199.596936 175.069632 109.128836 6.607630 -0.000000 66.375306 40.000000 99.978627 99.978627 2.190997 0.367564 
3.100000e-01 1.000000 350.000007 17.823326 0.594876 0.594876 30224.408387 -0.000000 79.680355 79.680355 0.122227 0.122227 219.200071 150.854651 15.548101 15.548101 26.227387 19.546882 67009.533572 46087.220752 178.712560 112.784633 6.607553 -0.000000 66.375247 40.000000 99.978629 99.978629 2.190328 0.367564 
3.200000e-01 1.000000 350.000008 17.823387 0.594830 0.594830 30224.253859 -0.000000 79.680352 79.680352 0.122220 0.122220 221.136969 156.719891 15.548110 15.548110 26.228943 19.556332 67601.197911 47879.094951 182.355532 116.433325 6.607482 -0.000000 66.375189 40.000000 99.978629 99.978629 2.190327 0.367564 
3.300000e-01 1.000000 350.000238 17.823443 0.594864 0.594864 30224.135442 -0.000000 79.680374 79.680374 0.122217 0.122217 222.955758 162.284320 15.548083 15.548083 26.230378 19.564705 68156.972989 49578.926506 185.998732 120.081148 6.607415 -0.000000 66.375135 40.000000 99.978630 99.978630 2.190327 0.367564 
3.400000e-01 1.000000 350.004708 17.823495 0.594904 0.594904 30224.006873 -0.000000 79.680350 79.680350 0.122235 0.122235 224.664129 167.546399 15.548085 15.548085 26.231703 19.572174 68678.834990 51186.159376 189.641520 123.724652 6.607352 -0.000000 66.375078 40.000000 99.978629 99.978629 2.190327 0.367564 
3.500000e-01 1.000000 350.000011 17.823543 0.594845 0.594845 30223.875521 -0.000000 79.680373 79.680373 0.122214 0.122214 226.269507 172.528674 15.548081 15.548081 26.232929 19.578786 69169.086184 52708.746765 193.283942 127.375769 6.607293 -0.000000 66.375020 40.000000 99.978630 99.978630 2.190326 0.367564 
3.600000e-01 1.000000 350.000012 17.823588 0.594878 0.594878 30223.735167 -0.000000 79.680367 79.680367 0.122222 0.122222 227.779061 177.221995 15.548073 15.548073 26.234064 19.584677 69630.238276 54142.619051 196.926717 131.022469 6.607236 -0.000000 66.374959 40.000000 99.978630 99.978630 2.190326 0.367564 
3.700000e-01 1.000000 350.000059 17.823629 0.594917 0.594917 30223.627434 -0.000000 79.680346 79.680346 0.122239 0.122239 229.199044 181.641826 15.548076 15.548076 26.235120 19.589918 70064.014088 55492.915755 200.569407 134.668688 6.607185 -0.000000 66.374912 40.000000 99.978629 99.978629 2.190326 0.367564 
3.800000e-01 1.000000 350.000029 17.830222 0.594863 0.594863 30223.492644 -0.000000 79.680355 79.680355 0.122225 0.122225 230.535477 185.799006 15.548079 15.548079 26.236099 19.594637 70472.267077 56763.025489 204.212062 138.314196 6.607134 -0.000000 66.374854 40.000000 99.978629 99.978629 2.189671 0.367564 
3.900000e-01 1.000000 350.000034 17.830154 0.594854 0.594854 30223.380382 -0.000000 79.680355 79.680355 0.122223 0.122223 231.793939 189.706519 15.548079 15.548079 26.237012 19.598788 70856.701523 57956.732732 207.854683 141.960174 6.607088 -0.000000 66.374805 40.000000 99.978629 99.978629 2.189677 0.367564 
3.000000e-02 1.000000 350.000000 17.814839 0.594949 0.594949 30237.924984 -0.000000 79.680318 79.680318 0.122259 0.122259 80.134565 -0.000000 15.548964 15.548964 25.938739 -0.000000 24525.608311 -0.000000 76.733084 0.006830 6.630075 -0.000000 66.420897 40.000000 99.978623 99.978623 2.189752 0.367564 
4.000000e-01 1.000000 350.005336 17.830097 0.590833 0.590833 30223.256189 -0.000000 79.682520 79.682520 0.121401 0.121401 232.979618 193.375319 15.544349 15.544349 26.237860 19.602751 71218.902711 59077.590557 211.497271 145.605166 6.607044 -0.000000 66.374752 40.000000 99.978748 99.978748 2.189682 0.367564 
4.100000e-01 1.000000 350.000031 17.830051 0.594843 0.594843 30223.135662 -0.000000 79.680338 79.680338 0.122229 0.122229 234.097340 196.819201 15.548091 15.548091 26.238652 19.606247 71560.344538 60129.370635 215.139829 149.250750 6.607001 -0.000000 66.374700 40.000000 99.978628 99.978628 2.189686 0.367564 
4.200000e-01 1.000000 350.000006 17.830022 0.594803 0.594803 30222.991699 -0.000000 79.680346 79.680346 0.122218 0.122218 235.151590 200.051889 15.548093 15.548093 26.239389 19.609405 71882.396816 61117.428421 218.782356 152.897775 6.606959 -0.000000 66.374639 40.000000 99.978629 99.978629 2.189800 0.367564 
4.300000e-01 1.000000 350.033817 17.814522 0.594863 0.594863 30222.889306 -0.000000 79.680351 79.680351 0.122227 0.122227 236.148143 203.081754 15.548072 15.548072 26.240081 19.612108 72186.878567 62043.076788 222.430794 156.542569 6.606922 -0.000000 66.374596 40.000000 99.978629 99.978629 2.190993 0.367564 
4.400000e-01 1.000000 350.000004 17.814546 0.594861 0.594861 30222.779210 -0.000000 79.680351 79.680351 0.122226 0.122226 237.087541 205.922951 15.548070 15.548070 26.240728 19.614845 72473.842100 62911.084442 226.073183 160.187151 6.606887 -0.000000 66.374549 40.000000 99.978629 99.978629 2.190993 0.367564 
4.500000e-01 1.000000 350.000019 17.814568 0.594873 0.594873 30222.670392 -0.000000 79.680355 79.680355 0.122227 0.122227 237.975112 208.586912 15.548063 15.548063 26.241334 19.617231 72744.972857 63724.922402 229.715548 163.831334 6.606853 -0.000000 66.374503 40.000000 99.978629 99.978629 2.190993 0.367564 
4.600000e-01 1.000000 350.000016 17.814588 0.594901 0.594901 30222.567475 -0.000000 79.680344 79.680344 0.122237 0.122237 238.815028 211.084679 15.548062 15.548062 26.241902 19.619466 73001.579637 64487.985198 233.361822 167.474811 6.606821 -0.000000 66.374459 40.000000 99.978629 99.978629 2.190993 0.367564 
4.700000e-01 1.000000 350.000013 17.814608 0.590847 0.590847 30222.475420 -0.000000 79.682508 79.682508 0.121408 0.121408 239.608698 213.427708 15.544342 15.544342 26.243108 19.621516 73244.026741 65203.797956 237.004249 171.118823 6.607336 -0.000000 66.376787 40.000000 99.978747 99.978747 2.190993 0.367564 
4.800000e-01 1.000000 350.000020 17.814626 0.594775 0.594775 30139.399009 -0.000000 79.680366 79.680366 0.122204 0.122204 240.359865 215.623958 15.548076 15.548076 26.230810 19.623392 73473.490393 65874.789648 240.646657 174.759879 6.594096 -0.000000 66.324399 40.000000 99.978630 99.978630 2.190993 0.367564 
4.900000e-01 1.000000 350.005788 17.814644 0.586758 0.586758 30139.300541 -0.000000 79.684708 79.684708 0.120547 0.120547 238.536510 238.536510 15.540646 15.540646 26.231273 19.625114 72911.720796 72911.720796 244.289048 178.403555 6.594079 -0.000000 66.324403 40.000000 99.978867 99.978867 2.190993 0.367564 
4.000000e-02 1.000000 350.000000 17.835767 0.590905 0.590905 30238.504378 -0.000000 79.682526 79.682526 0.121413 0.121413 87.994739 0.000000 15.545084 15.545084 25.980429 0.000000 26926.771411 0.000001 80.368404 0.018731 6.628479 -0.000000 66.420897 40.000000 99.978744 99.978744 2.187178 0.367564 
5.000000e-01 1.000000 350.018447 17.814660 0.594814 0.594814 30139.241370 -0.000000 79.680380 79.680380 0.122205 0.122205 239.617431 239.617431 15.548053 15.548053 26.231710 19.626696 73242.442250 73242.442250 247.931423 182.047106 6.594064 -0.000000 66.324407 40.000000 99.978631 99.978631 2.190993 0.367564 
5.100000e-01 1.000000 350.000067 17.814675 0.594845 0.594845 30139.326021 -0.000000 79.680381 79.680381 0.122210 0.122210 240.369735 240.369735 15.548043 15.548043 26.232123 19.628152 73472.276682 73472.276682 251.573782 185.693512 6.594049 -0.000000 66.324411 40.000000 99.978631 99.978631 2.190993 0.367564 
5.200000e-01 1.000000 350.000001 17.814690 0.594850 0.594850 30139.306074 -0.000000 79.680376 79.680376 0.122213 0.122213 241.081734 241.081734 15.548044 15.548044 26.232512 19.629496 73689.790150 73689.790150 255.216127 189.336118 6.594035 -0.000000 66.324415 40.000000 99.978630 99.978630 2.190993 0.367564 
5.300000e-01 1.000000 350.000771 17.814703 0.590793 0.590793 30139.266172 -0.000000 79.682568 79.682568 0.121372 0.121372 241.640262 241.640262 15.544305 15.544305 26.232879 19.630732 73860.166023 73860.166023 258.858459 192.976892 6.594022 -0.000000 66.324418 40.000000 99.978750 99.978750 2.190993 0.367564 
5.400000e-01 1.000000 350.017178 17.814716 0.594823 0.594823 30139.165462 -0.000000 79.680403 79.680403 0.122197 0.122197 242.394751 242.394751 15.548030 15.548030 26.233227 19.631884 74090.932281 74090.932281 262.500779 196.621069 6.594009 -0.000000 66.324421 40.000000 99.978632 99.978632 2.190993 0.367564 
5.500000e-01 1.000000 350.002117 17.814729 0.594850 0.594850 30139.154569 -0.000000 79.680400 79.680400 0.122203 0.122203 243.000321 243.000321 15.548024 15.548024 26.233556 19.632908 74275.946298 74275.946298 266.143087 200.263331 6.593998 -0.000000 66.324424 40.000000 99.978632 99.978632 2.190993 0.367564 
5.600000e-01 1.000000 350.000020 17.814740 0.590807 0.590807 30139.110032 -0.000000 79.682568 79.682568 0.121375 0.121375 243.475671 243.475671 15.544298 15.544298 26.233867 19.633931 74420.892782 74420.892782 269.785512 203.907346 6.593987 -0.000000 66.324427 40.000000 99.978750 99.978750 2.190993 0.367564 
5.700000e-01 1.000000 350.007524 17.814751 0.590798 0.590798 30139.073435 -0.000000 79.682572 79.682572 0.121372 0.121372 244.025614 244.025614 15.544297 15.544297 26.234163 19.634904 74588.906999 74588.906999 273.427792 207.550411 6.593976 -0.000000 66.324430 40.000000 99.978750 99.978750 2.190993 0.367564 
5.800000e-01 1.000000 350.000006 17.814762 0.586808 0.586808 30139.071109 -0.000000 79.684717 79.684717 0.120552 0.120552 244.459358 244.459358 15.540618 15.540618 26.234442 19.635770 74721.162126 74721.162126 277.070121 211.193431 6.593966 -0.000000 66.324433 40.000000 99.978867 99.978867 2.190993 0.367564 
5.900000e-01 1.000000 350.003825 17.814772 0.590799 0.590799 30139.038175 -0.000000 79.682571 79.682571 0.121372 0.121372 245.043780 245.043780 15.544295 15.544295 26.234708 19.636590 74899.944390 74899.944390 280.712385 214.835854 6.593957 -0.000000 66.324435 40.000000 99.978750 99.978750 2.190993 0.367564 
5.000000e-02 1.000000 350.000000 17.819515 0.594908 0.594908 30158.866600 -0.000000 79.680368 79.680368 0.122228 0.122228 95.842337 0.000002 15.548718 15.548718 26.001634 0.000029 29324.110181 0.000879 83.998927 0.195100 6.614248 -0.000000 66.368602 40.000000 99.978627 99.978627 2.190112 0.367564 
6.000000e-01 1.000000 350.000393 17.814781 0.590773 0.590773 30139.007100 -0.000000 79.682578 79.682578 0.121364 0.121364 245.515166 245.515166 15.544296 15.544296 26.241941 19.637360 75043.967613 75043.967613 284.354642 218.478922 6.600918 -0.000000 66.352504 40.000000 99.978751 99.978751 2.190992 0.367564 
6.100000e-01 1.000000 350.000020 17.814790 0.582901 0.582901 30263.252863 -0.000000 79.686819 79.686819 0.119755 0.119755 245.811202 245.811202 15.536989 15.536989 26.253293 19.638076 75133.887636 75133.887636 287.996893 222.120930 6.612349 -0.000000 66.397688 40.000000 99.978982 99.978982 2.190992 0.367564 
6.200000e-01 1.000000 350.052373 17.814798 0.590786 0.590786 30138.976376 -0.000000 79.682592 79.682592 0.121361 0.121361 246.389959 246.389959 15.544282 15.544282 26.235428 19.638746 75311.208865 75311.208865 291.639138 225.766344 6.593931 -0.000000 66.324442 40.000000 99.978751 99.978751 2.190992 0.367564 
6.300000e-01 1.000000 350.000053 17.814806 0.590771 0.590771 30138.967812 -0.000000 79.682563 79.682563 0.121371 0.121371 246.796124 246.796124 15.544306 15.544306 26.242582 19.639376 75435.277696 75435.277696 295.285790 229.409029 6.600849 -0.000000 66.352330 40.000000 99.978750 99.978750 2.190992 0.367564 
6.400000e-01 1.000000 350.044640 17.814814 0.594826 0.594826 30138.935923 -0.000000 79.680393 79.680393 0.122202 0.122202 247.250569 247.250569 15.548028 15.548028 26.235851 19.639960 75574.361423 75574.361423 298.928052 233.049431 6.593916 -0.000000 66.324446 40.000000 99.978631 99.978631 2.190992 0.367564 
6.500000e-01 1.000000 350.006477 17.814821 0.594851 0.594851 30138.935392 -0.000000 79.680398 79.680398 0.122204 0.122204 247.616179 247.616179 15.548018 15.548018 26.236048 19.640476 75686.066136 75686.066136 302.570190 236.691102 6.593909 -0.000000 66.324448 40.000000 99.978631 99.978631 2.190992 0.367564 
6.600000e-01 1.000000 350.009711 17.814828 0.594848 0.594848 30138.893169 -0.000000 79.680400 79.680400 0.122203 0.122203 247.964830 247.964830 15.548017 15.548017 26.236236 19.641030 75792.580024 75792.580024 306.212302 240.335276 6.593902 -0.000000 66.324450 40.000000 99.978632 99.978632 2.190992 0.367564 
6.700000e-01 1.000000 350.044938 17.814835 0.590835 0.590835 30259.860102 -0.000000 79.682550 79.682550 0.121388 0.121388 248.237819 248.237819 15.544296 15.544296 26.254183 19.641513 75875.705182 75875.705182 309.854406 243.975706 6.611947 -0.000000 66.396256 40.000000 99.978749 99.978749 2.190992 0.367564 
6.800000e-01 1.000000 350.002515 17.814841 0.590796 0.590796 30138.877089 -0.000000 79.682574 79.682574 0.121370 0.121370 248.557626 248.557626 15.544289 15.544289 26.236585 19.641971 75973.421118 75973.421118 313.496503 247.617547 6.593890 -0.000000 66.324453 40.000000 99.978750 99.978750 2.190992 0.367564 
6.900000e-01 1.000000 350.000080 17.805755 0.594825 0.594825 30138.834974 -0.000000 79.680384 79.680384 0.122206 0.122206 248.917967 248.917967 15.548032 15.548032 26.249884 19.642415 76083.737386 76083.737386 317.138592 251.262292 6.606989 -0.000000 66.377430 40.000000 99.978631 99.978631 2.190992 0.367564 
6.000000e-02 1.000000 350.000000 17.803200 0.594855 0.594855 30158.908253 -0.000000 79.680341 79.680341 0.122231 0.122231 103.629653 1.197398 15.548665 15.548665 26.036351 7.463923 31700.726454 366.175439 87.643070 16.813651 6.613586 -0.000000 66.371358 40.000000 99.978626 99.978626 2.191084 0.367564 
7.000000e-01 1.000000 350.000002 17.814853 0.590789 0.590789 30138.824145 -0.000000 79.682567 79.682567 0.121372 0.121372 249.154801 249.154801 15.544295 15.544295 26.236904 19.642770 76155.869325 76155.869325 320.780675 254.903587 6.593879 -0.000000 66.324456 40.000000 99.978750 99.978750 2.190992 0.367564 
7.100000e-01 1.000000 350.006282 17.814858 0.594848 0.594848 30138.820118 -0.000000 79.680404 79.680404 0.122201 0.122201 249.484286 249.484286 15.548011 15.548011 26.237052 19.643157 76256.771144 76256.771144 324.422751 258.546776 6.593873 -0.000000 66.324458 40.000000 99.978632 99.978632 2.190992 0.367564 
7.200000e-01 1.000000 350.006311 17.814864 0.590781 0.590781 30138.791592 -0.000000 79.682580 79.682580 0.121365 0.121365 249.700179 249.700179 15.544287 15.544287 26.237195 19.643502 76322.486980 76322.486980 328.064821 262.189113 6.593868 -0.000000 66.324459 40.000000 99.978751 99.978751 2.190992 0.367564 
7.300000e-01 1.000000 350.001215 17.814869 0.594804 0.594804 30138.796697 -0.000000 79.680398 79.680398 0.122195 0.122195 250.002268 250.002268 15.548026 15.548026 26.240069 19.643851 76415.023747 76415.023747 331.706886 265.832172 6.596625 -0.000000 66.335511 40.000000 99.978631 99.978631 2.190992 0.367564 
7.400000e-01 1.000000 350.000264 17.814874 0.586768 0.586768 30138.760903 -0.000000 79.684706 79.684706 0.120549 0.120549 250.154576 250.154576 15.540628 15.540628 26.237461 19.644180 76461.031932 76461.031932 335.348945 269.473793 6.593859 -0.000000 66.324462 40.000000 99.978867 99.978867 2.190992 0.367564 
7.500000e-01 1.000000 350.002380 17.814878 0.590784 0.590784 30138.753556 -0.000000 79.682558 79.682558 0.121375 0.121375 250.432948 250.432948 15.544301 15.544301 26.239327 19.644558 76546.289386 76546.289386 338.990999 273.116933 6.595869 -0.000000 66.331624 40.000000 99.978750 99.978750 2.190992 0.367564 
7.600000e-01 1.000000 350.048853 17.814883 0.590786 0.590786 30138.751596 -0.000000 79.682557 79.682557 0.121376 0.121376 250.656809 250.656809 15.544301 15.544301 26.239463 19.644787 76614.685576 76614.685576 342.633049 276.758205 6.595879 -0.000000 66.331680 40.000000 99.978750 99.978750 2.190992 0.367564 
7.700000e-01 1.000000 350.000024 17.814887 0.586781 0.586781 30138.703067 -0.000000 79.684710 79.684710 0.120550 0.120550 250.831097 250.831097 15.540621 15.540621 26.237820 19.645084 76667.687658 76667.687658 346.275094 280.400577 6.593846 -0.000000 66.324466 40.000000 99.978867 99.978867 2.190992 0.367564 
7.800000e-01 1.000000 350.000852 17.814891 0.594785 0.594785 30138.659140 -0.000000 79.680373 79.680373 0.122203 0.122203 251.116412 251.116412 15.548048 15.548048 26.250910 19.645348 76755.353413 76755.353413 349.917136 284.042992 6.606883 -0.000000 66.376725 40.000000 99.978630 99.978630 2.190992 0.367564 
7.900000e-01 1.000000 350.011668 17.814895 0.594794 0.594794 30138.678359 -0.000000 79.680382 79.680382 0.122200 0.122200 251.312331 251.312331 15.548039 15.548039 26.238035 19.645532 76815.233245 76815.233245 353.559173 287.684626 6.593839 -0.000000 66.324468 40.000000 99.978631 99.978631 2.190992 0.367564 
7.000000e-02 1.000000 350.000015 17.808424 0.594854 0.594854 30184.443902 -0.000000 79.680316 79.680316 0.122242 0.122242 111.273657 2.944815 15.548613 15.548613 26.057949 11.840731 34039.363956 899.691380 91.282679 22.717179 6.612158 -0.000000 66.368524 40.000000 99.978625 99.978625 2.191030 0.367564 
8.000000e-01 1.000000 350.036934 17.814898 0.594846 0.594846 30138.684818 -0.000000 79.680379 79.680379 0.122211 0.122211 251.500301 251.500301 15.548027 15.548027 26.252337 19.645833 76872.650060 76872.650060 357.201207 291.327132 6.608105 -0.000000 66.381631 40.000000 99.978631 99.978631 2.190992 0.367564 
8.100000e-01 1.000000 350.004732 17.814902 0.594852 0.594852 30138.639069 -0.000000 79.680376 79.680376 0.122214 0.122214 251.680770 251.680770 15.548027 15.548027 26.252050 19.646062 76927.785431 76927.785431 360.843238 294.969314 6.607720 -0.000000 66.380075 40.000000 99.978631 99.978631 2.190992 0.367564 
8.200000e-01 1.000000 350.000008 17.814905 0.594844 0.594844 30138.656417 -0.000000 79.680396 79.680396 0.122203 0.122203 251.854011 251.854011 15.548015 15.548015 26.238327 19.646287 76980.711663 76980.711663 364.485266 298.612289 6.593828 -0.000000 66.324471 40.000000 99.978631 99.978631 2.190992 0.367564 
8.300000e-01 1.000000 350.000007 17.814909 0.594843 0.594843 30138.635179 -0.000000 79.680396 79.680396 0.122203 0.122203 252.020512 252.020512 15.548015 15.548015 26.238417 19.646454 77031.570624 77031.570624 368.127291 302.251237 6.593825 -0.000000 66.324471 40.000000 99.978631 99.978631 2.190992 0.367564 
8.400000e-01 1.000000 350.000045 17.814912 0.590795 0.590795 30138.620909 -0.000000 79.682574 79.682574 0.121370 0.121370 252.147907 252.147907 15.544284 15.544284 26.238503 19.646688 77070.239748 77070.239748 371.769314 305.892698 6.593822 -0.000000 66.324472 40.000000 99.978750 99.978750 2.190992 0.367564 
8.500000e-01 1.000000 350.001541 17.814915 0.594808 0.594808 30043.475880 -0.000000 79.680400 79.680400 0.122195 0.122195 252.334350 252.334350 15.548021 15.548021 26.238586 19.646874 77127.443544 77127.443544 375.411334 309.534535 6.593819 -0.000000 66.324473 40.000000 99.978632 99.978632 2.190992 0.367564 
8.600000e-01 1.000000 350.000014 17.814918 0.578949 0.578949 30043.861209 -0.000000 79.688920 79.688920 0.118938 0.118938 252.361635 252.361635 15.533408 15.533408 26.238665 19.646996 77134.790858 77134.790858 379.053353 313.179166 6.593816 -0.000000 66.324474 40.000000 99.979097 99.979097 2.190992 0.367564 
8.700000e-01 1.000000 350.000050 17.814921 0.575122 0.575122 30064.010639 -0.000000 79.690978 79.690978 0.118153 0.118153 252.478903 252.478903 15.529875 15.529875 26.238742 19.647222 77170.369504 77170.369504 382.695370 316.821307 6.593814 -0.000000 66.324475 40.000000 99.979210 99.979210 2.190992 0.367564 
8.800000e-01 1.000000 350.009513 17.814923 0.590742 0.590742 30043.474684 -0.000000 79.682589 79.682589 0.121354 0.121354 252.732443 252.732443 15.544287 15.544287 26.238816 19.647384 77248.817473 77248.817473 386.337385 320.463339 6.593811 -0.000000 66.324476 40.000000 99.978751 99.978751 2.190992 0.367564 
8.900000e-01 1.000000 350.049913 17.814926 0.590702 0.590702 30043.474314 -0.000000 79.682575 79.682575 0.121352 0.121352 252.865135 252.865135 15.544306 15.544306 26.240740 19.647538 77289.352812 77289.352812 389.979398 324.108973 6.595689 -0.000000 66.331960 40.000000 99.978750 99.978750 2.190992 0.367564 
8.000000e-02 1.000000 350.000005 17.809071 0.594844 0.594844 30223.004033 -0.000000 79.680335 79.680335 0.122231 0.122231 118.741234 5.025731 15.548541 15.548541 26.079589 14.206004 36318.851032 1535.401685 94.921952 27.202208 6.614826 -0.000000 66.382380 40.000000 99.978626 99.978626 2.191027 0.367564 
9.000000e-01 1.000000 350.000002 17.814928 0.590760 0.590760 30043.473960 -0.000000 79.682574 79.682574 0.121364 0.121364 252.992852 252.992852 15.544292 15.544292 26.238956 19.647686 77328.372566 77328.372566 393.621411 327.750686 6.593806 -0.000000 66.324477 40.000000 99.978750 99.978750 2.190992 0.367564 
9.100000e-01 1.000000 350.000673 17.814931 0.586771 0.586771 30092.629694 -0.000000 79.684722 79.684722 0.120542 0.120542 253.089341 253.089341 15.540611 15.540611 26.241800 19.647827 77357.590428 77357.590428 397.263423 331.391456 6.596781 -0.000000 66.335665 40.000000 99.978868 99.978868 2.190992 0.367564 
9.200000e-01 1.000000 350.000003 17.814933 0.586755 0.586755 30092.625856 -0.000000 79.684704 79.684704 0.120547 0.120547 253.208648 253.208648 15.540629 15.540629 26.241855 19.647947 77394.035564 77394.035564 400.905433 335.033272 6.596769 -0.000000 66.335624 40.000000 99.978867 99.978867 2.190992 0.367564 
9.300000e-01 1.000000 350.033866 17.814935 0.590772 0.590772 30104.630623 -0.000000 79.682561 79.682561 0.121371 0.121371 253.348863 253.348863 15.544298 15.544298 26.241908 19.648052 77437.129663 77437.129663 404.547444 338.673490 6.596758 -0.000000 66.335587 40.000000 99.978750 99.978750 2.190992 0.367564 
9.400000e-01 1.000000 350.000010 17.814938 0.586774 0.586774 30092.620794 -0.000000 79.684715 79.684715 0.120546 0.120546 253.434379 253.434379 15.540615 15.540615 26.241959 19.648207 77463.006083 77463.006083 408.189453 342.316288 6.596746 -0.000000 66.335549 40.000000 99.978867 99.978867 2.190992 0.367564 
9.500000e-01 1.000000 350.000247 17.814940 0.582838 0.582838 30092.619494 -0.000000 79.686828 79.686828 0.119739 0.119739 253.517487 253.517487 15.536989 15.536989 26.242008 19.648308 77488.150921 77488.150921 411.831463 345.958656 6.596736 -0.000000 66.335515 40.000000 99.978983 99.978983 2.190992 0.367564 
9.600000e-01 1.000000 350.001181 17.814942 0.594811 0.594811 30092.618731 -0.000000 79.680390 79.680390 0.122200 0.122200 253.691975 253.691975 15.548026 15.548026 26.242056 19.648423 77542.203308 77542.203308 415.473447 349.600044 6.596725 -0.000000 66.335480 40.000000 99.978631 99.978631 2.190992 0.367564 
9.700000e-01 1.000000 350.002893 17.814944 0.594814 0.594814 30092.618577 -0.000000 79.680389 79.680389 0.122201 0.122201 253.790499 253.790499 15.548025 15.548025 26.242102 19.648546 77572.302144 77572.302144 419.115328 353.242516 6.596715 -0.000000 66.335448 40.000000 99.978631 99.978631 2.190992 0.367564 
9.800000e-01 1.000000 350.000033 17.814945 0.594865 0.594865 30170.244050 -0.000000 79.680368 79.680368 0.122220 0.122220 253.885648 253.885648 15.548026 15.548026 26.251995 19.648641 77601.364148 77601.364148 422.757205 356.882399 6.606509 -0.000000 66.375015 40.000000 99.978630 99.978630 2.190992 0.367564 
9.900000e-01 1.000000 350.000015 17.814947 0.590803 0.590803 30163.959239 -0.000000 79.682558 79.682558 0.121378 0.121378 253.955052 253.955052 15.544291 15.544291 26.242189 19.648742 77622.323385 77622.323385 426.399078 360.526537 6.596696 -0.000000 66.335383 40.000000 99.978750 99.978750 2.190992 0.367564 
9.000000e-02 1.000000 350.000002 17.809640 0.590792 0.590792 30222.959311 -0.000000 79.682507 79.682507 0.121400 0.121400 126.027978 7.603590 15.544760 15.544760 26.103333 15.711788 38536.896024 2322.940190 98.575337 31.320745 6.614708 -0.000000 66.385642 40.000000 99.978745 99.978745 2.191024 0.367564 
