370.175111 206.668925 130958.561627 70.363276 57.283464 136.535228 171.322382 578.562125 134.634112 872.961592 482.133063 12.593714 4.106451 196.407331 
386.769583 23.970622 45351.670181 6.242886 93.119819 76.452240 56.409540 454.069922 543.268923 153.875390 168.766529 15.529279 42.633148 91.864295 
66.676114 169.019185 160149.569976 97.809165 81.611160 37.726505 57.567916 291.679942 631.020282 289.237237 47.952275 14.659510 56.601582 97.569360 
386.210281 345.220315 162326.919913 1.549731 99.853667 30.585334 10.144477 184.858884 264.205158 229.145561 715.982910 71.593773 49.978664 143.043670 
168.970375 158.306126 39112.056867 44.546856 11.999513 135.902588 70.793742 3.844062 517.461021 619.887205 444.520201 65.589563 42.348424 186.649631 
268.524976 205.459708 213924.827414 89.345692 11.839540 39.238576 185.517554 996.145191 773.309926 592.317971 818.558964 101.094076 36.749254 173.946316 
305.753771 716.343313 7383.337316 64.733471 26.006129 69.050832 157.333482 551.440831 931.554504 515.152813 242.482789 99.049112 29.762521 186.144667 
179.106723 254.143093 278100.882621 53.921806 47.556326 37.247465 143.285886 577.946224 329.325867 565.631006 559.887099 86.143064 82.431957 124.965861 
68.279124 15.469044 104870.416475 22.932838 56.166786 80.280841 22.158723 550.049729 511.562116 981.347652 89.002843 169.910808 71.219521 46.123300 
206.440976 166.652222 360861.176997 71.738826 66.052335 71.157029 62.110964 382.438673 398.595342 369.626545 264.103192 118.664399 72.835761 163.423303 
58.715190 327.095631 259495.561487 11.429659 66.879614 57.959854 58.124943 473.537914 657.481232 467.205271 682.699043 16.520822 16.028472 168.743184 
193.787382 506.577595 152764.889909 0.535647 22.533453 24.625201 48.263268 773.924942 746.476747 149.984927 916.125899 152.386337 30.553862 124.049391 
310.684510 73.784544 316381.425157 38.696323 61.584106 59.668001 113.239730 1.727195 698.713710 63.668842 778.371952 97.595082 57.378327 89.469586 
266.102458 356.521624 183682.674808 42.421967 25.589170 111.834395 167.432500 969.603812 591.934609 541.786493 300.432221 173.063727 92.853012 165.458855 
185.180408 207.613335 376432.900100 74.654781 21.116290 102.444065 95.204859 297.223877 571.972126 139.527205 490.222175 105.338019 87.318278 142.431396 
219.836250 159.606892 33578.682274 83.027005 18.325582 133.612465 172.028530 52.244895 353.074642 74.175531 105.307325 36.213290 25.644302 107.239817 
29.495988 92.503517 24893.123541 96.651202 35.548770 79.245398 154.629790 7.276636 576.825694 799.788485 483.467531 117.379170 2.904839 75.891842 
113.546205 195.139345 113104.884595 2.922980 80.720179 150.801716 103.348649 612.948116 729.929366 256.767403 369.657841 26.299926 31.737030 84.685836 
235.584392 95.850026 61915.382732 0.740641 19.754627 16.837930 19.051381 17.616182 523.379879 990.999343 503.118702 149.693528 91.928026 41.701763 
60.695673 51.184976 267194.913574 93.972693 5.943413 157.639797 27.587222 496.291832 8.994103 222.523731 694.153377 52.830665 17.665203 46.289269 
385.580858 336.055167 46139.985972 99.059404 62.819491 172.732885 146.750051 638.535443 431.586323 69.181768 772.441069 105.198742 79.980759 97.359338 
124.680983 213.014261 341003.213369 78.595028 2.627089 4.145667 98.371759 189.098422 190.117179 984.540497 531.597756 109.633938 53.126924 147.088393 
82.110352 624.049897 15340.063551 52.614101 75.710580 50.817382 183.241886 910.781340 479.296926 487.731250 72.347353 176.360576 20.138074 103.010992 
27.244715 224.818289 99220.286704 95.988043 58.897860 165.057168 155.821541 854.912897 175.513235 413.476976 633.246780 42.951878 80.496680 186.927660 
198.302423 260.578549 280267.954279 98.183983 48.438904 22.146239 141.654205 244.799214 829.044494 857.314411 412.283136 157.448684 21.481230 109.400191 
260.011414 485.451946 51649.563937 24.109948 14.027179 91.731582 106.916727 903.812448 19.434952 95.598194 621.082126 26.949485 12.823998 125.652956 
240.341101 658.247695 88928.446527 72.118936 86.105386 77.472257 68.527496 333.057716 928.742333 525.749466 205.983935 112.383042 43.292854 173.626977 
177.874670 214.312677 191019.203658 41.325920 43.120150 68.672098 154.220143 856.705665 827.802507 486.151081 441.337286 108.736062 35.286886 103.723291 
366.442995 305.312622 153566.398271 31.383780 71.465431 168.046596 84.298532 511.499474 251.051686 427.909259 226.695470 194.979448 87.186491 198.445794 
45.377949 108.381735 257225.271085 52.232069 5.266271 102.263324 4.435303 270.656653 869.703174 351.618157 784.222180 133.729373 56.707410 126.780674 
165.584658 87.155121 302599.622175 76.233582 45.966016 131.614006 85.325091 161.650447 855.881761 511.573474 976.056184 174.196716 39.291053 75.170332 
234.809568 65.968827 132514.619038 40.457899 65.568147 42.615142 161.644855 374.159652 909.707043 418.961751 526.500865 62.602303 71.787284 78.954004 
388.939616 266.517199 149181.091622 49.524865 24.906008 74.759994 150.076834 88.158350 350.096416 466.647378 229.103604 174.375359 46.464192 93.037411 
330.250496 129.542191 306774.637173 30.434666 0.567980 33.246762 160.679994 710.525964 515.986236 155.700610 565.598564 89.734409 12.203561 154.520559 
296.061745 120.354922 135600.344711 13.525889 81.592537 177.224555 99.661017 836.168043 69.384278 190.233609 169.971243 33.404977 42.146167 70.324868 
42.540809 19.160634 311559.880046 27.477022 85.489956 161.551926 148.415574 121.440016 682.667563 804.616986 14.716885 163.177042 22.454660 24.348435 
352.082203 502.237294 18946.193071 29.709232 30.188913 28.700426 113.811017 10.599095 908.836905 89.790535 518.314926 139.503034 75.978837 138.687097 
294.252601 190.848330 98120.743439 5.612097 99.230985 126.940336 144.833648 163.423631 39.745065 105.664809 393.628216 15.916608 42.566876 170.379421 
193.047971 68.465061 228642.574912 8.441078 96.322359 62.906496 16.948610 875.835106 360.747580 430.663482 92.532974 78.433539 26.032735 93.676823 
19.599321 393.960132 103863.723532 53.789936 52.213201 95.663541 41.478821 775.278061 816.055550 666.433854 795.735308 80.866121 90.176192 172.275229 
254.380647 395.538715 254713.747384 69.261876 11.659546 59.444590 142.283475 268.279635 599.611252 39.155603 353.881688 75.899859 3.019950 188.030559 
122.424448 255.320875 237166.891661 22.409534 53.584069 96.779019 118.111376 469.682665 402.748121 545.239495 855.999443 0.249041 51.791659 161.582749 
302.665602 703.280481 111254.615156 40.198275 6.282655 35.691112 160.987240 663.854231 533.061504 121.157380 25.622629 157.691225 81.739989 173.400166 
83.580945 382.451565 105882.312629 84.895494 55.703441 46.007309 49.117116 280.631515 512.006290 769.994724 135.772376 116.426380 96.536265 146.142532 
392.829194 57.607427 154935.616040 32.900344 58.983274 157.494157 155.174115 504.754342 98.399140 324.558096 107.219203 65.230152 10.704321 161.717094 
66.235455 76.734579 874.397344 24.781607 91.428911 196.110517 149.339135 93.117771 62.945774 439.025547 232.700972 108.843089 46.568942 35.015724 
351.251998 149.653109 272907.582246 94.844485 68.524323 82.212007 60.810757 921.305233 655.940499 167.649675 743.645670 174.805874 16.139557 143.735784 
83.807931 12.517474 37390.189019 34.653744 50.716292 27.272174 112.777043 728.353295 624.326661 886.111107 653.151116 71.797014 34.985476 164.739268 
195.795171 89.468751 131273.301608 68.874144 54.121692 117.071677 32.881480 371.262092 865.508678 775.750882 938.576287 189.337990 50.544788 190.461372 
121.658153 543.269657 166213.612812 28.463360 6.725041 146.522377 107.310601 812.084924 309.015022 614.289934 664.040474 94.671954 99.297281 182.756049 
368.277396 818.020648 29760.355334 30.026235 63.708761 160.353304 44.131965 203.130380 10.152094 776.294005 848.705771 98.687432 18.310460 192.525714 
358.507385 375.073094 279999.602894 98.084641 51.453409 107.555893 71.991062 415.593027 740.979222 433.464940 415.896533 61.117527 6.415550 198.019604 
172.876669 177.057121 340383.102366 89.761146 1.393770 123.831219 48.050298 525.212602 418.408267 551.964612 851.267272 73.575864 31.840365 151.463233 
289.368365 448.317222 14590.845571 84.558615 33.963766 193.322690 133.153794 800.052795 176.440797 845.931146 920.205552 56.590964 5.142524 176.508928 
32.090416 362.474144 38755.480560 13.184726 85.136874 97.557904 91.030698 32.829128 912.728384 182.271539 28.129031 48.443388 47.066361 146.578218 
209.850053 99.600844 156183.633136 70.009890 91.274667 94.552408 109.046833 752.236277 18.276299 20.250428 449.060391 154.326065 8.803501 138.969306 
102.935941 47.595471 233587.234558 49.487684 88.206221 186.047334 119.506050 620.707784 863.312847 686.794009 453.211047 122.043075 84.930141 140.107526 
277.029787 211.757503 294583.979010 29.580620 21.354608 137.779989 132.276882 279.616379 915.885522 768.014630 654.205622 128.668917 39.831577 139.818133 
107.312440 661.751431 79492.307446 61.482591 21.719836 166.748263 55.645920 873.081720 493.432130 997.701606 199.298556 167.185230 70.256581 189.887650 
273.195740 198.790265 25710.034852 10.754102 93.831974 39.450064 105.171741 174.048383 701.034178 653.377377 520.532827 141.885283 47.106038 166.748979 
193.415959 98.584246 404193.864132 52.918047 68.437432 158.680783 76.142099 860.035402 455.889306 624.386368 383.949541 67.736257 61.779877 195.384804 
75.372210 134.217309 375496.095148 8.045006 17.102723 114.805768 6.953667 657.717531 718.323491 503.539087 303.889338 84.068436 40.637668 155.000058 
119.791319 74.989253 137560.647987 7.048842 12.460845 189.466668 17.244993 615.544575 341.117600 223.715127 349.221329 185.260569 3.190168 69.708974 
233.876098 497.896965 184382.015390 3.956031 76.021423 177.819895 90.770828 523.110845 800.569331 339.499282 416.079913 100.572253 72.747379 153.401902 
173.433889 584.527160 159280.305827 46.959620 43.228181 38.782146 12.679387 115.763599 913.204180 436.881906 119.297975 199.757510 19.454785 164.282613 
245.820280 223.648944 240352.263256 51.488087 24.222470 74.905108 74.277564 156.247032 843.236903 317.053170 43.520724 175.469108 81.332281 191.801324 
318.948188 103.007647 68768.908844 84.948632 2.284367 105.517893 91.215672 264.544951 136.464149 162.894768 761.810754 77.184456 4.641758 113.306808 
