0.1 471.512 471.512 2 1 0
0.100008 471.552 471.552 1 1 0
0.100017 471.592 471.592 1 1 0
0.100034 471.672 471.672 1 1 0
0.100067 471.832 471.832 1 1 0
0.100135 472.151 472.151 1 1 0
0.10024 472.651 472.651 1 1 0
0.100346 473.15 473.15 1 1 0
0.100451 473.65 473.65 1 1 0
0.100557 474.149 474.149 1 1 0
0.100662 474.649 474.649 1 1 0
0.100768 475.148 475.148 1 1 0
0.100873 475.648 475.648 1 1 0
0.100979 476.147 476.147 1 1 0
0.101084 476.647 476.647 1 1 0
0.101189 477.146 477.146 1 1 0
0.101295 477.646 477.646 1 1 0
0.1014 478.146 478.146 1 1 0
0.101506 478.645 478.645 1 1 0
0.101611 479.145 479.145 1 1 0
0.101717 479.644 479.644 1 1 0
0.101822 480.144 480.144 1 1 0
0.101928 480.643 480.643 1 1 0
0.102033 481.143 481.143 1 1 0
0.102139 481.642 481.642 1 1 0
0.102244 482.142 482.142 1 1 0
0.10235 482.642 482.642 1 1 0
0.102455 483.141 483.141 1 1 0
0.102561 483.641 483.641 1 1 0
0.102666 484.14 484.14 1 1 0
0.102771 484.64 484.64 1 1 0
0.102877 485.139 485.139 1 1 0
0.102982 485.639 485.639 1 1 0
0.103088 486.139 486.139 1 1 0
0.103193 486.638 486.638 1 1 0
0.103299 487.138 487.138 1 1 0
0.103404 487.637 487.637 1 1 0
0.10351 488.137 488.137 1 1 0
0.103615 488.637 488.637 1 1 0
0.103721 489.136 489.136 1 1 0
0.103826 489.636 489.636 1 1 0
0.103932 490.135 490.135 1 1 0
0.104037 490.635 490.635 1 1 0
0.104143 491.135 491.135 1 1 0
0.104248 491.634 491.634 1 1 0
0.104354 492.134 492.134 1 1 0
0.104459 492.634 492.634 1 1 0
0.104565 493.133 493.133 1 1 0
0.10467 493.633 493.633 1 1 0
0.104776 494.132 494.132 1 1 0
0.104881 494.632 494.632 1 1 0
0.104987 495.132 495.132 1 1 0
0.105092 495.631 495.631 1 1 0
0.105198 496.131 496.131 1 1 0
0.105304 496.631 496.631 1 1 0
0.105409 497.13 497.13 1 1 0
0.105515 497.63 497.63 1 1 0
0.10562 498.13 498.13 1 1 0
0.105726 498.629 498.629 1 1 0
0.105831 499.129 499.129 1 1 0
0.105937 499.629 499.629 1 1 0
0.106042 500.128 500.128 1 1 0
0.106148 500.628 500.628 1 1 0
0.106253 501.128 501.128 1 1 0
0.106359 501.627 501.627 1 1 0
0.106464 502.127 502.127 1 1 0
0.10657 502.627 502.627 1 1 0
0.106675 503.126 503.126 1 1 0
0.106781 503.626 503.626 1 1 0
0.106886 504.126 504.126 1 1 0
0.106992 504.626 504.626 1 1 0
0.107098 505.125 505.125 1 1 0
0.107203 505.625 505.625 1 1 0
0.107309 506.125 506.125 1 1 0
0.107414 506.624 506.624 1 1 0
0.10752 507.124 507.124 1 1 0
0.107625 507.624 507.624 1 1 0
0.107731 508.123 508.123 1 1 0
0.107836 508.623 508.623 1 1 0
0.107942 509.123 509.123 1 1 0
0.108047 509.623 509.623 1 1 0
0.108153 510.122 510.122 1 1 0
0.108259 510.622 510.622 1 1 0
0.108364 511.122 511.122 1 1 0
0.10847 511.622 511.622 1 1 0
0.108575 512.121 512.121 1 1 0
0.108681 512.621 512.621 1 1 0
0.108786 513.121 513.121 1 1 0
0.108892 513.62 513.62 1 1 0
0.108998 514.12 514.12 1 1 0
0.109103 514.62 514.62 1 1 0
0.109209 515.12 515.12 1 1 0
0.109314 515.619 515.619 1 1 0
0.10942 516.119 516.119 1 1 0
0.109525 516.619 516.619 1 1 0
0.109631 517.119 517.119 1 1 0
0.109736 517.618 517.618 1 1 0
0.109842 518.118 518.118 1 1 0
0.109948 518.618 518.618 1 1 0
0.110053 519.118 519.118 1 1 0
0.110159 519.617 519.617 1 1 0
0.110264 520.117 520.117 1 1 0
0.11037 520.617 520.617 1 1 0
0.110476 521.117 521.117 1 1 0
0.110581 521.617 521.617 1 1 0
0.110687 522.116 522.116 1 1 0
0.110792 522.616 522.616 1 1 0
0.110898 523.116 523.116 1 1 0
0.111003 523.616 523.616 1 1 0
0.111109 524.115 524.115 1 1 0
0.111215 524.615 524.615 1 1 0
0.11132 525.115 525.115 1 1 0
0.111426 525.615 525.615 1 1 0
0.111531 526.114 526.114 1 1 0
0.111637 526.614 526.614 1 1 0
0.111743 527.114 527.114 1 1 0
0.111848 527.614 527.614 1 1 0
0.111954 528.114 528.114 1 1 0
0.112059 528.613 528.613 1 1 0
0.112165 529.113 529.113 1 1 0
0.112271 529.613 529.613 1 1 0
0.112376 530.113 530.113 1 1 0
0.112482 530.613 530.613 1 1 0
0.112587 531.112 531.112 1 1 0
0.112693 531.612 531.612 1 1 0
0.112799 532.112 532.112 1 1 0
0.112904 532.612 532.612 1 1 0
0.11301 533.112 533.112 1 1 0
0.113115 533.611 533.611 1 1 0
0.113221 534.111 534.111 1 1 0
0.113327 534.611 534.611 1 1 0
0.113432 535.111 535.111 1 1 0
0.113538 535.611 535.611 1 1 0
0.113643 536.11 536.11 1 1 0
0.113749 536.61 536.61 1 1 0
0.113855 537.11 537.11 1 1 0
0.11396 537.61 537.61 1 1 0
0.114066 538.11 538.11 1 1 0
0.114171 538.61 538.61 1 1 0
0.114277 539.109 539.109 1 1 0
0.114383 539.609 539.609 1 1 0
0.114488 540.109 540.109 1 1 0
0.114594 540.609 540.609 1 1 0
0.1 471.512 471.512 2 1 0
0.0999916 471.472 471.472 1 1 0
0.0999831 471.432 471.432 1 1 0
0.0999663 471.352 471.352 1 1 0
0.0999325 471.192 471.192 1 1 0
0.099865 470.873 470.873 1 1 0
0.0997596 470.373 470.373 1 1 0
0.0996542 469.874 469.874 1 1 0
0.0995488 469.374 469.374 1 1 0
0.0994433 468.875 468.875 1 1 0
0.0993379 468.375 468.375 1 1 0
0.0992325 467.876 467.876 1 1 0
0.0991271 467.376 467.376 1 1 0
0.0990216 466.877 466.877 1 1 0
0.0989162 466.378 466.378 1 1 0
0.0988108 465.878 465.878 1 1 0
0.0987054 465.379 465.379 1 1 0
0.0986 464.879 464.879 1 1 0
0.0984946 464.38 464.38 1 1 0
0.0983892 463.88 463.88 1 1 0
0.0982838 463.381 463.381 1 1 0
0.0981784 462.882 462.882 1 1 0
0.098073 462.382 462.382 1 1 0
0.0979676 461.883 461.883 1 1 0
0.0978622 461.383 461.383 1 1 0
0.0977568 460.884 460.884 1 1 0
0.0976514 460.385 460.385 1 1 0
0.097546 459.885 459.885 1 1 0
0.0974407 459.386 459.386 1 1 0
0.0973353 458.887 458.887 1 1 0
0.0972299 458.387 458.387 1 1 0
0.0971245 457.888 457.888 1 1 0
0.0970191 457.389 457.389 1 1 0
0.0969138 456.889 456.889 1 1 0
0.0968084 456.39 456.39 1 1 0
0.096703 455.891 455.891 1 1 0
0.0965977 455.391 455.391 1 1 0
0.0964923 454.892 454.892 1 1 0
0.0963869 454.393 454.393 1 1 0
0.0962816 453.893 453.893 1 1 0
0.0961762 453.394 453.394 1 1 0
0.0960709 452.895 452.895 1 1 0
0.0959655 452.395 452.395 1 1 0
0.0958602 451.896 451.896 1 1 0
0.0957548 451.397 451.397 1 1 0
0.0956495 450.898 450.898 1 1 0
0.0955441 450.398 450.398 1 1 0
0.0954388 449.899 449.899 1 1 0
0.0953335 449.4 449.4 1 1 0
0.0952281 448.901 448.901 1 1 0
0.0951228 448.401 448.401 1 1 0
0.0950175 447.902 447.902 1 1 0
0.0949122 447.403 447.403 1 1 0
0.0948068 446.904 446.904 1 1 0
0.0947015 446.404 446.404 1 1 0
0.0945962 445.905 445.905 1 1 0
0.0944909 445.406 445.406 1 1 0
0.0943856 444.907 444.907 1 1 0
0.0942803 444.408 444.408 1 1 0
0.094175 443.909 443.909 1 1 0
0.0940697 443.409 443.409 1 1 0
0.0939644 442.91 442.91 1 1 0
0.0938591 442.411 442.411 1 1 0
0.0937538 441.912 441.912 1 1 0
0.0936485 441.413 441.413 1 1 0
0.0935432 440.914 440.914 1 1 0
0.0934379 440.415 440.415 1 1 0
0.0933326 439.915 439.915 1 1 0
0.0932274 439.416 439.416 1 1 0
0.0931221 438.917 438.917 1 1 0
0.0930168 438.418 438.418 1 1 0
0.0929116 437.919 437.919 1 1 0
0.0928063 437.42 437.42 1 1 0
0.092701 436.921 436.921 1 1 0
0.0925958 436.422 436.422 1 1 0
0.0924905 435.923 435.923 1 1 0
0.0923853 435.424 435.424 1 1 0
0.09228 434.925 434.925 1 1 0
0.0921748 434.426 434.426 1 1 0
0.0920695 433.927 433.927 1 1 0
0.0919643 433.428 433.428 1 1 0
0.091859 432.929 432.929 1 1 0
0.0917538 432.43 432.43 1 1 0
0.0916486 431.931 431.931 1 1 0
0.0915434 431.432 431.432 1 1 0
0.0914381 430.933 430.933 1 1 0
0.0913329 430.434 430.434 1 1 0
0.0912277 429.935 429.935 1 1 0
0.0911225 429.436 429.436 1 1 0
0.0910173 428.937 428.937 1 1 0
0.0909121 428.438 428.438 1 1 0
0.0908069 427.939 427.939 1 1 0
0.0907017 427.44 427.44 1 1 0
0.0905965 426.942 426.942 1 1 0
0.0904913 426.443 426.443 1 1 0
0.0903861 425.944 425.944 1 1 0
0.0902809 425.445 425.445 1 1 0
0.0901758 424.946 424.946 1 1 0
0.0900706 424.447 424.447 1 1 0
0.0899654 423.949 423.949 1 1 0
0.0898603 423.45 423.45 1 1 0
0.0897551 422.951 422.951 1 1 0
0.0896499 422.452 422.452 1 1 0
0.0895448 421.953 421.953 1 1 0
0.0894396 421.455 421.455 1 1 0
0.0893345 420.956 420.956 1 1 0
0.0892293 420.457 420.457 1 1 0
0.0891242 419.958 419.958 1 1 0
0.0890191 419.46 419.46 1 1 0
0.0889139 418.961 418.961 1 1 0
0.0888088 418.462 418.462 1 1 0
0.0887037 417.964 417.964 1 1 0
0.0885986 417.465 417.465 1 1 0
0.0884935 416.966 416.966 1 1 0
0.0883884 416.468 416.468 1 1 0
0.0882833 415.969 415.969 1 1 0
0.0881782 415.47 415.47 1 1 0
0.0880731 414.972 414.972 1 1 0
0.087968 414.473 414.473 1 1 0
0.0878629 413.975 413.975 1 1 0
0.0877578 413.476 413.476 1 1 0
0.0876527 412.978 412.978 1 1 0
0.0875477 412.479 412.479 1 1 0
0.0874426 411.981 411.981 1 1 0
0.0873375 411.482 411.482 1 1 0
0.0872325 410.984 410.984 1 1 0
0.0871274 410.485 410.485 1 1 0
0.0870224 409.987 409.987 1 1 0
0.0869173 409.488 409.488 1 1 0
0.0868123 408.99 408.99 1 1 0
0.0867073 408.491 408.491 1 1 0
0.0866022 407.993 407.993 1 1 0
0.0864972 407.495 407.495 1 1 0
0.0863922 406.996 406.996 1 1 0
0.0862872 406.498 406.498 1 1 0
0.0861822 406 406 1 1 0
0.0860772 405.501 405.501 1 1 0
0.0859722 405.003 405.003 1 1 0
0.0858672 404.505 404.505 1 1 0
0.0857622 404.006 404.006 1 1 0
0.0856572 403.508 403.508 1 1 0
0.0855523 403.01 403.01 1 1 0
0.0854473 402.512 402.512 1 1 0
0.0853423 402.013 402.013 1 1 0
0.0852374 401.515 401.515 1 1 0
0.0851324 401.017 401.017 1 1 0
0.0850275 400.519 400.519 1 1 0
0.0849225 400.021 400.021 1 1 0
0.0848176 399.523 399.523 1 1 0
0.0847127 399.025 399.025 1 1 0
0.0846077 398.526 398.526 1 1 0
0.0845028 398.028 398.028 1 1 0
0.0843979 397.53 397.53 1 1 0
0.084293 397.032 397.032 1 1 0
0.0841881 396.534 396.534 1 1 0
0.0840832 396.036 396.036 1 1 0
0.0839783 395.538 395.538 1 1 0
0.0838735 395.04 395.04 1 1 0
0.0837686 394.543 394.543 1 1 0
0.0836637 394.045 394.045 1 1 0
0.0835589 393.547 393.547 1 1 0
0.083454 393.049 393.049 1 1 0
0.0833492 392.551 392.551 1 1 0
0.0832443 392.053 392.053 1 1 0
0.0831395 391.555 391.555 1 1 0
0.0830347 391.058 391.058 1 1 0
0.0829298 390.56 390.56 1 1 0
0.082825 390.062 390.062 1 1 0
0.0827202 389.564 389.564 1 1 0
0.0826154 389.067 389.067 1 1 0
0.0825106 388.569 388.569 1 1 0
0.0824058 388.071 388.071 1 1 0
0.0823011 387.574 387.574 1 1 0
0.0821963 387.076 387.076 1 1 0
0.0820915 386.579 386.579 1 1 0
0.0819868 386.081 386.081 1 1 0
0.081882 385.584 385.584 1 1 0
0.0817773 385.086 385.086 1 1 0
0.0816726 384.589 384.589 1 1 0
0.0815678 384.091 384.091 1 1 0
0.0814631 383.594 383.594 1 1 0
0.0813584 383.096 383.096 1 1 0
0.0812537 382.599 382.599 1 1 0
0.081149 382.102 382.102 1 1 0
0.0810443 381.604 381.604 1 1 0
0.0809397 381.107 381.107 1 1 0
0.080835 380.61 380.61 1 1 0
0.0807303 380.113 380.113 1 1 0
0.0806257 379.615 379.615 1 1 0
0.080521 379.118 379.118 1 1 0
0.0804164 378.621 378.621 1 1 0
0.0803118 378.124 378.124 1 1 0
0.0802072 377.627 377.627 1 1 0
0.0801025 377.13 377.13 1 1 0
0.0799979 376.633 376.633 1 1 0
0.0798934 376.136 376.136 1 1 0
0.0797888 375.639 375.639 1 1 0
0.0796842 375.142 375.142 1 1 0
0.0795796 374.645 374.645 1 1 0
0.0794751 374.148 374.148 1 1 0
0.0794751 374.148 374.148 2 1 0
0.0794667 374.108 374.108 1 1 0
0.0794584 374.069 374.069 1 1 0
0.0794416 373.989 373.989 1 1 0
0.0794082 373.83 373.83 1 1 0
0.0793413 373.512 373.512 1 1 0
0.0792367 373.015 373.015 1 1 0
0.0791322 372.519 372.519 1 1 0
0.0790277 372.022 372.022 1 1 0
0.0789232 371.525 371.525 1 1 0
0.0788187 371.029 371.029 1 1 0
0.0787142 370.532 370.532 1 1 0
0.0786097 370.035 370.035 1 1 0
0.0785053 369.539 369.539 1 1 0
0.0784008 369.042 369.042 1 1 0
0.0782964 368.546 368.546 1 1 0
0.078192 368.049 368.049 1 1 0
0.0780875 367.553 367.553 1 1 0
0.0779831 367.057 367.057 1 1 0
0.0778787 366.56 366.56 1 1 0
0.0777743 366.064 366.064 1 1 0
0.07767 365.568 365.568 1 1 0
0.0775656 365.071 365.071 1 1 0
0.0774612 364.575 364.575 1 1 0
0.0773569 364.079 364.079 1 1 0
0.0772526 363.583 363.583 1 1 0
0.0771482 363.087 363.087 1 1 0
0.0770439 362.591 362.591 1 1 0
0.0769396 362.095 362.095 1 1 0
0.0768353 361.599 361.599 1 1 0
0.0767311 361.103 361.103 1 1 0
0.0766268 360.607 360.607 1 1 0
0.0765226 360.111 360.111 1 1 0
0.0764183 359.616 359.616 1 1 0
0.0763141 359.12 359.12 1 1 0
0.0762099 358.624 358.624 1 1 0
0.0761057 358.129 358.129 1 1 0
0.0760015 357.633 357.633 1 1 0
0.0758973 357.138 357.138 1 1 0
0.0757932 356.642 356.642 1 1 0
0.075689 356.147 356.147 1 1 0
0.0755849 355.651 355.651 1 1 0
0.0754808 355.156 355.156 1 1 0
0.0753767 354.661 354.661 1 1 0
0.0752726 354.165 354.165 1 1 0
0.0751685 353.67 353.67 1 1 0
0.0750644 353.175 353.175 1 1 0
0.0749604 352.68 352.68 1 1 0
0.0748563 352.185 352.185 1 1 0
0.0747523 351.69 351.69 1 1 0
0.0746483 351.195 351.195 1 1 0
0.0745443 350.7 350.7 1 1 0
0.0744404 350.205 350.205 1 1 0
0.0743364 349.711 349.711 1 1 0
0.0742324 349.216 349.216 1 1 0
0.0741285 348.721 348.721 1 1 0
0.0740246 348.227 348.227 1 1 0
0.0739207 347.732 347.732 1 1 0
0.0738168 347.238 347.238 1 1 0
0.073713 346.743 346.743 1 1 0
0.0736091 346.249 346.249 1 1 0
0.0735053 345.755 345.755 1 1 0
0.0734015 345.261 345.261 1 1 0
0.0732977 344.766 344.766 1 1 0
0.0731939 344.272 344.272 1 1 0
0.0730901 343.778 343.778 1 1 0
0.0729864 343.284 343.284 1 1 0
0.0728826 342.79 342.79 1 1 0
0.0727789 342.297 342.297 1 1 0
0.0726752 341.803 341.803 1 1 0
0.0725716 341.309 341.309 1 1 0
0.0724679 340.816 340.816 1 1 0
0.0723643 340.322 340.322 1 1 0
0.0722606 339.828 339.828 1 1 0
0.072157 339.335 339.335 1 1 0
0.0720534 338.842 338.842 1 1 0
0.0719499 338.348 338.348 1 1 0
0.0718463 337.855 337.855 1 1 0
0.0717428 337.362 337.362 1 1 0
0.0716393 336.869 336.869 1 1 0
0.0715358 336.376 336.376 1 1 0
0.0714324 335.883 335.883 1 1 0
0.0713289 335.39 335.39 1 1 0
0.0712255 334.898 334.898 1 1 0
0.0711221 334.405 334.405 1 1 0
0.0710187 333.913 333.913 1 1 0
0.0709154 333.42 333.42 1 1 0
0.070812 332.928 332.928 1 1 0
0.0707087 332.435 332.435 1 1 0
0.0706054 331.943 331.943 1 1 0
0.0705021 331.451 331.451 1 1 0
0.0703989 330.959 330.959 1 1 0
0.0702957 330.467 330.467 1 1 0
0.0701925 329.975 329.975 1 1 0
0.0700893 329.483 329.483 1 1 0
0.0699861 328.992 328.992 1 1 0
0.069883 328.5 328.5 1 1 0
0.0697799 328.009 328.009 1 1 0
0.0696768 327.517 327.517 1 1 0
0.0695738 327.026 327.026 1 1 0
0.0694707 326.535 326.535 1 1 0
0.0693677 326.044 326.044 1 1 0
0.0692647 325.553 325.553 1 1 0
0.0691618 325.062 325.062 1 1 0
0.0690589 324.571 324.571 1 1 0
0.068956 324.08 324.08 1 1 0
0.0688531 323.59 323.59 1 1 0
0.0687502 323.099 323.099 1 1 0
0.0686474 322.609 322.609 1 1 0
0.0685446 322.118 322.118 1 1 0
0.0684419 321.628 321.628 1 1 0
0.0683391 321.138 321.138 1 1 0
0.0682364 320.648 320.648 1 1 0
0.0681337 320.159 320.159 1 1 0
0.0680311 319.669 319.669 1 1 0
0.0679284 319.179 319.179 1 1 0
0.0678259 318.69 318.69 1 1 0
0.0677233 318.2 318.2 1 1 0
0.0676208 317.711 317.711 1 1 0
0.0675183 317.222 317.222 1 1 0
0.0674158 316.733 316.733 1 1 0
0.0673134 316.244 316.244 1 1 0
0.0672109 315.756 315.756 1 1 0
0.0671086 315.267 315.267 1 1 0
0.0670062 314.779 314.779 1 1 0
0.0669039 314.29 314.29 1 1 0
0.0668016 313.802 313.802 1 1 0
0.0666994 313.314 313.314 1 1 0
0.0665972 312.826 312.826 1 1 0
0.066495 312.338 312.338 1 1 0
0.0663929 311.851 311.851 1 1 0
0.0662908 311.363 311.363 1 1 0
0.0661887 310.876 310.876 1 1 0
0.0660867 310.389 310.389 1 1 0
0.0659847 309.902 309.902 1 1 0
0.0658827 309.415 309.415 1 1 0
0.0657808 308.928 308.928 1 1 0
0.0656789 308.441 308.441 1 1 0
0.0655771 307.955 307.955 1 1 0
0.0654753 307.469 307.469 1 1 0
0.0653735 306.982 306.982 1 1 0
0.0652718 306.496 306.496 1 1 0
0.0651701 306.011 306.011 1 1 0
0.0650684 305.525 305.525 1 1 0
0.0649668 305.039 305.039 1 1 0
0.0648652 304.554 304.554 1 1 0
0.0647637 304.069 304.069 1 1 0
0.0646622 303.584 303.584 1 1 0
0.0645608 303.099 303.099 1 1 0
0.0644594 302.615 302.615 1 1 0
0.064358 302.13 302.13 1 1 0
0.0642567 301.646 301.646 1 1 0
0.0641555 301.162 301.162 1 1 0
0.0640542 300.678 300.678 1 1 0
0.0639531 300.194 300.194 1 1 0
0.0638519 299.711 299.711 1 1 0
0.0637508 299.228 299.228 1 1 0
0.0636498 298.744 298.744 1 1 0
0.0635488 298.262 298.262 1 1 0
0.0634479 297.779 297.779 1 1 0
0.063347 297.296 297.296 1 1 0
0.0632461 296.814 296.814 1 1 0
0.0631453 296.332 296.332 1 1 0
0.0630446 295.85 295.85 1 1 0
0.0629439 295.368 295.368 1 1 0
0.0628432 294.887 294.887 1 1 0
0.0627426 294.406 294.406 1 1 0
0.0626421 293.925 293.925 1 1 0
0.0625416 293.444 293.444 1 1 0
0.0624412 292.963 292.963 1 1 0
0.0623408 292.483 292.483 1 1 0
0.0622405 292.003 292.003 1 1 0
0.0621402 291.523 291.523 1 1 0
0.06204 291.043 291.043 1 1 0
0.0619398 290.564 290.564 1 1 0
0.0618397 290.084 290.084 1 1 0
0.0617397 289.606 289.606 1 1 0
0.0616397 289.127 289.127 1 1 0
0.0615398 288.648 288.648 1 1 0
0.0614399 288.17 288.17 1 1 0
0.0613401 287.692 287.692 1 1 0
0.0612404 287.215 287.215 1 1 0
0.0611407 286.737 286.737 1 1 0
0.0610411 286.26 286.26 1 1 0
0.0609415 285.783 285.783 1 1 0
0.060842 285.307 285.307 1 1 0
0.0607426 284.83 284.83 1 1 0
0.0606433 284.354 284.354 1 1 0
0.060544 283.878 283.878 1 1 0
0.0604447 283.403 283.403 1 1 0
0.0603456 282.928 282.928 1 1 0
0.0602465 282.453 282.453 1 1 0
0.0601474 281.978 281.978 1 1 0
0.0600485 281.504 281.504 1 1 0
0.0599496 281.03 281.03 1 1 0
0.0598508 280.556 280.556 1 1 0
0.059752 280.083 280.083 1 1 0
0.0596534 279.61 279.61 1 1 0
0.0595548 279.137 279.137 1 1 0
0.0594563 278.664 278.664 1 1 0
0.0593578 278.192 278.192 1 1 0
0.0592594 277.721 277.721 1 1 0
0.0591611 277.249 277.249 1 1 0
0.0590629 276.778 276.778 1 1 0
0.0589648 276.307 276.307 1 1 0
0.0588667 275.837 275.837 1 1 0
0.0587688 275.366 275.366 1 1 0
0.0586709 274.897 274.897 1 1 0
0.058573 274.427 274.427 1 1 0
0.0584753 273.958 273.958 1 1 0
0.0583776 273.49 273.49 1 1 0
0.0582801 273.021 273.021 1 1 0
0.0581826 272.553 272.553 1 1 0
0.0580852 272.086 272.086 1 1 0
0.0579879 271.618 271.618 1 1 0
0.0578907 271.152 271.152 1 1 0
0.0577935 270.685 270.685 1 1 0
0.0576965 270.219 270.219 1 1 0
0.0575995 269.753 269.753 1 1 0
0.0575027 269.288 269.288 1 1 0
0.0574059 268.823 268.823 1 1 0
0.0573092 268.359 268.359 1 1 0
0.0572126 267.895 267.895 1 1 0
0.0571161 267.431 267.431 1 1 0
0.0570198 266.968 266.968 1 1 0
0.0569235 266.505 266.505 1 1 0
0.0568273 266.042 266.042 1 1 0
0.0567312 265.581 265.581 1 1 0
0.0566352 265.119 265.119 1 1 0
0.0565393 264.658 264.658 1 1 0
0.0564435 264.197 264.197 1 1 0
0.0563478 263.737 263.737 1 1 0
0.0562522 263.277 263.277 1 1 0
0.0561567 262.818 262.818 1 1 0
0.0560613 262.359 262.359 1 1 0
0.0559661 261.901 261.901 1 1 0
0.0558709 261.443 261.443 1 1 0
0.0557758 260.986 260.986 1 1 0
0.0556809 260.529 260.529 1 1 0
0.0555861 260.072 260.072 1 1 0
0.0554913 259.617 259.617 1 1 0
0.0553967 259.161 259.161 1 1 0
0.0553022 258.706 258.706 1 1 0
0.0552079 258.252 258.252 1 1 0
0.0551136 257.798 257.798 1 1 0
0.0550195 257.345 257.345 1 1 0
0.0549254 256.892 256.892 1 1 0
0.0548315 256.439 256.439 1 1 0
0.0547377 255.988 255.988 1 1 0
0.0546441 255.536 255.536 1 1 0
0.0545505 255.086 255.086 1 1 0
0.0544571 254.636 254.636 1 1 0
0.0543638 254.186 254.186 1 1 0
0.0542707 253.737 253.737 1 1 0
0.0541776 253.288 253.288 1 1 0
0.0540847 252.841 252.841 1 1 0
0.0539919 252.393 252.393 1 1 0
0.0538993 251.946 251.946 1 1 0
0.0538068 251.5 251.5 1 1 0
0.0537144 251.055 251.055 1 1 0
0.0536221 250.61 250.61 1 1 0
0.05353 250.165 250.165 1 1 0
0.053438 249.722 249.722 1 1 0
0.0533462 249.278 249.278 1 1 0
0.0532545 248.836 248.836 1 1 0
0.0531629 248.394 248.394 1 1 0
0.0530715 247.953 247.953 1 1 0
0.0529802 247.512 247.512 1 1 0
0.0528891 247.072 247.072 1 1 0
0.0527981 246.632 246.632 1 1 0
0.0527072 246.194 246.194 1 1 0
0.0526165 245.756 245.756 1 1 0
0.052526 245.318 245.318 1 1 0
0.0524355 244.881 244.881 1 1 0
0.0523453 244.445 244.445 1 1 0
0.0522552 244.01 244.01 1 1 0
0.0521652 243.575 243.575 1 1 0
0.0520754 243.141 243.141 1 1 0
0.0519858 242.708 242.708 1 1 0
0.0518963 242.275 242.275 1 1 0
0.051807 241.843 241.843 1 1 0
0.0517178 241.412 241.412 1 1 0
0.0516288 240.981 240.981 1 1 0
0.0515399 240.552 240.552 1 1 0
0.0514512 240.122 240.122 1 1 0
0.0513627 239.694 239.694 1 1 0
0.0512743 239.266 239.266 1 1 0
0.0511861 238.84 238.84 1 1 0
0.0510981 238.413 238.413 1 1 0
0.0510102 237.988 237.988 1 1 0
0.0509225 237.563 237.563 1 1 0
0.050835 237.139 237.139 1 1 0
0.0507476 236.716 236.716 1 1 0
0.0506604 236.294 236.294 1 1 0
0.0505734 235.872 235.872 1 1 0
0.0504865 235.452 235.452 1 1 0
0.0503999 235.032 235.032 1 1 0
0.0503134 234.612 234.612 1 1 0
0.050227 234.194 234.194 1 1 0
0.0501409 233.776 233.776 1 1 0
0.0500549 233.36 233.36 1 1 0
0.0499691 232.944 232.944 1 1 0
0.0498835 232.528 232.528 1 1 0
0.0497981 232.114 232.114 1 1 0
0.0497129 231.7 231.7 1 1 0
0.0496278 231.288 231.288 1 1 0
0.0495429 230.876 230.876 1 1 0
0.0494583 230.465 230.465 1 1 0
0.0493738 230.055 230.055 1 1 0
0.0492894 229.645 229.645 1 1 0
0.0492053 229.237 229.237 1 1 0
0.0491214 228.829 228.829 1 1 0
0.0490376 228.422 228.422 1 1 0
0.0489541 228.017 228.017 1 1 0
0.0488707 227.612 227.612 1 1 0
0.0487876 227.207 227.207 1 1 0
0.0487046 226.804 226.804 1 1 0
0.0486218 226.402 226.402 1 1 0
0.0485392 226 226 1 1 0
0.0484569 225.6 225.6 1 1 0
0.0483747 225.2 225.2 1 1 0
0.0482927 224.801 224.801 1 1 0
0.0482109 224.403 224.403 1 1 0
0.0481293 224.006 224.006 1 1 0
0.0480479 223.61 223.61 1 1 0
0.0479667 223.215 223.215 1 1 0
0.0478858 222.821 222.821 1 1 0
0.047805 222.428 222.428 1 1 0
0.0477244 222.035 222.035 1 1 0
0.047644 221.644 221.644 1 1 0
0.0475639 221.253 221.253 1 1 0
0.0474839 220.864 220.864 1 1 0
0.0474042 220.475 220.475 1 1 0
0.0473246 220.087 220.087 1 1 0
0.0472453 219.701 219.701 1 1 0
0.0471662 219.315 219.315 1 1 0
0.0470873 218.93 218.93 1 1 0
0.0470086 218.546 218.546 1 1 0
0.0469301 218.163 218.163 1 1 0
0.0468518 217.781 217.781 1 1 0
0.0467737 217.4 217.4 1 1 0
0.0466959 217.02 217.02 1 1 0
0.0466182 216.641 216.641 1 1 0
0.0465408 216.263 216.263 1 1 0
0.0464636 215.886 215.886 1 1 0
0.0463866 215.51 215.51 1 1 0
0.0463098 215.135 215.135 1 1 0
0.0462333 214.761 214.761 1 1 0
0.0461569 214.388 214.388 1 1 0
0.0460808 214.016 214.016 1 1 0
0.0460049 213.645 213.645 1 1 0
0.0459292 213.275 213.275 1 1 0
0.0458537 212.906 212.906 1 1 0
0.0457784 212.538 212.538 1 1 0
0.0457034 212.17 212.17 1 1 0
0.0456286 211.804 211.804 1 1 0
0.045554 211.439 211.439 1 1 0
0.0454796 211.075 211.075 1 1 0
0.0454055 210.712 210.712 1 1 0
0.0453315 210.35 210.35 1 1 0
0.0452578 209.989 209.989 1 1 0
0.0451843 209.629 209.629 1 1 0
0.045111 209.27 209.27 1 1 0
0.045038 208.912 208.912 1 1 0
0.0449652 208.555 208.555 1 1 0
0.0448925 208.199 208.199 1 1 0
0.0448202 207.844 207.844 1 1 0
0.044748 207.49 207.49 1 1 0
0.0446761 207.137 207.137 1 1 0
0.0446044 206.785 206.785 1 1 0
0.0445329 206.434 206.434 1 1 0
0.0444616 206.085 206.085 1 1 0
0.0443906 205.736 205.736 1 1 0
0.0443197 205.388 205.388 1 1 0
0.0442491 205.041 205.041 1 1 0
0.0441788 204.696 204.696 1 1 0
0.0441086 204.351 204.351 1 1 0
0.0440387 204.007 204.007 1 1 0
0.043969 203.665 203.665 1 1 0
0.0438995 203.323 203.323 1 1 0
0.0438303 202.982 202.982 1 1 0
0.0437612 202.643 202.643 1 1 0
0.0436924 202.304 202.304 1 1 0
0.0436238 201.967 201.967 1 1 0
0.0435555 201.63 201.63 1 1 0
0.0434873 201.295 201.295 1 1 0
0.0434194 200.961 200.961 1 1 0
0.0433517 200.627 200.627 1 1 0
0.0432843 200.295 200.295 1 1 0
0.043217 199.963 199.963 1 1 0
0.04315 199.633 199.633 1 1 0
0.0430832 199.304 199.304 1 1 0
0.0430166 198.976 198.976 1 1 0
0.0429503 198.648 198.648 1 1 0
0.0428842 198.322 198.322 1 1 0
0.0428182 197.997 197.997 1 1 0
0.0427526 197.673 197.673 1 1 0
0.0426871 197.35 197.35 1 1 0
0.0426219 197.028 197.028 1 1 0
0.0425568 196.707 196.707 1 1 0
0.042492 196.386 196.386 1 1 0
0.0424274 196.067 196.067 1 1 0
0.0423631 195.749 195.749 1 1 0
0.0422989 195.432 195.432 1 1 0
0.042235 195.116 195.116 1 1 0
0.0421713 194.801 194.801 1 1 0
0.0421078 194.487 194.487 1 1 0
0.0420446 194.174 194.174 1 1 0
0.0419815 193.862 193.862 1 1 0
0.0419187 193.551 193.551 1 1 0
0.0418561 193.241 193.241 1 1 0
0.0417937 192.932 192.932 1 1 0
0.0417315 192.624 192.624 1 1 0
0.0416695 192.317 192.317 1 1 0
0.0416078 192.011 192.011 1 1 0
0.0415462 191.706 191.706 1 1 0
0.0414849 191.402 191.402 1 1 0
0.0414238 191.099 191.099 1 1 0
0.0413629 190.797 190.797 1 1 0
0.0413022 190.496 190.496 1 1 0
0.0412417 190.196 190.196 1 1 0
0.0411815 189.897 189.897 1 1 0
0.0411214 189.599 189.599 1 1 0
0.0410616 189.301 189.301 1 1 0
0.041002 189.005 189.005 1 1 0
0.0409426 188.71 188.71 1 1 0
0.0408834 188.416 188.416 1 1 0
0.0408244 188.122 188.122 1 1 0
0.0407656 187.83 187.83 1 1 0
0.040707 187.539 187.539 1 1 0
0.0406487 187.248 187.248 1 1 0
0.0405905 186.959 186.959 1 1 0
0.0405325 186.67 186.67 1 1 0
0.0404748 186.383 186.383 1 1 0
0.0404172 186.096 186.096 1 1 0
0.0403599 185.811 185.811 1 1 0
0.0403028 185.526 185.526 1 1 0
0.0402458 185.242 185.242 1 1 0
0.0401891 184.959 184.959 1 1 0
0.0401326 184.678 184.678 1 1 0
0.0400762 184.397 184.397 1 1 0
0.0400201 184.117 184.117 1 1 0
0.0399642 183.837 183.837 1 1 0
0.0399085 183.559 183.559 1 1 0
0.0398529 183.282 183.282 1 1 0
0.0397976 183.006 183.006 1 1 0
0.0397425 182.73 182.73 1 1 0
0.0396875 182.456 182.456 1 1 0
0.0396328 182.182 182.182 1 1 0
0.0395783 181.909 181.909 1 1 0
0.0395239 181.638 181.638 1 1 0
0.0394697 181.367 181.367 1 1 0
0.0394158 181.097 181.097 1 1 0
0.039362 180.828 180.828 1 1 0
0.0393084 180.559 180.559 1 1 0
0.0392551 180.292 180.292 1 1 0
0.0392019 180.025 180.025 1 1 0
0.0391489 179.76 179.76 1 1 0
0.0390961 179.495 179.495 1 1 0
0.0390434 179.231 179.231 1 1 0
0.038991 178.968 178.968 1 1 0
0.0389387 178.706 178.706 1 1 0
0.0388867 178.445 178.445 1 1 0
0.0388348 178.185 178.185 1 1 0
0.0387831 177.925 177.925 1 1 0
0.0387316 177.667 177.667 1 1 0
0.0386803 177.409 177.409 1 1 0
0.0386292 177.152 177.152 1 1 0
0.0385782 176.896 176.896 1 1 0
0.0385274 176.64 176.64 1 1 0
0.0384768 176.386 176.386 1 1 0
0.0384264 176.132 176.132 1 1 0
0.0383762 175.88 175.88 1 1 0
0.0383261 175.628 175.628 1 1 0
0.0382763 175.377 175.377 1 1 0
0.0382266 175.126 175.126 1 1 0
0.038177 174.877 174.877 1 1 0
0.0381277 174.628 174.628 1 1 0
0.0380785 174.38 174.38 1 1 0
0.0380295 174.133 174.133 1 1 0
0.0379807 173.887 173.887 1 1 0
0.0379321 173.642 173.642 1 1 0
0.0378836 173.397 173.397 1 1 0
0.0378353 173.153 173.153 1 1 0
0.0377872 172.91 172.91 1 1 0
0.0377392 172.668 172.668 1 1 0
0.0376914 172.426 172.426 1 1 0
0.0376438 172.186 172.186 1 1 0
0.0375963 171.946 171.946 1 1 0
0.0375491 171.707 171.707 1 1 0
0.0375019 171.468 171.468 1 1 0
0.037455 171.231 171.231 1 1 0
0.0374082 170.994 170.994 1 1 0
0.0373616 170.758 170.758 1 1 0
0.0373151 170.522 170.522 1 1 0
0.0372688 170.288 170.288 1 1 0
0.0372227 170.054 170.054 1 1 0
0.0371767 169.821 169.821 1 1 0
0.0371309 169.589 169.589 1 1 0
0.0370853 169.357 169.357 1 1 0
0.0370853 169.357 169.357 2 1 0
0.0370816 169.339 169.339 1 1 0
0.037078 169.32 169.32 1 1 0
0.0370707 169.283 169.283 1 1 0
0.0370561 169.209 169.209 1 1 0
0.0370271 169.062 169.062 1 1 0
0.0369818 168.832 168.832 1 1 0
0.0369366 168.603 168.603 1 1 0
0.0368917 168.374 168.374 1 1 0
0.0368469 168.147 168.147 1 1 0
0.0368022 167.92 167.92 1 1 0
0.0367577 167.693 167.693 1 1 0
0.0367134 167.468 167.468 1 1 0
0.0366692 167.243 167.243 1 1 0
0.0366251 167.019 167.019 1 1 0
0.0365812 166.795 166.795 1 1 0
0.0365375 166.573 166.573 1 1 0
0.0364939 166.351 166.351 1 1 0
0.0364505 166.129 166.129 1 1 0
0.0364072 165.909 165.909 1 1 0
0.0363641 165.689 165.689 1 1 0
0.0363211 165.47 165.47 1 1 0
0.0362782 165.251 165.251 1 1 0
0.0362355 165.033 165.033 1 1 0
0.036193 164.816 164.816 1 1 0
0.0361506 164.599 164.599 1 1 0
0.0361083 164.383 164.383 1 1 0
0.0360662 164.168 164.168 1 1 0
0.0360243 163.954 163.954 1 1 0
0.0359825 163.74 163.74 1 1 0
0.0359408 163.527 163.527 1 1 0
0.0358992 163.314 163.314 1 1 0
0.0358578 163.102 163.102 1 1 0
0.0358166 162.891 162.891 1 1 0
0.0357755 162.68 162.68 1 1 0
0.0357345 162.47 162.47 1 1 0
0.0356936 162.261 162.261 1 1 0
0.0356529 162.052 162.052 1 1 0
0.0356124 161.844 161.844 1 1 0
0.035572 161.637 161.637 1 1 0
0.0355317 161.43 161.43 1 1 0
0.0354915 161.224 161.224 1 1 0
0.0354515 161.018 161.018 1 1 0
0.0354116 160.813 160.813 1 1 0
0.0353718 160.609 160.609 1 1 0
0.0353322 160.405 160.405 1 1 0
0.0352927 160.202 160.202 1 1 0
0.0352534 159.999 159.999 1 1 0
0.0352142 159.797 159.797 1 1 0
0.0351751 159.596 159.596 1 1 0
0.0351361 159.395 159.395 1 1 0
0.0350973 159.195 159.195 1 1 0
0.0350585 158.996 158.996 1 1 0
0.03502 158.797 158.797 1 1 0
0.0349815 158.599 158.599 1 1 0
0.0349432 158.401 158.401 1 1 0
0.034905 158.204 158.204 1 1 0
0.0348669 158.007 158.007 1 1 0
0.034829 157.811 157.811 1 1 0
0.0347911 157.615 157.615 1 1 0
0.0347534 157.421 157.421 1 1 0
0.0347159 157.226 157.226 1 1 0
0.0346784 157.033 157.033 1 1 0
0.0346411 156.839 156.839 1 1 0
0.0346039 156.647 156.647 1 1 0
0.0345668 156.455 156.455 1 1 0
0.0345298 156.263 156.263 1 1 0
0.034493 156.072 156.072 1 1 0
0.0344562 155.882 155.882 1 1 0
0.0344196 155.692 155.692 1 1 0
0.0343831 155.502 155.502 1 1 0
0.0343467 155.314 155.314 1 1 0
0.0343105 155.125 155.125 1 1 0
0.0342743 154.938 154.938 1 1 0
0.0342383 154.751 154.751 1 1 0
0.0342024 154.564 154.564 1 1 0
0.0341666 154.378 154.378 1 1 0
0.0341309 154.192 154.192 1 1 0
0.0340954 154.007 154.007 1 1 0
0.0340599 153.822 153.822 1 1 0
0.0340246 153.638 153.638 1 1 0
0.0339893 153.455 153.455 1 1 0
0.0339542 153.272 153.272 1 1 0
0.0339192 153.089 153.089 1 1 0
0.0338843 152.907 152.907 1 1 0
0.0338495 152.726 152.726 1 1 0
0.0338148 152.545 152.545 1 1 0
0.0337803 152.364 152.364 1 1 0
0.0337458 152.184 152.184 1 1 0
0.0337115 152.005 152.005 1 1 0
0.0336772 151.826 151.826 1 1 0
0.0336431 151.647 151.647 1 1 0
0.033609 151.469 151.469 1 1 0
0.0335751 151.292 151.292 1 1 0
0.0335413 151.115 151.115 1 1 0
0.0335076 150.938 150.938 1 1 0
0.033474 150.762 150.762 1 1 0
0.0334405 150.586 150.586 1 1 0
0.0334071 150.411 150.411 1 1 0
0.0333738 150.236 150.236 1 1 0
0.0333406 150.062 150.062 1 1 0
0.0333075 149.888 149.888 1 1 0
0.0332745 149.715 149.715 1 1 0
0.0332416 149.542 149.542 1 1 0
0.0332088 149.37 149.37 1 1 0
0.0331761 149.198 149.198 1 1 0
0.0331435 149.027 149.027 1 1 0
0.033111 148.856 148.856 1 1 0
0.0330786 148.685 148.685 1 1 0
0.0330463 148.515 148.515 1 1 0
0.0330141 148.345 148.345 1 1 0
0.032982 148.176 148.176 1 1 0
0.03295 148.007 148.007 1 1 0
0.0329181 147.839 147.839 1 1 0
0.0328863 147.671 147.671 1 1 0
0.0328546 147.504 147.504 1 1 0
0.032823 147.337 147.337 1 1 0
0.0327915 147.17 147.17 1 1 0
0.03276 147.004 147.004 1 1 0
0.0327287 146.838 146.838 1 1 0
0.0326975 146.673 146.673 1 1 0
0.0326663 146.508 146.508 1 1 0
0.0326353 146.343 146.343 1 1 0
0.0326043 146.179 146.179 1 1 0
0.0325734 146.016 146.016 1 1 0
0.0325427 145.853 145.853 1 1 0
0.032512 145.69 145.69 1 1 0
0.0324814 145.527 145.527 1 1 0
0.0324509 145.365 145.365 1 1 0
0.0324204 145.204 145.204 1 1 0
0.0323901 145.043 145.043 1 1 0
0.0323599 144.882 144.882 1 1 0
0.0323297 144.722 144.722 1 1 0
0.0322997 144.562 144.562 1 1 0
0.0322697 144.402 144.402 1 1 0
0.0322398 144.243 144.243 1 1 0
0.03221 144.084 144.084 1 1 0
0.0321803 143.926 143.926 1 1 0
0.0321507 143.768 143.768 1 1 0
0.0321211 143.61 143.61 1 1 0
0.0320917 143.453 143.453 1 1 0
0.0320623 143.296 143.296 1 1 0
0.032033 143.14 143.14 1 1 0
0.0320038 142.984 142.984 1 1 0
0.0319747 142.828 142.828 1 1 0
0.0319456 142.673 142.673 1 1 0
0.0319167 142.518 142.518 1 1 0
0.0318878 142.363 142.363 1 1 0
0.031859 142.209 142.209 1 1 0
0.0318303 142.055 142.055 1 1 0
0.0318017 141.902 141.902 1 1 0
0.0317732 141.749 141.749 1 1 0
0.0317447 141.596 141.596 1 1 0
0.0317163 141.444 141.444 1 1 0
0.031688 141.292 141.292 1 1 0
0.0316598 141.14 141.14 1 1 0
0.0316317 140.989 140.989 1 1 0
0.0316036 140.838 140.838 1 1 0
0.0315756 140.687 140.687 1 1 0
0.0315477 140.537 140.537 1 1 0
0.0315199 140.387 140.387 1 1 0
0.0314922 140.238 140.238 1 1 0
0.0314645 140.089 140.089 1 1 0
0.0314369 139.94 139.94 1 1 0
0.0314094 139.791 139.791 1 1 0
0.031382 139.643 139.643 1 1 0
0.0313546 139.496 139.496 1 1 0
0.0313273 139.348 139.348 1 1 0
0.0313001 139.201 139.201 1 1 0
0.031273 139.054 139.054 1 1 0
0.0312459 138.908 138.908 1 1 0
0.0312189 138.762 138.762 1 1 0
0.031192 138.616 138.616 1 1 0
0.0311652 138.471 138.471 1 1 0
0.0311384 138.326 138.326 1 1 0
0.0311117 138.181 138.181 1 1 0
0.0310851 138.036 138.036 1 1 0
0.0310586 137.892 137.892 1 1 0
0.0310321 137.748 137.748 1 1 0
0.0310057 137.605 137.605 1 1 0
0.0309794 137.462 137.462 1 1 0
0.0309531 137.319 137.319 1 1 0
0.0309269 137.177 137.177 1 1 0
0.0309008 137.034 137.034 1 1 0
0.0308748 136.893 136.893 1 1 0
0.0308488 136.751 136.751 1 1 0
0.0308229 136.61 136.61 1 1 0
0.0307971 136.469 136.469 1 1 0
0.0307713 136.328 136.328 1 1 0
0.0307456 136.188 136.188 1 1 0
0.03072 136.048 136.048 1 1 0
0.0306944 135.908 135.908 1 1 0
0.0306689 135.769 135.769 1 1 0
0.0306435 135.63 135.63 1 1 0
0.0306181 135.491 135.491 1 1 0
0.0305929 135.352 135.352 1 1 0
0.0305676 135.214 135.214 1 1 0
0.0305425 135.076 135.076 1 1 0
0.0305174 134.939 134.939 1 1 0
0.0304924 134.801 134.801 1 1 0
0.0304674 134.664 134.664 1 1 0
0.0304426 134.527 134.527 1 1 0
0.0304177 134.391 134.391 1 1 0
0.030393 134.255 134.255 1 1 0
0.0303683 134.119 134.119 1 1 0
0.0303437 133.983 133.983 1 1 0
0.0303191 133.848 133.848 1 1 0
0.0302946 133.713 133.713 1 1 0
0.0302702 133.578 133.578 1 1 0
0.0302458 133.444 133.444 1 1 0
0.0302215 133.31 133.31 1 1 0
0.0301972 133.176 133.176 1 1 0
0.0301731 133.042 133.042 1 1 0
0.0301489 132.909 132.909 1 1 0
0.0301249 132.776 132.776 1 1 0
0.0301009 132.643 132.643 1 1 0
0.030077 132.51 132.51 1 1 0
0.0300531 132.378 132.378 1 1 0
0.0300293 132.246 132.246 1 1 0
0.0300055 132.115 132.115 1 1 0
0.0299819 131.983 131.983 1 1 0
0.0299582 131.852 131.852 1 1 0
0.0299347 131.721 131.721 1 1 0
0.0299112 131.59 131.59 1 1 0
0.0298877 131.46 131.46 1 1 0
0.0298643 131.33 131.33 1 1 0
0.029841 131.2 131.2 1 1 0
0.0298178 131.07 131.07 1 1 0
0.0297945 130.941 130.941 1 1 0
0.0297714 130.812 130.812 1 1 0
0.0297483 130.683 130.683 1 1 0
0.0297253 130.554 130.554 1 1 0
0.0297023 130.426 130.426 1 1 0
0.0296794 130.298 130.298 1 1 0
0.0296565 130.17 130.17 1 1 0
0.0296337 130.043 130.043 1 1 0
0.029611 129.915 129.915 1 1 0
0.0295883 129.788 129.788 1 1 0
0.0295657 129.661 129.661 1 1 0
0.0295431 129.535 129.535 1 1 0
0.0295206 129.408 129.408 1 1 0
0.0294981 129.282 129.282 1 1 0
0.0294757 129.156 129.156 1 1 0
0.0294534 129.031 129.031 1 1 0
0.0294311 128.905 128.905 1 1 0
0.0294089 128.78 128.78 1 1 0
0.0293867 128.655 128.655 1 1 0
0.0293646 128.531 128.531 1 1 0
0.0293425 128.406 128.406 1 1 0
0.0293205 128.282 128.282 1 1 0
0.0292985 128.158 128.158 1 1 0
0.0292766 128.034 128.034 1 1 0
0.0292548 127.911 127.911 1 1 0
0.029233 127.788 127.788 1 1 0
0.0292112 127.665 127.665 1 1 0
0.0291895 127.542 127.542 1 1 0
0.0291679 127.419 127.419 1 1 0
0.0291463 127.297 127.297 1 1 0
0.0291248 127.175 127.175 1 1 0
0.0291033 127.053 127.053 1 1 0
0.0290819 126.931 126.931 1 1 0
0.0290605 126.81 126.81 1 1 0
0.0290392 126.688 126.688 1 1 0
0.0290179 126.567 126.567 1 1 0
0.0289967 126.447 126.447 1 1 0
0.0289755 126.326 126.326 1 1 0
0.0289544 126.206 126.206 1 1 0
0.0289333 126.086 126.086 1 1 0
0.0289123 125.966 125.966 1 1 0
0.0288913 125.846 125.846 1 1 0
0.0288704 125.726 125.726 1 1 0
0.0288495 125.607 125.607 1 1 0
0.0288287 125.488 125.488 1 1 0
0.028808 125.369 125.369 1 1 0
0.0287873 125.251 125.251 1 1 0
0.0287666 125.132 125.132 1 1 0
0.028746 125.014 125.014 1 1 0
0.0287254 124.896 124.896 1 1 0
0.0287049 124.778 124.778 1 1 0
0.0286844 124.661 124.661 1 1 0
0.028664 124.543 124.543 1 1 0
0.0286436 124.426 124.426 1 1 0
0.0286233 124.309 124.309 1 1 0
0.028603 124.192 124.192 1 1 0
0.0285828 124.076 124.076 1 1 0
0.0285626 123.959 123.959 1 1 0
0.0285425 123.843 123.843 1 1 0
0.0285224 123.727 123.727 1 1 0
0.0285024 123.611 123.611 1 1 0
0.0284824 123.496 123.496 1 1 0
0.0284625 123.38 123.38 1 1 0
0.0284426 123.265 123.265 1 1 0
0.0284227 123.15 123.15 1 1 0
0.0284029 123.035 123.035 1 1 0
0.0283832 122.921 122.921 1 1 0
0.0283635 122.806 122.806 1 1 0
0.0283438 122.692 122.692 1 1 0
0.0283242 122.578 122.578 1 1 0
0.0283046 122.464 122.464 1 1 0
0.0282851 122.351 122.351 1 1 0
0.0282656 122.237 122.237 1 1 0
0.0282462 122.124 122.124 1 1 0
0.0282268 122.011 122.011 1 1 0
0.0282075 121.898 121.898 1 1 0
0.0281882 121.785 121.785 1 1 0
0.0281689 121.673 121.673 1 1 0
0.0281497 121.56 121.56 1 1 0
0.0281305 121.448 121.448 1 1 0
0.0281114 121.336 121.336 1 1 0
0.0280923 121.224 121.224 1 1 0
0.0280733 121.113 121.113 1 1 0
0.0280543 121.001 121.001 1 1 0
0.0280354 120.89 120.89 1 1 0
0.0280165 120.779 120.779 1 1 0
0.0279976 120.668 120.668 1 1 0
0.0279788 120.557 120.557 1 1 0
0.02796 120.447 120.447 1 1 0
0.0279413 120.336 120.336 1 1 0
0.0279226 120.226 120.226 1 1 0
0.027904 120.116 120.116 1 1 0
0.0278854 120.006 120.006 1 1 0
0.0278669 119.897 119.897 1 1 0
0.0278483 119.787 119.787 1 1 0
0.0278299 119.678 119.678 1 1 0
0.0278114 119.569 119.569 1 1 0
0.0277931 119.46 119.46 1 1 0
0.0277747 119.351 119.351 1 1 0
0.0277564 119.242 119.242 1 1 0
0.0277382 119.134 119.134 1 1 0
0.0277199 119.025 119.025 1 1 0
0.0277018 118.917 118.917 1 1 0
0.0276836 118.809 118.809 1 1 0
0.0276655 118.701 118.701 1 1 0
0.0276475 118.594 118.594 1 1 0
0.0276295 118.486 118.486 1 1 0
0.0276115 118.379 118.379 1 1 0
0.0275936 118.272 118.272 1 1 0
0.0275757 118.165 118.165 1 1 0
0.0275578 118.058 118.058 1 1 0
0.02754 117.951 117.951 1 1 0
0.0275222 117.845 117.845 1 1 0
0.0275045 117.738 117.738 1 1 0
0.0274868 117.632 117.632 1 1 0
0.0274692 117.526 117.526 1 1 0
0.0274516 117.42 117.42 1 1 0
0.027434 117.314 117.314 1 1 0
0.0274165 117.209 117.209 1 1 0
0.027399 117.103 117.103 1 1 0
0.0273815 116.998 116.998 1 1 0
0.0273641 116.893 116.893 1 1 0
0.0273467 116.788 116.788 1 1 0
0.0273294 116.683 116.683 1 1 0
0.0273121 116.579 116.579 1 1 0
0.0272948 116.474 116.474 1 1 0
0.0272776 116.37 116.37 1 1 0
0.0272604 116.266 116.266 1 1 0
0.0272433 116.162 116.162 1 1 0
0.0272262 116.058 116.058 1 1 0
0.0272091 115.954 115.954 1 1 0
0.0271921 115.85 115.85 1 1 0
0.0271751 115.747 115.747 1 1 0
0.0271582 115.643 115.643 1 1 0
0.0271412 115.54 115.54 1 1 0
0.0271244 115.437 115.437 1 1 0
0.0271075 115.334 115.334 1 1 0
0.0270907 115.232 115.232 1 1 0
0.027074 115.129 115.129 1 1 0
0.0270572 115.027 115.027 1 1 0
0.0270405 114.924 114.924 1 1 0
0.0270239 114.822 114.822 1 1 0
0.0270073 114.72 114.72 1 1 0
0.0269907 114.618 114.618 1 1 0
0.0269741 114.516 114.516 1 1 0
0.0269576 114.415 114.415 1 1 0
0.0269412 114.313 114.313 1 1 0
0.0269247 114.212 114.212 1 1 0
0.0269083 114.111 114.111 1 1 0
0.026892 114.01 114.01 1 1 0
0.0268756 113.909 113.909 1 1 0
0.0268594 113.808 113.808 1 1 0
0.0268431 113.707 113.707 1 1 0
0.0268269 113.607 113.607 1 1 0
0.0268107 113.507 113.507 1 1 0
0.0267946 113.406 113.406 1 1 0
0.0267784 113.306 113.306 1 1 0
0.0267624 113.206 113.206 1 1 0
0.0267463 113.106 113.106 1 1 0
0.0267303 113.007 113.007 1 1 0
0.0267143 112.907 112.907 1 1 0
0.0266984 112.808 112.808 1 1 0
0.0266825 112.708 112.708 1 1 0
0.0266666 112.609 112.609 1 1 0
0.0266508 112.51 112.51 1 1 0
0.026635 112.411 112.411 1 1 0
0.0266193 112.312 112.312 1 1 0
0.0266035 112.214 112.214 1 1 0
0.0265878 112.115 112.115 1 1 0
0.0265722 112.017 112.017 1 1 0
0.0265566 111.918 111.918 1 1 0
0.026541 111.82 111.82 1 1 0
0.0265254 111.722 111.722 1 1 0
0.0265099 111.624 111.624 1 1 0
0.0264944 111.526 111.526 1 1 0
0.026479 111.429 111.429 1 1 0
0.0264635 111.331 111.331 1 1 0
0.0264482 111.234 111.234 1 1 0
0.0264328 111.136 111.136 1 1 0
0.0264175 111.039 111.039 1 1 0
0.0264022 110.942 110.942 1 1 0
0.0263869 110.845 110.845 1 1 0
0.0263717 110.748 110.748 1 1 0
0.0263565 110.652 110.652 1 1 0
0.0263414 110.555 110.555 1 1 0
0.0263263 110.459 110.459 1 1 0
0.0263112 110.362 110.362 1 1 0
0.0262961 110.266 110.266 1 1 0
0.0262811 110.17 110.17 1 1 0
0.0262661 110.074 110.074 1 1 0
0.0262512 109.978 109.978 1 1 0
0.0262363 109.882 109.882 1 1 0
0.0262214 109.787 109.787 1 1 0
0.0262065 109.691 109.691 1 1 0
0.0261917 109.596 109.596 1 1 0
0.0261769 109.5 109.5 1 1 0
0.0261621 109.405 109.405 1 1 0
0.0261474 109.31 109.31 1 1 0
0.0261327 109.215 109.215 1 1 0
0.026118 109.12 109.12 1 1 0
0.0261034 109.025 109.025 1 1 0
0.0260888 108.931 108.931 1 1 0
0.0260742 108.836 108.836 1 1 0
0.0260597 108.742 108.742 1 1 0
0.0260452 108.648 108.648 1 1 0
0.0260307 108.553 108.553 1 1 0
0.0260163 108.459 108.459 1 1 0
0.0260019 108.365 108.365 1 1 0
0.0259875 108.271 108.271 1 1 0
0.0259732 108.178 108.178 1 1 0
0.0259588 108.084 108.084 1 1 0
0.0259446 107.99 107.99 1 1 0
0.0259303 107.897 107.897 1 1 0
0.0259161 107.804 107.804 1 1 0
0.0259019 107.71 107.71 1 1 0
0.0258877 107.617 107.617 1 1 0
0.0258736 107.524 107.524 1 1 0
0.0258595 107.431 107.431 1 1 0
0.0258454 107.338 107.338 1 1 0
0.0258314 107.246 107.246 1 1 0
0.0258174 107.153 107.153 1 1 0
0.0258034 107.061 107.061 1 1 0
0.0257895 106.968 106.968 1 1 0
0.0257756 106.876 106.876 1 1 0
0.0257617 106.784 106.784 1 1 0
0.0257478 106.692 106.692 1 1 0
0.025734 106.6 106.6 1 1 0
0.0257202 106.508 106.508 1 1 0
0.0257065 106.416 106.416 1 1 0
0.0256927 106.324 106.324 1 1 0
0.025679 106.232 106.232 1 1 0
0.0256653 106.141 106.141 1 1 0
0.0256517 106.05 106.05 1 1 0
0.0256381 105.958 105.958 1 1 0
0.0256245 105.867 105.867 1 1 0
0.025611 105.776 105.776 1 1 0
0.0255974 105.685 105.685 1 1 0
0.0255839 105.594 105.594 1 1 0
0.0255705 105.503 105.503 1 1 0
0.0255571 105.412 105.412 1 1 0
0.0255436 105.322 105.322 1 1 0
0.0255303 105.231 105.231 1 1 0
0.0255169 105.141 105.141 1 1 0
0.0255036 105.05 105.05 1 1 0
0.0254903 104.96 104.96 1 1 0
0.0254771 104.87 104.87 1 1 0
0.0254638 104.78 104.78 1 1 0
0.0254506 104.69 104.69 1 1 0
0.0254375 104.6 104.6 1 1 0
0.0254243 104.51 104.51 1 1 0
0.0254112 104.42 104.42 1 1 0
0.0253981 104.331 104.331 1 1 0
0.0253851 104.241 104.241 1 1 0
0.0253721 104.152 104.152 1 1 0
0.0253591 104.062 104.062 1 1 0
0.0253461 103.973 103.973 1 1 0
0.0253332 103.884 103.884 1 1 0
0.0253203 103.795 103.795 1 1 0
0.0253074 103.706 103.706 1 1 0
0.0252945 103.617 103.617 1 1 0
0.0252817 103.528 103.528 1 1 0
0.0252689 103.439 103.439 1 1 0
0.0252562 103.35 103.35 1 1 0
0.0252434 103.262 103.262 1 1 0
0.0252307 103.173 103.173 1 1 0
0.025218 103.085 103.085 1 1 0
0.0252054 102.996 102.996 1 1 0
0.0251928 102.908 102.908 1 1 0
0.0251802 102.82 102.82 1 1 0
0.0251676 102.732 102.732 1 1 0
0.0251551 102.644 102.644 1 1 0
0.0251425 102.556 102.556 1 1 0
0.0251425 102.556 102.556 2 1 0
0.0251415 102.549 102.549 1 1 0
0.0251405 102.542 102.542 1 1 0
0.0251386 102.528 102.528 1 1 0
0.0251346 102.5 102.5 1 1 0
0.0251266 102.444 102.444 1 1 0
0.0251141 102.356 102.356 1 1 0
0.0251017 102.268 102.268 1 1 0
0.0250893 102.181 102.181 1 1 0
0.025077 102.093 102.093 1 1 0
0.0250646 102.006 102.006 1 1 0
0.0250523 101.918 101.918 1 1 0
0.02504 101.831 101.831 1 1 0
0.0250278 101.744 101.744 1 1 0
0.0250156 101.657 101.657 1 1 0
0.0250034 101.57 101.57 1 1 0
0.0249912 101.483 101.483 1 1 0
0.0249791 101.396 101.396 1 1 0
0.024967 101.309 101.309 1 1 0
0.0249549 101.223 101.223 1 1 0
0.0249428 101.136 101.136 1 1 0
0.0249308 101.049 101.049 1 1 0
0.0249188 100.963 100.963 1 1 0
0.0249068 100.876 100.876 1 1 0
0.0248949 100.79 100.79 1 1 0
0.024883 100.704 100.704 1 1 0
0.0248711 100.618 100.618 1 1 0
0.0248592 100.532 100.532 1 1 0
0.0248474 100.446 100.446 1 1 0
0.0248356 100.36 100.36 1 1 0
0.0248238 100.274 100.274 1 1 0
0.024812 100.188 100.188 1 1 0
0.0248003 100.102 100.102 1 1 0
0.0247886 100.017 100.017 1 1 0
0.0247769 99.931 99.931 1 1 0
0.0247653 99.8455 99.8455 1 1 0
0.0247536 99.76 99.76 1 1 0
0.0247421 99.6747 99.6747 1 1 0
0.0247305 99.5894 99.5894 1 1 0
0.024719 99.5041 99.5041 1 1 0
0.0247074 99.419 99.419 1 1 0
0.024696 99.3339 99.3339 1 1 0
0.0246845 99.2489 99.2489 1 1 0
0.0246731 99.1639 99.1639 1 1 0
0.0246617 99.079 99.079 1 1 0
0.0246503 98.9942 98.9942 1 1 0
0.024639 98.9095 98.9095 1 1 0
0.0246276 98.8248 98.8248 1 1 0
0.0246163 98.7402 98.7402 1 1 0
0.0246051 98.6557 98.6557 1 1 0
0.0245938 98.5712 98.5712 1 1 0
0.0245826 98.4868 98.4868 1 1 0
0.0245714 98.4024 98.4024 1 1 0
0.0245603 98.3182 98.3182 1 1 0
0.0245491 98.234 98.234 1 1 0
0.024538 98.1498 98.1498 1 1 0
0.0245269 98.0657 98.0657 1 1 0
0.0245159 97.9817 97.9817 1 1 0
0.0245049 97.8978 97.8978 1 1 0
0.0244939 97.8139 97.8139 1 1 0
0.0244829 97.7301 97.7301 1 1 0
0.0244719 97.6463 97.6463 1 1 0
0.024461 97.5626 97.5626 1 1 0
0.0244501 97.479 97.479 1 1 0
0.0244392 97.3954 97.3954 1 1 0
0.0244284 97.3119 97.3119 1 1 0
0.0244176 97.2285 97.2285 1 1 0
0.0244068 97.1451 97.1451 1 1 0
0.024396 97.0618 97.0618 1 1 0
0.0243853 96.9785 96.9785 1 1 0
0.0243746 96.8953 96.8953 1 1 0
0.0243639 96.8122 96.8122 1 1 0
0.0243533 96.7291 96.7291 1 1 0
0.0243426 96.6461 96.6461 1 1 0
0.024332 96.5631 96.5631 1 1 0
0.0243214 96.4802 96.4802 1 1 0
0.0243109 96.3974 96.3974 1 1 0
0.0243004 96.3146 96.3146 1 1 0
0.0242899 96.2319 96.2319 1 1 0
0.0242794 96.1492 96.1492 1 1 0
0.024269 96.0666 96.0666 1 1 0
0.0242585 95.9841 95.9841 1 1 0
0.0242481 95.9016 95.9016 1 1 0
0.0242378 95.8191 95.8191 1 1 0
0.0242274 95.7367 95.7367 1 1 0
0.0242171 95.6544 95.6544 1 1 0
0.0242068 95.5722 95.5722 1 1 0
0.0241966 95.49 95.49 1 1 0
0.0241863 95.4078 95.4078 1 1 0
0.0241761 95.3257 95.3257 1 1 0
0.024166 95.2437 95.2437 1 1 0
0.0241558 95.1617 95.1617 1 1 0
0.0241457 95.0797 95.0797 1 1 0
0.0241356 94.9979 94.9979 1 1 0
0.0241255 94.916 94.916 1 1 0
0.0241154 94.8343 94.8343 1 1 0
0.0241054 94.7525 94.7525 1 1 0
0.0240954 94.6709 94.6709 1 1 0
0.0240854 94.5893 94.5893 1 1 0
0.0240755 94.5077 94.5077 1 1 0
0.0240656 94.4262 94.4262 1 1 0
0.0240557 94.3447 94.3447 1 1 0
0.0240458 94.2633 94.2633 1 1 0
0.024036 94.182 94.182 1 1 0
0.0240262 94.1007 94.1007 1 1 0
0.0240164 94.0194 94.0194 1 1 0
0.0240066 93.9382 93.9382 1 1 0
0.0239969 93.8571 93.8571 1 1 0
0.0239872 93.776 93.776 1 1 0
0.0239775 93.6949 93.6949 1 1 0
0.0239678 93.6139 93.6139 1 1 0
0.0239582 93.533 93.533 1 1 0
0.0239486 93.4521 93.4521 1 1 0
0.023939 93.3712 93.3712 1 1 0
0.0239294 93.2904 93.2904 1 1 0
0.0239199 93.2097 93.2097 1 1 0
0.0239104 93.1289 93.1289 1 1 0
0.0239009 93.0483 93.0483 1 1 0
0.0238915 92.9677 92.9677 1 1 0
0.0238821 92.8871 92.8871 1 1 0
0.0238727 92.8066 92.8066 1 1 0
0.0238633 92.7261 92.7261 1 1 0
0.023854 92.6457 92.6457 1 1 0
0.0238447 92.5653 92.5653 1 1 0
0.0238354 92.4849 92.4849 1 1 0
0.0238261 92.4046 92.4046 1 1 0
0.0238169 92.3244 92.3244 1 1 0
0.0238077 92.2442 92.2442 1 1 0
0.0237985 92.164 92.164 1 1 0
0.0237893 92.0839 92.0839 1 1 0
0.0237802 92.0038 92.0038 1 1 0
0.0237711 91.9238 91.9238 1 1 0
0.023762 91.8438 91.8438 1 1 0
0.0237529 91.7639 91.7639 1 1 0
0.0237439 91.684 91.684 1 1 0
0.0237349 91.6041 91.6041 1 1 0
0.0237259 91.5243 91.5243 1 1 0
0.023717 91.4445 91.4445 1 1 0
0.0237081 91.3648 91.3648 1 1 0
0.0236992 91.2851 91.2851 1 1 0
0.0236903 91.2055 91.2055 1 1 0
0.0236815 91.1259 91.1259 1 1 0
0.0236727 91.0463 91.0463 1 1 0
0.0236639 90.9668 90.9668 1 1 0
0.0236551 90.8873 90.8873 1 1 0
0.0236464 90.8078 90.8078 1 1 0
0.0236377 90.7284 90.7284 1 1 0
0.023629 90.6491 90.6491 1 1 0
0.0236203 90.5697 90.5697 1 1 0
0.0236117 90.4904 90.4904 1 1 0
0.0236031 90.4112 90.4112 1 1 0
0.0235945 90.332 90.332 1 1 0
0.023586 90.2528 90.2528 1 1 0
0.0235774 90.1737 90.1737 1 1 0
0.023569 90.0946 90.0946 1 1 0
0.0235605 90.0155 90.0155 1 1 0
0.023552 89.9365 89.9365 1 1 0
0.0235436 89.8575 89.8575 1 1 0
0.0235352 89.7785 89.7785 1 1 0
0.0235269 89.6996 89.6996 1 1 0
0.0235185 89.6208 89.6208 1 1 0
0.0235102 89.5419 89.5419 1 1 0
0.023502 89.4631 89.4631 1 1 0
0.0234937 89.3843 89.3843 1 1 0
0.0234855 89.3056 89.3056 1 1 0
0.0234773 89.2269 89.2269 1 1 0
0.0234691 89.1482 89.1482 1 1 0
0.023461 89.0696 89.0696 1 1 0
0.0234528 88.991 88.991 1 1 0
0.0234448 88.9124 88.9124 1 1 0
0.0234367 88.8339 88.8339 1 1 0
0.0234287 88.7554 88.7554 1 1 0
0.0234206 88.6769 88.6769 1 1 0
0.0234127 88.5985 88.5985 1 1 0
0.0234047 88.5201 88.5201 1 1 0
0.0233968 88.4417 88.4417 1 1 0
0.0233889 88.3634 88.3634 1 1 0
0.023381 88.285 88.285 1 1 0
0.0233732 88.2068 88.2068 1 1 0
0.0233653 88.1285 88.1285 1 1 0
0.0233575 88.0503 88.0503 1 1 0
0.0233498 87.9721 87.9721 1 1 0
0.0233421 87.894 87.894 1 1 0
0.0233343 87.8158 87.8158 1 1 0
0.0233267 87.7377 87.7377 1 1 0
0.023319 87.6597 87.6597 1 1 0
0.0233114 87.5816 87.5816 1 1 0
0.0233038 87.5036 87.5036 1 1 0
0.0232962 87.4257 87.4257 1 1 0
0.0232887 87.3477 87.3477 1 1 0
0.0232812 87.2698 87.2698 1 1 0
0.0232737 87.1919 87.1919 1 1 0
0.0232662 87.114 87.114 1 1 0
0.0232588 87.0362 87.0362 1 1 0
0.0232514 86.9584 86.9584 1 1 0
0.023244 86.8806 86.8806 1 1 0
0.0232367 86.8028 86.8028 1 1 0
0.0232293 86.7251 86.7251 1 1 0
0.0232221 86.6474 86.6474 1 1 0
0.0232148 86.5697 86.5697 1 1 0
0.0232076 86.492 86.492 1 1 0
0.0232004 86.4144 86.4144 1 1 0
0.0231932 86.3368 86.3368 1 1 0
0.023186 86.2592 86.2592 1 1 0
0.0231789 86.1817 86.1817 1 1 0
0.0231718 86.1042 86.1042 1 1 0
0.0231648 86.0266 86.0266 1 1 0
0.0231577 85.9492 85.9492 1 1 0
0.0231507 85.8717 85.8717 1 1 0
0.0231437 85.7943 85.7943 1 1 0
0.0231368 85.7169 85.7169 1 1 0
0.0231299 85.6395 85.6395 1 1 0
0.023123 85.5621 85.5621 1 1 0
0.0231161 85.4847 85.4847 1 1 0
0.0231093 85.4074 85.4074 1 1 0
0.0231025 85.3301 85.3301 1 1 0
0.0230957 85.2528 85.2528 1 1 0
0.023089 85.1756 85.1756 1 1 0
0.0230822 85.0983 85.0983 1 1 0
0.0230756 85.0211 85.0211 1 1 0
0.0230689 84.9439 84.9439 1 1 0
0.0230623 84.8668 84.8668 1 1 0
0.0230557 84.7896 84.7896 1 1 0
0.0230491 84.7125 84.7125 1 1 0
0.0230426 84.6353 84.6353 1 1 0
0.0230361 84.5582 84.5582 1 1 0
0.0230296 84.4812 84.4812 1 1 0
0.0230231 84.4041 84.4041 1 1 0
0.0230167 84.3271 84.3271 1 1 0
0.0230103 84.25 84.25 1 1 0
0.023004 84.173 84.173 1 1 0
0.0229976 84.096 84.096 1 1 0
0.0229913 84.0191 84.0191 1 1 0
0.0229851 83.9421 83.9421 1 1 0
0.0229788 83.8652 83.8652 1 1 0
0.0229726 83.7883 83.7883 1 1 0
0.0229664 83.7114 83.7114 1 1 0
0.0229603 83.6345 83.6345 1 1 0
0.0229541 83.5576 83.5576 1 1 0
0.0229481 83.4807 83.4807 1 1 0
0.022942 83.4039 83.4039 1 1 0
0.022936 83.3271 83.3271 1 1 0
0.02293 83.2503 83.2503 1 1 0
0.022924 83.1735 83.1735 1 1 0
0.0229181 83.0967 83.0967 1 1 0
0.0229122 83.0199 83.0199 1 1 0
0.0229063 82.9432 82.9432 1 1 0
0.0229005 82.8664 82.8664 1 1 0
0.0228946 82.7897 82.7897 1 1 0
0.0228889 82.713 82.713 1 1 0
0.0228831 82.6363 82.6363 1 1 0
0.0228774 82.5596 82.5596 1 1 0
0.0228717 82.4829 82.4829 1 1 0
0.0228661 82.4062 82.4062 1 1 0
0.0228604 82.3296 82.3296 1 1 0
0.0228548 82.2529 82.2529 1 1 0
0.0228493 82.1763 82.1763 1 1 0
0.0228438 82.0997 82.0997 1 1 0
0.0228383 82.0231 82.0231 1 1 0
0.0228328 81.9465 81.9465 1 1 0
0.0228274 81.8699 81.8699 1 1 0
0.022822 81.7933 81.7933 1 1 0
0.0228166 81.7167 81.7167 1 1 0
0.0228113 81.6402 81.6402 1 1 0
0.022806 81.5636 81.5636 1 1 0
0.0228007 81.4871 81.4871 1 1 0
0.0227955 81.4105 81.4105 1 1 0
0.0227903 81.334 81.334 1 1 0
0.0227851 81.2575 81.2575 1 1 0
0.02278 81.181 81.181 1 1 0
0.0227749 81.1045 81.1045 1 1 0
0.0227698 81.028 81.028 1 1 0
0.0227648 80.9515 80.9515 1 1 0
0.0227598 80.875 80.875 1 1 0
0.0227548 80.7985 80.7985 1 1 0
0.0227499 80.7221 80.7221 1 1 0
0.022745 80.6456 80.6456 1 1 0
0.0227401 80.5691 80.5691 1 1 0
0.0227352 80.4927 80.4927 1 1 0
0.0227304 80.4162 80.4162 1 1 0
0.0227257 80.3398 80.3398 1 1 0
0.022721 80.2633 80.2633 1 1 0
0.0227163 80.1869 80.1869 1 1 0
0.0227116 80.1105 80.1105 1 1 0
0.022707 80.034 80.034 1 1 0
0.0227024 79.9576 79.9576 1 1 0
0.0226978 79.8812 79.8812 1 1 0
0.0226933 79.8048 79.8048 1 1 0
0.0226888 79.7284 79.7284 1 1 0
0.0226843 79.6519 79.6519 1 1 0
0.0226799 79.5755 79.5755 1 1 0
0.0226755 79.4991 79.4991 1 1 0
0.0226712 79.4227 79.4227 1 1 0
0.0226669 79.3463 79.3463 1 1 0
0.0226626 79.2699 79.2699 1 1 0
0.0226584 79.1935 79.1935 1 1 0
0.0226542 79.1171 79.1171 1 1 0
0.02265 79.0407 79.0407 1 1 0
0.0226459 78.9643 78.9643 1 1 0
0.0226418 78.8879 78.8879 1 1 0
0.0226377 78.8114 78.8114 1 1 0
0.0226337 78.735 78.735 1 1 0
0.0226297 78.6586 78.6586 1 1 0
0.0226258 78.5822 78.5822 1 1 0
0.0226218 78.5058 78.5058 1 1 0
0.022618 78.4294 78.4294 1 1 0
0.0226141 78.353 78.353 1 1 0
0.0226103 78.2765 78.2765 1 1 0
0.0226066 78.2001 78.2001 1 1 0
0.0226028 78.1237 78.1237 1 1 0
0.0225992 78.0472 78.0472 1 1 0
0.0225955 77.9708 77.9708 1 1 0
0.0225919 77.8944 77.8944 1 1 0
0.0225883 77.8179 77.8179 1 1 0
0.0225848 77.7415 77.7415 1 1 0
0.0225813 77.665 77.665 1 1 0
0.0225778 77.5885 77.5885 1 1 0
0.0225744 77.5121 77.5121 1 1 0
0.0225711 77.4356 77.4356 1 1 0
0.0225677 77.3591 77.3591 1 1 0
0.0225644 77.2826 77.2826 1 1 0
0.0225612 77.2061 77.2061 1 1 0
0.0225579 77.1296 77.1296 1 1 0
0.0225548 77.0531 77.0531 1 1 0
0.0225516 76.9766 76.9766 1 1 0
0.0225485 76.9001 76.9001 1 1 0
0.0225455 76.8236 76.8236 1 1 0
0.0225424 76.747 76.747 1 1 0
0.0225395 76.6705 76.6705 1 1 0
0.0225365 76.5939 76.5939 1 1 0
0.0225336 76.5173 76.5173 1 1 0
0.0225308 76.4408 76.4408 1 1 0
0.022528 76.3642 76.3642 1 1 0
0.0225252 76.2876 76.2876 1 1 0
0.0225225 76.211 76.211 1 1 0
0.0225198 76.1343 76.1343 1 1 0
0.0225171 76.0577 76.0577 1 1 0
0.0225145 75.9811 75.9811 1 1 0
0.022512 75.9044 75.9044 1 1 0
0.0225094 75.8277 75.8277 1 1 0
0.022507 75.751 75.751 1 1 0
0.0225045 75.6743 75.6743 1 1 0
0.0225021 75.5976 75.5976 1 1 0
0.0224998 75.5209 75.5209 1 1 0
0.0224975 75.4442 75.4442 1 1 0
0.0224952 75.3674 75.3674 1 1 0
0.022493 75.2907 75.2907 1 1 0
0.0224908 75.2139 75.2139 1 1 0
0.0224887 75.1371 75.1371 1 1 0
0.0224866 75.0603 75.0603 1 1 0
0.0224846 74.9834 74.9834 1 1 0
0.0224826 74.9066 74.9066 1 1 0
0.0224806 74.8297 74.8297 1 1 0
0.0224787 74.7529 74.7529 1 1 0
0.0224769 74.676 74.676 1 1 0
0.0224751 74.599 74.599 1 1 0
0.0224733 74.5221 74.5221 1 1 0
0.0224716 74.4452 74.4452 1 1 0
0.0224699 74.3682 74.3682 1 1 0
0.0224683 74.2912 74.2912 1 1 0
0.0224667 74.2142 74.2142 1 1 0
0.0224652 74.1372 74.1372 1 1 0
0.0224637 74.0601 74.0601 1 1 0
0.0224623 73.9831 73.9831 1 1 0
0.0224609 73.906 73.906 1 1 0
0.0224595 73.8289 73.8289 1 1 0
0.0224582 73.7517 73.7517 1 1 0
0.022457 73.6746 73.6746 1 1 0
0.0224558 73.5974 73.5974 1 1 0
0.0224547 73.5202 73.5202 1 1 0
0.0224536 73.443 73.443 1 1 0
0.0224525 73.3658 73.3658 1 1 0
0.0224515 73.2885 73.2885 1 1 0
0.0224506 73.2112 73.2112 1 1 0
0.0224497 73.1339 73.1339 1 1 0
0.0224488 73.0566 73.0566 1 1 0
0.022448 72.9792 72.9792 1 1 0
0.0224473 72.9018 72.9018 1 1 0
0.0224466 72.8244 72.8244 1 1 0
0.022446 72.747 72.747 1 1 0
0.0224454 72.6695 72.6695 1 1 0
0.0224448 72.592 72.592 1 1 0
0.0224443 72.5145 72.5145 1 1 0
0.0224439 72.437 72.437 1 1 0
0.0224435 72.3594 72.3594 1 1 0
0.0224432 72.2818 72.2818 1 1 0
0.0224429 72.2042 72.2042 1 1 0
0.0224427 72.1265 72.1265 1 1 0
0.0224426 72.0488 72.0488 1 1 0
0.0224424 71.9711 71.9711 1 1 0
0.0224424 71.8934 71.8934 1 1 0
0.0224424 71.8551 71.8551 2 1 0
0.0224424 71.7773 71.7773 2 1 0
0.0224425 71.6995 71.6995 2 1 0
0.0224426 71.6217 71.6217 2 1 0
0.0224428 71.5438 71.5438 2 1 0
0.0224431 71.4659 71.4659 2 1 0
0.0224434 71.3879 71.3879 2 1 0
0.0224438 71.3099 71.3099 2 1 0
0.0224442 71.2319 71.2319 2 1 0
0.0224447 71.1539 71.1539 2 1 0
0.0224452 71.0758 71.0758 2 1 0
0.0224458 70.9977 70.9977 2 1 0
0.0224465 70.9195 70.9195 2 1 0
0.0224472 70.8413 70.8413 2 1 0
0.0224479 70.7631 70.7631 2 1 0
0.0224488 70.6849 70.6849 2 1 0
0.0224497 70.6066 70.6066 2 1 0
0.0224506 70.5282 70.5282 2 1 0
0.0224516 70.4499 70.4499 2 1 0
0.0224527 70.3715 70.3715 2 1 0
0.0224539 70.293 70.293 2 1 0
0.0224551 70.2145 70.2145 2 1 0
0.0224563 70.136 70.136 2 1 0
0.0224576 70.0575 70.0575 2 1 0
0.022459 69.9789 69.9789 2 1 0
0.0224605 69.9002 69.9002 2 1 0
0.022462 69.8215 69.8215 2 1 0
0.0224636 69.7428 69.7428 2 1 0
0.0224652 69.664 69.664 2 1 0
0.0224669 69.5852 69.5852 2 1 0
0.0224687 69.5064 69.5064 2 1 0
0.0224706 69.4275 69.4275 2 1 0
0.0224725 69.3486 69.3486 2 1 0
0.0224744 69.2696 69.2696 2 1 0
0.0224765 69.1906 69.1906 2 1 0
0.0224786 69.1115 69.1115 2 1 0
0.0224808 69.0324 69.0324 2 1 0
0.022483 68.9533 68.9533 2 1 0
0.0224853 68.8741 68.8741 2 1 0
0.0224877 68.7948 68.7948 2 1 0
0.0224902 68.7155 68.7155 2 1 0
0.0224927 68.6362 68.6362 2 1 0
0.0224953 68.5568 68.5568 2 1 0
0.0224979 68.4774 68.4774 2 1 0
0.0225007 68.3979 68.3979 2 1 0
0.0225035 68.3183 68.3183 2 1 0
0.0225064 68.2387 68.2387 2 1 0
0.0225093 68.1591 68.1591 2 1 0
0.0225123 68.0794 68.0794 2 1 0
0.0225154 67.9997 67.9997 2 1 0
0.0225186 67.9199 67.9199 2 1 0
0.0225219 67.8401 67.8401 2 1 0
0.0225252 67.7602 67.7602 2 1 0
0.0225286 67.6802 67.6802 2 1 0
0.0225321 67.6002 67.6002 2 1 0
0.0225356 67.5202 67.5202 2 1 0
0.0225393 67.4401 67.4401 2 1 0
0.022543 67.3599 67.3599 2 1 0
0.0225468 67.2797 67.2797 2 1 0
0.0225506 67.1994 67.1994 2 1 0
0.0225546 67.1191 67.1191 2 1 0
0.0225586 67.0387 67.0387 2 1 0
0.0225627 66.9583 66.9583 2 1 0
0.0225669 66.8778 66.8778 2 1 0
0.0225712 66.7972 66.7972 2 1 0
0.0225755 66.7166 66.7166 2 1 0
0.02258 66.6359 66.6359 2 1 0
0.0225845 66.5552 66.5552 2 1 0
0.0225891 66.4744 66.4744 2 1 0
0.0225938 66.3935 66.3935 2 1 0
0.0225986 66.3126 66.3126 2 1 0
0.0226034 66.2316 66.2316 2 1 0
0.0226084 66.1506 66.1506 2 1 0
0.0226134 66.0695 66.0695 2 1 0
0.0226185 65.9883 65.9883 2 1 0
0.0226238 65.9071 65.9071 2 1 0
0.0226291 65.8258 65.8258 2 1 0
0.0226345 65.7444 65.7444 2 1 0
0.0226399 65.6629 65.6629 2 1 0
0.0226455 65.5814 65.5814 2 1 0
0.0226512 65.4999 65.4999 2 1 0
0.0226569 65.4182 65.4182 2 1 0
0.0226628 65.3365 65.3365 2 1 0
0.0226687 65.2548 65.2548 2 1 0
0.0226748 65.1729 65.1729 2 1 0
0.0226809 65.091 65.091 2 1 0
0.0226872 65.009 65.009 2 1 0
0.0226935 64.9269 64.9269 2 1 0
0.0226999 64.8448 64.8448 2 1 0
0.0227065 64.7626 64.7626 2 1 0
0.0227131 64.6803 64.6803 2 1 0
0.0227198 64.598 64.598 2 1 0
0.0227266 64.5156 64.5156 2 1 0
0.0227336 64.4331 64.4331 2 1 0
0.0227406 64.3505 64.3505 2 1 0
0.0227477 64.2678 64.2678 2 1 0
0.022755 64.1851 64.1851 2 1 0
0.0227623 64.1023 64.1023 2 1 0
0.0227698 64.0194 64.0194 2 1 0
0.0227773 63.9364 63.9364 2 1 0
0.022785 63.8534 63.8534 2 1 0
0.0227928 63.7703 63.7703 2 1 0
0.0228007 63.687 63.687 2 1 0
0.0228087 63.6038 63.6038 2 1 0
0.0228168 63.5204 63.5204 2 1 0
0.022825 63.4369 63.4369 2 1 0
0.0228333 63.3534 63.3534 2 1 0
0.0228418 63.2698 63.2698 2 1 0
0.0228503 63.186 63.186 2 1 0
0.0228503 63.186 63.186 2 1 0
0.022851 63.1793 63.1793 2 1 0
0.0228517 63.1726 63.1726 2 1 0
0.0228531 63.1592 63.1592 2 1 0
0.0228559 63.1324 63.1324 2 1 0
0.0228614 63.0788 63.0788 2 1 0
0.0228703 62.9949 62.9949 2 1 0
0.0228792 62.9109 62.9109 2 1 0
0.0228883 62.8268 62.8268 2 1 0
0.0228975 62.7426 62.7426 2 1 0
0.0229068 62.6583 62.6583 2 1 0
0.0229162 62.574 62.574 2 1 0
0.0229257 62.4895 62.4895 2 1 0
0.0229354 62.405 62.405 2 1 0
0.0229452 62.3204 62.3204 2 1 0
0.0229551 62.2356 62.2356 2 1 0
0.0229652 62.1508 62.1508 2 1 0
0.0229754 62.0659 62.0659 2 1 0
0.0229857 61.9809 61.9809 2 1 0
0.0229961 61.8958 61.8958 2 1 0
0.0230067 61.8106 61.8106 2 1 0
0.0230174 61.7253 61.7253 2 1 0
0.0230282 61.6399 61.6399 2 1 0
0.0230392 61.5544 61.5544 2 1 0
0.0230503 61.4688 61.4688 2 1 0
0.0230616 61.3831 61.3831 2 1 0
0.023073 61.2972 61.2972 2 1 0
0.0230845 61.2113 61.2113 2 1 0
0.0230962 61.1253 61.1253 2 1 0
0.023108 61.0392 61.0392 2 1 0
0.02312 60.953 60.953 2 1 0
0.0231321 60.8666 60.8666 2 1 0
0.0231443 60.7802 60.7802 2 1 0
0.0231567 60.6936 60.6936 2 1 0
0.0231693 60.607 60.607 2 1 0
0.023182 60.5202 60.5202 2 1 0
0.0231948 60.4333 60.4333 2 1 0
0.0232078 60.3463 60.3463 2 1 0
0.023221 60.2592 60.2592 2 1 0
0.0232343 60.172 60.172 2 1 0
0.0232478 60.0846 60.0846 2 1 0
0.0232615 59.9972 59.9972 2 1 0
0.0232753 59.9096 59.9096 2 1 0
0.0232892 59.8219 59.8219 2 1 0
0.0233034 59.7341 59.7341 2 1 0
0.0233177 59.6462 59.6462 2 1 0
0.0233322 59.5581 59.5581 2 1 0
0.0233468 59.4699 59.4699 2 1 0
0.0233616 59.3817 59.3817 2 1 0
0.0233766 59.2932 59.2932 2 1 0
0.0233917 59.2047 59.2047 2 1 0
0.0234071 59.116 59.116 2 1 0
0.0234226 59.0272 59.0272 2 1 0
0.0234383 58.9383 58.9383 2 1 0
0.0234542 58.8492 58.8492 2 1 0
0.0234702 58.76 58.76 2 1 0
0.0234865 58.6707 58.6707 2 1 0
0.0235029 58.5813 58.5813 2 1 0
0.0235195 58.4917 58.4917 2 1 0
0.0235363 58.402 58.402 2 1 0
0.0235534 58.3121 58.3121 2 1 0
0.0235706 58.2221 58.2221 2 1 0
0.023588 58.132 58.132 2 1 0
0.0236056 58.0417 58.0417 2 1 0
0.0236234 57.9513 57.9513 2 1 0
0.0236414 57.8607 57.8607 2 1 0
0.0236596 57.77 57.77 2 1 0
0.023678 57.6792 57.6792 2 1 0
0.0236967 57.5882 57.5882 2 1 0
0.0237155 57.4971 57.4971 2 1 0
0.0237346 57.4058 57.4058 2 1 0
0.0237538 57.3144 57.3144 2 1 0
0.0237733 57.2228 57.2228 2 1 0
0.0237931 57.1311 57.1311 2 1 0
0.023813 57.0392 57.0392 2 1 0
0.0238332 56.9471 56.9471 2 1 0
0.0238536 56.8549 56.8549 2 1 0
0.0238742 56.7626 56.7626 2 1 0
0.0238951 56.6701 56.6701 2 1 0
0.0239162 56.5774 56.5774 2 1 0
0.0239376 56.4846 56.4846 2 1 0
0.0239591 56.3916 56.3916 2 1 0
0.023981 56.2984 56.2984 2 1 0
0.0240031 56.2051 56.2051 2 1 0
0.0240254 56.1116 56.1116 2 1 0
0.024048 56.0179 56.0179 2 1 0
0.0240708 55.9241 55.9241 2 1 0
0.024094 55.8301 55.8301 2 1 0
0.0241173 55.7359 55.7359 2 1 0
0.024141 55.6416 55.6416 2 1 0
0.0241649 55.5471 55.5471 2 1 0
0.0241891 55.4524 55.4524 2 1 0
0.0242135 55.3575 55.3575 2 1 0
0.0242382 55.2624 55.2624 2 1 0
0.0242633 55.1672 55.1672 2 1 0
0.0242886 55.0718 55.0718 2 1 0
0.0243142 54.9761 54.9761 2 1 0
0.0243401 54.8803 54.8803 2 1 0
0.0243662 54.7844 54.7844 2 1 0
0.0243927 54.6882 54.6882 2 1 0
0.0244195 54.5918 54.5918 2 1 0
0.0244466 54.4953 54.4953 2 1 0
0.024474 54.3985 54.3985 2 1 0
0.0245017 54.3015 54.3015 2 1 0
0.0245298 54.2044 54.2044 2 1 0
0.0245581 54.107 54.107 2 1 0
0.0245868 54.0095 54.0095 2 1 0
0.0246158 53.9117 53.9117 2 1 0
0.0246452 53.8137 53.8137 2 1 0
0.0246749 53.7156 53.7156 2 1 0
0.0247049 53.6172 53.6172 2 1 0
0.0247353 53.5186 53.5186 2 1 0
0.0247661 53.4198 53.4198 2 1 0
0.0247972 53.3207 53.3207 2 1 0
0.0248286 53.2215 53.2215 2 1 0
0.0248605 53.122 53.122 2 1 0
0.0248927 53.0223 53.0223 2 1 0
0.0249253 52.9224 52.9224 2 1 0
0.0249582 52.8223 52.8223 2 1 0
0.0249916 52.7219 52.7219 2 1 0
0.0250253 52.6213 52.6213 2 1 0
0.0250595 52.5205 52.5205 2 1 0
0.025094 52.4194 52.4194 2 1 0
0.025129 52.3181 52.3181 2 1 0
0.0251643 52.2165 52.2165 2 1 0
0.0252001 52.1148 52.1148 2 1 0
0.0252364 52.0127 52.0127 2 1 0
0.025273 51.9105 51.9105 2 1 0
0.0253101 51.8079 51.8079 2 1 0
0.0253476 51.7051 51.7051 2 1 0
0.0253856 51.6021 51.6021 2 1 0
0.025424 51.4988 51.4988 2 1 0
0.025463 51.3953 51.3953 2 1 0
0.0255023 51.2915 51.2915 2 1 0
0.0255422 51.1874 51.1874 2 1 0
0.0255825 51.083 51.083 2 1 0
0.0256233 50.9784 50.9784 2 1 0
0.0256647 50.8736 50.8736 2 1 0
0.0257065 50.7684 50.7684 2 1 0
0.0257488 50.663 50.663 2 1 0
0.0257917 50.5572 50.5572 2 1 0
0.0258351 50.4512 50.4512 2 1 0
0.025879 50.345 50.345 2 1 0
0.0259235 50.2384 50.2384 2 1 0
0.0259686 50.1315 50.1315 2 1 0
0.0260142 50.0244 50.0244 2 1 0
0.0260603 49.9169 49.9169 2 1 0
0.0261071 49.8091 49.8091 2 1 0
0.0261544 49.7011 49.7011 2 1 0
0.0262023 49.5927 49.5927 2 1 0
0.0262509 49.484 49.484 2 1 0
0.0263 49.375 49.375 2 1 0
0.0263498 49.2657 49.2657 2 1 0
0.0264002 49.1561 49.1561 2 1 0
0.0264513 49.0461 49.0461 2 1 0
0.026503 48.9358 48.9358 2 1 0
0.0265554 48.8252 48.8252 2 1 0
0.0266085 48.7143 48.7143 2 1 0
0.0266623 48.603 48.603 2 1 0
0.0267167 48.4913 48.4913 2 1 0
0.0267719 48.3794 48.3794 2 1 0
0.0268278 48.267 48.267 2 1 0
0.0268845 48.1544 48.1544 2 1 0
0.0269419 48.0413 48.0413 2 1 0
0.027 47.9279 47.9279 2 1 0
0.027059 47.8142 47.8142 2 1 0
0.0271187 47.7 47.7 2 1 0
0.0271792 47.5855 47.5855 2 1 0
0.0272406 47.4706 47.4706 2 1 0
0.0273028 47.3554 47.3554 2 1 0
0.0273658 47.2397 47.2397 2 1 0
0.0274297 47.1237 47.1237 2 1 0
0.0274945 47.0072 47.0072 2 1 0
0.0275601 46.8904 46.8904 2 1 0
0.0276267 46.7731 46.7731 2 1 0
0.0276942 46.6555 46.6555 2 1 0
0.0277627 46.5374 46.5374 2 1 0
0.0278321 46.4189 46.4189 2 1 0
0.0279025 46.3 46.3 2 1 0
0.0279739 46.1807 46.1807 2 1 0
0.0280463 46.0609 46.0609 2 1 0
0.0281197 45.9407 45.9407 2 1 0
0.0281942 45.82 45.82 2 1 0
0.0282698 45.6989 45.6989 2 1 0
0.0283465 45.5773 45.5773 2 1 0
0.0284243 45.4553 45.4553 2 1 0
0.0285032 45.3328 45.3328 2 1 0
0.0285833 45.2098 45.2098 2 1 0
0.0286646 45.0864 45.0864 2 1 0
0.0287471 44.9624 44.9624 2 1 0
0.0288308 44.838 44.838 2 1 0
0.0289158 44.7131 44.7131 2 1 0
0.0290021 44.5877 44.5877 2 1 0
0.0290897 44.4617 44.4617 2 1 0
0.0291786 44.3353 44.3353 2 1 0
0.0292689 44.2083 44.2083 2 1 0
0.0293606 44.0808 44.0808 2 1 0
0.0294538 43.9527 43.9527 2 1 0
0.0295484 43.8241 43.8241 2 1 0
0.0296444 43.695 43.695 2 1 0
0.0297421 43.5653 43.5653 2 1 0
0.0298412 43.435 43.435 2 1 0
0.029942 43.3042 43.3042 2 1 0
0.0300443 43.1727 43.1727 2 1 0
0.0301484 43.0407 43.0407 2 1 0
0.0302541 42.9081 42.9081 2 1 0
0.0303616 42.7749 42.7749 2 1 0
0.0304708 42.641 42.641 2 1 0
0.0305819 42.5065 42.5065 2 1 0
0.0306949 42.3714 42.3714 2 1 0
0.0308097 42.2357 42.2357 2 1 0
0.0309265 42.0993 42.0993 2 1 0
0.0310453 41.9622 41.9622 2 1 0
0.0311661 41.8245 41.8245 2 1 0
0.0312891 41.6861 41.6861 2 1 0
0.0314141 41.547 41.547 2 1 0
0.0315414 41.4072 41.4072 2 1 0
0.031671 41.2667 41.2667 2 1 0
0.0318028 41.1254 41.1254 2 1 0
0.031937 40.9834 40.9834 2 1 0
0.0320737 40.8407 40.8407 2 1 0
0.0322128 40.6973 40.6973 2 1 0
0.0323545 40.553 40.553 2 1 0
0.0324989 40.408 40.408 2 1 0
0.0326459 40.2622 40.2622 2 1 0
0.0327957 40.1156 40.1156 2 1 0
0.0329483 39.9681 39.9681 2 1 0
0.0331039 39.8198 39.8198 2 1 0
0.0332625 39.6707 39.6707 2 1 0
0.0334241 39.5208 39.5208 2 1 0
0.0335889 39.3699 39.3699 2 1 0
0.033757 39.2182 39.2182 2 1 0
0.0339284 39.0655 39.0655 2 1 0
0.0341033 38.912 38.912 2 1 0
0.0342817 38.7575 38.7575 2 1 0
0.0344638 38.6021 38.6021 2 1 0
0.0346497 38.4457 38.4457 2 1 0
0.0348394 38.2883 38.2883 2 1 0
0.0350331 38.1299 38.1299 2 1 0
0.0352309 37.9705 37.9705 2 1 0
0.035433 37.81 37.81 2 1 0
0.0356394 37.6485 37.6485 2 1 0
0.0358504 37.486 37.486 2 1 0
0.036066 37.3223 37.3223 2 1 0
0.0362864 37.1575 37.1575 2 1 0
0.0365118 36.9916 36.9916 2 1 0
0.0367423 36.8246 36.8246 2 1 0
0.0369781 36.6563 36.6563 2 1 0
0.0372194 36.4869 36.4869 2 1 0
0.0374664 36.3162 36.3162 2 1 0
0.0377192 36.1443 36.1443 2 1 0
0.037978 35.9711 35.9711 2 1 0
0.0382432 35.7967 35.7967 2 1 0
0.0385148 35.6209 35.6209 2 1 0
0.0387932 35.4437 35.4437 2 1 0
0.0390785 35.2652 35.2652 2 1 0
0.0393711 35.0853 35.0853 2 1 0
0.0396712 34.9039 34.9039 2 1 0
0.0399791 34.7211 34.7211 2 1 0
0.0402951 34.5367 34.5367 2 1 0
0.0406195 34.3509 34.3509 2 1 0
0.0409526 34.1635 34.1635 2 1 0
0.0412948 33.9745 33.9745 2 1 0
0.0416464 33.7838 33.7838 2 1 0
0.0420079 33.5915 33.5915 2 1 0
0.0423796 33.3975 33.3975 2 1 0
0.042762 33.2018 33.2018 2 1 0
0.0431555 33.0043 33.0043 2 1 0
0.0435606 32.8049 32.8049 2 1 0
0.0439779 32.6037 32.6037 2 1 0
0.0444077 32.4006 32.4006 2 1 0
0.0448508 32.1955 32.1955 2 1 0
0.0453077 31.9885 31.9885 2 1 0
0.0457791 31.7794 31.7794 2 1 0
0.0462655 31.5682 31.5682 2 1 0
0.0467679 31.3548 31.3548 2 1 0
0.0472868 31.1393 31.1393 2 1 0
0.0478232 30.9215 30.9215 2 1 0
0.0483779 30.7013 30.7013 2 1 0
0.0489518 30.4788 30.4788 2 1 0
0.049546 30.2539 30.2539 2 1 0
0.0501614 30.0265 30.0265 2 1 0
0.0507992 29.7965 29.7965 2 1 0
0.0514606 29.5639 29.5639 2 1 0
0.0521469 29.3286 29.3286 2 1 0
0.0528595 29.0906 29.0906 2 1 0
0.0535999 28.8496 28.8496 2 1 0
0.0543696 28.6058 28.6058 2 1 0
0.0551704 28.359 28.359 2 1 0
0.0560042 28.1091 28.1091 2 1 0
0.0568729 27.856 27.856 2 1 0
0.0577787 27.5997 27.5997 2 1 0
0.0587239 27.34 27.34 2 1 0
0.0597111 27.0769 27.0769 2 1 0
0.0607429 26.8102 26.8102 2 1 0
0.0618224 26.5399 26.5399 2 1 0
0.0629527 26.2659 26.2659 2 1 0
0.0641374 25.988 25.988 2 1 0
0.0653803 25.7062 25.7062 2 1 0
0.0666855 25.4203 25.4203 2 1 0
0.0680575 25.1303 25.1303 2 1 0
0.0695014 24.8359 24.8359 2 1 0
0.0710226 24.5372 24.5372 2 1 0
0.0726271 24.2339 24.2339 2 1 0
0.0743213 23.926 23.926 2 1 0
0.0761127 23.6133 23.6133 2 1 0
0.078009 23.2957 23.2957 2 1 0
0.0800189 22.9731 22.9731 2 1 0
0.0821524 22.6454 22.6454 2 1 0
0.0844202 22.3124 22.3124 2 1 0
0.0868342 21.974 21.974 2 1 0
0.0894078 21.6301 21.6301 2 1 0
0.0921557 21.2806 21.2806 2 1 0
0.0950946 20.9254 20.9254 2 1 0
0.098243 20.5643 20.5643 2 1 0
0.101622 20.1973 20.1973 2 1 0
0.105254 19.8244 19.8244 2 1 0
0.109165 19.4453 19.4453 2 1 0
0.113387 19.0601 19.0601 2 1 0
0.117951 18.6688 18.6688 2 1 0
0.122895 18.2713 18.2713 2 1 0
0.128264 17.8676 17.8676 2 1 0
0.134106 17.4577 17.4577 2 1 0
0.140478 17.0418 17.0418 2 1 0
0.147444 16.6197 16.6197 2 1 0
0.155078 16.1918 16.1918 2 1 0
0.163466 15.758 15.758 2 1 0
0.172709 15.3185 15.3185 2 1 0
0.182922 14.8736 14.8736 2 1 0
0.194242 14.4234 14.4234 2 1 0
0.206828 13.9682 13.9682 2 1 0
0.22087 13.5081 13.5081 2 1 0
0.236594 13.0436 13.0436 2 1 0
0.254268 12.5749 12.5749 2 1 0
0.274219 12.1024 12.1024 2 1 0
0.29684 11.6263 11.6263 2 1 0
0.322615 11.147 11.147 2 1 0
0.352138 10.6649 10.6649 2 1 0
0.386149 10.1804 10.1804 2 1 0
0.425575 9.69394 9.69394 2 1 0
0.471588 9.20588 9.20588 2 1 0
0.525683 8.71679 8.71679 2 1 0
0.1 0 0 1 1 0
0.14 0 0 1 1 0
0.18 0 0 1 1 0
0.26 0 0 1 1 0
0.42 0 0 1 1 0
0.74 0 0 1 1 0
0.1 0 0 1 1 0
0.06 0 0 1 1 0
0.02 -1.78149e-31 -1.78149e-31 1 1 0
-0.06 -9.92557e-43 -9.92557e-43 1 1 0