1 70.4742 70.4742 2 1 0
1.0005 70.5141 70.5141 1 1 0
1.001 70.554 70.554 1 1 0
1.00201 70.6338 70.6338 1 1 0
1.00401 70.7934 70.7934 1 1 0
1.00802 71.1126 71.1126 1 1 0
1.01426 71.6113 71.6113 1 1 0
1.02049 72.11 72.11 1 1 0
1.0267 72.6086 72.6086 1 1 0
1.03289 73.1072 73.1072 1 1 0
1.03907 73.6058 73.6058 1 1 0
1.04522 74.1043 74.1043 1 1 0
1.05136 74.6028 74.6028 1 1 0
1.05748 75.1013 75.1013 1 1 0
1.06358 75.5997 75.5997 1 1 0
1.06967 76.0981 76.0981 1 1 0
1.07573 76.5964 76.5964 1 1 0
1.08178 77.0947 77.0947 1 1 0
1.08781 77.5929 77.5929 1 1 0
1.09381 78.0912 78.0912 1 1 0
1.09981 78.5893 78.5893 1 1 0
1.10578 79.0874 79.0874 1 1 0
1.11173 79.5855 79.5855 1 1 0
1.11766 80.0836 80.0836 1 1 0
1.12357 80.5815 80.5815 1 1 0
1.12947 81.0795 81.0795 1 1 0
1.13534 81.5774 81.5774 1 1 0
1.1412 82.0752 82.0752 1 1 0
1.14703 82.573 82.573 1 1 0
1.15285 83.0707 83.0707 1 1 0
1.15864 83.5684 83.5684 1 1 0
1.16442 84.066 84.066 1 1 0
1.17017 84.5636 84.5636 1 1 0
1.17591 85.0611 85.0611 1 1 0
1.18162 85.5586 85.5586 1 1 0
1.18731 86.056 86.056 1 1 0
1.19299 86.5534 86.5534 1 1 0
1.19864 87.0507 87.0507 1 1 0
1.20427 87.5479 87.5479 1 1 0
1.20988 88.0451 88.0451 1 1 0
1.21547 88.5422 88.5422 1 1 0
1.22104 89.0392 89.0392 1 1 0
1.22659 89.5362 89.5362 1 1 0
1.23211 90.0332 90.0332 1 1 0
1.23762 90.53 90.53 1 1 0
1.2431 91.0268 91.0268 1 1 0
1.24856 91.5236 91.5236 1 1 0
1.254 92.0202 92.0202 1 1 0
1.25942 92.5168 92.5168 1 1 0
1.26482 93.0133 93.0133 1 1 0
1.27019 93.5098 93.5098 1 1 0
1.27554 94.0062 94.0062 1 1 0
1.28087 94.5025 94.5025 1 1 0
1.28618 94.9987 94.9987 1 1 0
1.29147 95.4949 95.4949 1 1 0
1.29673 95.991 95.991 1 1 0
1.30197 96.487 96.487 1 1 0
1.30719 96.9829 96.9829 1 1 0
1.31239 97.4787 97.4787 1 1 0
1.31756 97.9745 97.9745 1 1 0
1.32271 98.4702 98.4702 1 1 0
1.32783 98.9658 98.9658 1 1 0
1.33294 99.4613 99.4613 1 1 0
1.33802 99.9568 99.9568 1 1 0
1.34308 100.452 100.452 1 1 0
1.34811 100.947 100.947 1 1 0
1.35312 101.443 101.443 1 1 0
1.35811 101.938 101.938 1 1 0
1.36307 102.433 102.433 1 1 0
1.36801 102.928 102.928 1 1 0
1.37293 103.422 103.422 1 1 0
1.37782 103.917 103.917 1 1 0
1.38269 104.412 104.412 1 1 0
1.38754 104.906 104.906 1 1 0
1.39236 105.401 105.401 1 1 0
1.39715 105.895 105.895 1 1 0
1.40193 106.389 106.389 1 1 0
1.40668 106.884 106.884 1 1 0
1.4114 107.378 107.378 1 1 0
1.4161 107.872 107.872 1 1 0
1.42077 108.365 108.365 1 1 0
1.42543 108.859 108.859 1 1 0
1.43005 109.353 109.353 1 1 0
1.43465 109.846 109.846 1 1 0
1.43923 110.34 110.34 1 1 0
1.44378 110.833 110.833 1 1 0
1.44831 111.326 111.326 1 1 0
1.45281 111.819 111.819 1 1 0
1.45729 112.312 112.312 1 1 0
1.46174 112.805 112.805 1 1 0
1.46617 113.298 113.298 1 1 0
1.47057 113.791 113.791 1 1 0
1.47495 114.283 114.283 1 1 0
1.4793 114.776 114.776 1 1 0
1.48362 115.268 115.268 1 1 0
1.48792 115.76 115.76 1 1 0
1.4922 116.252 116.252 1 1 0
1.49645 116.744 116.744 1 1 0
1.50067 117.236 117.236 1 1 0
1.50487 117.727 117.727 1 1 0
1.50904 118.219 118.219 1 1 0
1.51319 118.71 118.71 1 1 0
1.51731 119.202 119.202 1 1 0
1.5214 119.693 119.693 1 1 0
1.52547 120.184 120.184 1 1 0
1.52952 120.675 120.675 1 1 0
1.53353 121.166 121.166 1 1 0
1.53752 121.656 121.656 1 1 0
1.54149 122.147 122.147 1 1 0
1.54543 122.637 122.637 1 1 0
1.54934 123.127 123.127 1 1 0
1.55323 123.617 123.617 1 1 0
1.55709 124.107 124.107 1 1 0
1.56092 124.597 124.597 1 1 0
1.56473 125.087 125.087 1 1 0
1.56851 125.576 125.576 1 1 0
1.57226 126.066 126.066 1 1 0
1.57599 126.555 126.555 1 1 0
1.57969 127.044 127.044 1 1 0
1.58337 127.533 127.533 1 1 0
1.58701 128.022 128.022 1 1 0
1.59064 128.51 128.51 1 1 0
1.59423 128.999 128.999 1 1 0
1.5978 129.487 129.487 1 1 0
1.60134 129.975 129.975 1 1 0
1.60485 130.463 130.463 1 1 0
1.60834 130.951 130.951 1 1 0
1.6118 131.439 131.439 1 1 0
1.61524 131.926 131.926 1 1 0
1.61864 132.414 132.414 1 1 0
1.62202 132.901 132.901 1 1 0
1.62538 133.388 133.388 1 1 0
1.6287 133.875 133.875 1 1 0
1.632 134.362 134.362 1 1 0
1.63527 134.848 134.848 1 1 0
1.63852 135.335 135.335 1 1 0
1.64174 135.821 135.821 1 1 0
1.64493 136.307 136.307 1 1 0
1.64809 136.793 136.793 1 1 0
1.65123 137.279 137.279 1 1 0
1.65434 137.764 137.764 1 1 0
1.65742 138.25 138.25 1 1 0
1.66048 138.735 138.735 1 1 0
1.6635 139.22 139.22 1 1 0
1.66651 139.705 139.705 1 1 0
1.66948 140.189 140.189 1 1 0
1.67243 140.674 140.674 1 1 0
1.67535 141.158 141.158 1 1 0
1.67824 141.642 141.642 1 1 0
1.6811 142.126 142.126 1 1 0
1.68394 142.61 142.61 1 1 0
1.68675 143.094 143.094 1 1 0
1.68954 143.577 143.577 1 1 0
1.69229 144.06 144.06 1 1 0
1.69502 144.544 144.544 1 1 0
1.69772 145.026 145.026 1 1 0
1.7004 145.509 145.509 1 1 0
1.70305 145.992 145.992 1 1 0
1.70567 146.474 146.474 1 1 0
1.70826 146.956 146.956 1 1 0
1.71083 147.438 147.438 1 1 0
1.71336 147.92 147.92 1 1 0
1.71588 148.401 148.401 1 1 0
1.71836 148.882 148.882 1 1 0
1.72082 149.364 149.364 1 1 0
1.72325 149.845 149.845 1 1 0
1.72565 150.325 150.325 1 1 0
1.72802 150.806 150.806 1 1 0
1.73037 151.286 151.286 1 1 0
1.73269 151.766 151.766 1 1 0
1.73499 152.246 152.246 1 1 0
1.73726 152.726 152.726 1 1 0
1.7395 153.206 153.206 1 1 0
1.74171 153.685 153.685 1 1 0
1.74389 154.164 154.164 1 1 0
1.74605 154.643 154.643 1 1 0
1.74819 155.122 155.122 1 1 0
1.75029 155.6 155.6 1 1 0
1.75237 156.079 156.079 1 1 0
1.75442 156.557 156.557 1 1 0
1.75644 157.035 157.035 1 1 0
1.75844 157.512 157.512 1 1 0
1.76041 157.99 157.99 1 1 0
1.76235 158.467 158.467 1 1 0
1.76427 158.944 158.944 1 1 0
1.76616 159.421 159.421 1 1 0
1.76802 159.898 159.898 1 1 0
1.76986 160.374 160.374 1 1 0
1.77167 160.85 160.85 1 1 0
1.77345 161.326 161.326 1 1 0
1.77521 161.802 161.802 1 1 0
1.77694 162.278 162.278 1 1 0
1.77864 162.753 162.753 1 1 0
1.78032 163.228 163.228 1 1 0
1.78197 163.703 163.703 1 1 0
1.78359 164.178 164.178 1 1 0
1.78519 164.652 164.652 1 1 0
1.78676 165.126 165.126 1 1 0
1.78831 165.601 165.601 1 1 0
1.78983 166.074 166.074 1 1 0
1.78983 166.074 166.074 2 1 0
1.78995 166.112 166.112 1 1 0
1.79007 166.15 166.15 1 1 0
1.79031 166.226 166.226 1 1 0
1.79078 166.377 166.377 1 1 0
1.79173 166.68 166.68 1 1 0
1.79319 167.154 167.154 1 1 0
1.79462 167.627 167.627 1 1 0
1.79603 168.1 168.1 1 1 0
1.79741 168.572 168.572 1 1 0
1.79876 169.045 169.045 1 1 0
1.80009 169.517 169.517 1 1 0
1.8014 169.989 169.989 1 1 0
1.80267 170.461 170.461 1 1 0
1.80392 170.932 170.932 1 1 0
1.80515 171.404 171.404 1 1 0
1.80635 171.875 171.875 1 1 0
1.80752 172.345 172.345 1 1 0
1.80867 172.816 172.816 1 1 0
1.80979 173.286 173.286 1 1 0
1.81089 173.757 173.757 1 1 0
1.81196 174.227 174.227 1 1 0
1.81301 174.696 174.696 1 1 0
1.81403 175.166 175.166 1 1 0
1.81502 175.635 175.635 1 1 0
1.81599 176.104 176.104 1 1 0
1.81694 176.573 176.573 1 1 0
1.81786 177.041 177.041 1 1 0
1.81875 177.51 177.51 1 1 0
1.81962 177.978 177.978 1 1 0
1.82046 178.446 178.446 1 1 0
1.82128 178.913 178.913 1 1 0
1.82208 179.381 179.381 1 1 0
1.82285 179.848 179.848 1 1 0
1.8236 180.315 180.315 1 1 0
1.82432 180.781 180.781 1 1 0
1.82501 181.248 181.248 1 1 0
1.82568 181.714 181.714 1 1 0
1.82633 182.18 182.18 1 1 0
1.82695 182.646 182.646 1 1 0
1.82755 183.111 183.111 1 1 0
1.82813 183.577 183.577 1 1 0
1.82868 184.042 184.042 1 1 0
1.8292 184.507 184.507 1 1 0
1.8297 184.971 184.971 1 1 0
1.83018 185.436 185.436 1 1 0
1.83064 185.9 185.9 1 1 0
1.83107 186.364 186.364 1 1 0
1.83147 186.827 186.827 1 1 0
1.83185 187.291 187.291 1 1 0
1.83221 187.754 187.754 1 1 0
1.83255 188.217 188.217 1 1 0
1.83286 188.68 188.68 1 1 0
1.83315 189.142 189.142 1 1 0
1.83341 189.604 189.604 1 1 0
1.83366 190.066 190.066 1 1 0
1.83387 190.528 190.528 1 1 0
1.83407 190.99 190.99 1 1 0
1.83424 191.451 191.451 1 1 0
1.83439 191.912 191.912 1 1 0
1.83452 192.373 192.373 1 1 0
1.83462 192.834 192.834 1 1 0
1.8347 193.294 193.294 1 1 0
1.83476 193.754 193.754 1 1 0
1.8348 194.214 194.214 1 1 0
1.83481 194.674 194.674 1 1 0
1.83481 194.71 194.71 2 1 0
1.8348 195.169 195.169 2 1 0
1.83476 195.629 195.629 2 1 0
1.83471 196.088 196.088 2 1 0
1.83463 196.546 196.546 2 1 0
1.83453 197.005 197.005 2 1 0
1.83441 197.463 197.463 2 1 0
1.83426 197.921 197.921 2 1 0
1.8341 198.379 198.379 2 1 0
1.83391 198.837 198.837 2 1 0
1.8337 199.294 199.294 2 1 0
1.83347 199.751 199.751 2 1 0
1.83322 200.208 200.208 2 1 0
1.83294 200.665 200.665 2 1 0
1.83265 201.121 201.121 2 1 0
1.83233 201.578 201.578 2 1 0
1.83199 202.034 202.034 2 1 0
1.83163 202.489 202.489 2 1 0
1.83125 202.945 202.945 2 1 0
1.83085 203.4 203.4 2 1 0
1.83043 203.855 203.855 2 1 0
1.82998 204.31 204.31 2 1 0
1.82952 204.765 204.765 2 1 0
1.82903 205.219 205.219 2 1 0
1.82853 205.673 205.673 2 1 0
1.828 206.127 206.127 2 1 0
1.82746 206.581 206.581 2 1 0
1.82689 207.035 207.035 2 1 0
1.8263 207.488 207.488 2 1 0
1.8257 207.941 207.941 2 1 0
1.82507 208.394 208.394 2 1 0
1.82442 208.846 208.846 2 1 0
1.82376 209.299 209.299 2 1 0
1.82307 209.751 209.751 2 1 0
1.82236 210.203 210.203 2 1 0
1.82164 210.655 210.655 2 1 0
1.82089 211.106 211.106 2 1 0
1.82013 211.557 211.557 2 1 0
1.81934 212.008 212.008 2 1 0
1.81854 212.459 212.459 2 1 0
1.81772 212.91 212.91 2 1 0
1.81688 213.36 213.36 2 1 0
1.81602 213.811 213.811 2 1 0
1.81514 214.261 214.261 2 1 0
1.81424 214.71 214.71 2 1 0
1.81332 215.16 215.16 2 1 0
1.81239 215.609 215.609 2 1 0
1.81143 216.058 216.058 2 1 0
1.81046 216.507 216.507 2 1 0
1.80947 216.956 216.956 2 1 0
1.80846 217.404 217.404 2 1 0
1.80743 217.853 217.853 2 1 0
1.80638 218.301 218.301 2 1 0
1.80532 218.749 218.749 2 1 0
1.80424 219.196 219.196 2 1 0
1.80314 219.644 219.644 2 1 0
1.80202 220.091 220.091 2 1 0
1.80089 220.538 220.538 2 1 0
1.79973 220.985 220.985 2 1 0
1.79856 221.431 221.431 2 1 0
1.79738 221.878 221.878 2 1 0
1.79617 222.324 222.324 2 1 0
1.79495 222.77 222.77 2 1 0
1.79371 223.216 223.216 2 1 0
1.79245 223.661 223.661 2 1 0
1.79118 224.107 224.107 2 1 0
1.78989 224.552 224.552 2 1 0
1.78858 224.997 224.997 2 1 0
1.78726 225.442 225.442 2 1 0
1.78592 225.886 225.886 2 1 0
1.78456 226.33 226.33 2 1 0
1.78319 226.775 226.775 2 1 0
1.7818 227.219 227.219 2 1 0
1.7804 227.662 227.662 2 1 0
1.77898 228.106 228.106 2 1 0
1.77754 228.549 228.549 2 1 0
1.77608 228.993 228.993 2 1 0
1.77461 229.436 229.436 2 1 0
1.77313 229.878 229.878 2 1 0
1.77163 230.321 230.321 2 1 0
1.77011 230.763 230.763 2 1 0
1.76858 231.206 231.206 2 1 0
1.76703 231.648 231.648 2 1 0
1.76547 232.09 232.09 2 1 0
1.76389 232.531 232.531 2 1 0
1.7623 232.973 232.973 2 1 0
1.76069 233.414 233.414 2 1 0
1.75907 233.855 233.855 2 1 0
1.75743 234.296 234.296 2 1 0
1.75578 234.737 234.737 2 1 0
1.75411 235.177 235.177 2 1 0
1.75243 235.618 235.618 2 1 0
1.75073 236.058 236.058 2 1 0
1.74902 236.498 236.498 2 1 0
1.74729 236.938 236.938 2 1 0
1.74555 237.377 237.377 2 1 0
1.7438 237.817 237.817 2 1 0
1.74203 238.256 238.256 2 1 0
1.74025 238.695 238.695 2 1 0
1.73845 239.134 239.134 2 1 0
1.73664 239.573 239.573 2 1 0
1.73482 240.012 240.012 2 1 0
1.73298 240.45 240.45 2 1 0
1.73113 240.888 240.888 2 1 0
1.72927 241.326 241.326 2 1 0
1.72739 241.764 241.764 2 1 0
1.7255 242.202 242.202 2 1 0
1.7236 242.639 242.639 2 1 0
1.72168 243.077 243.077 2 1 0
1.71975 243.514 243.514 2 1 0
1.71781 243.951 243.951 2 1 0
1.71585 244.388 244.388 2 1 0
1.71388 244.825 244.825 2 1 0
1.7119 245.261 245.261 2 1 0
1.70991 245.698 245.698 2 1 0
1.7079 246.134 246.134 2 1 0
1.70588 246.57 246.57 2 1 0
1.70385 247.006 247.006 2 1 0
1.70181 247.442 247.442 2 1 0
1.69976 247.878 247.878 2 1 0
1.69769 248.313 248.313 2 1 0
1.69561 248.748 248.748 2 1 0
1.69352 249.183 249.183 2 1 0
1.69141 249.618 249.618 2 1 0
1.6893 250.053 250.053 2 1 0
1.68717 250.488 250.488 2 1 0
1.68504 250.923 250.923 2 1 0
1.68289 251.357 251.357 2 1 0
1.68073 251.791 251.791 2 1 0
1.67856 252.225 252.225 2 1 0
1.67637 252.659 252.659 2 1 0
1.67418 253.093 253.093 2 1 0
1.67197 253.527 253.527 2 1 0
1.66976 253.96 253.96 2 1 0
1.66976 253.96 253.96 2 1 0
1.66958 253.995 253.995 2 1 0
1.6694 254.03 254.03 2 1 0
1.66905 254.099 254.099 2 1 0
1.66833 254.238 254.238 2 1 0
1.66691 254.515 254.515 2 1 0
1.66466 254.948 254.948 2 1 0
1.66241 255.381 255.381 2 1 0
1.66015 255.814 255.814 2 1 0
1.65788 256.247 256.247 2 1 0
1.6556 256.68 256.68 2 1 0
1.6533 257.112 257.112 2 1 0
1.651 257.544 257.544 2 1 0
1.64869 257.977 257.977 2 1 0
1.64636 258.409 258.409 2 1 0
1.64403 258.841 258.841 2 1 0
1.64169 259.273 259.273 2 1 0
1.63933 259.704 259.704 2 1 0
1.63697 260.136 260.136 2 1 0
1.6346 260.567 260.567 2 1 0
1.63222 260.999 260.999 2 1 0
1.62983 261.43 261.43 2 1 0
1.62743 261.861 261.861 2 1 0
1.62502 262.292 262.292 2 1 0
1.6226 262.723 262.723 2 1 0
1.62017 263.153 263.153 2 1 0
1.61773 263.584 263.584 2 1 0
1.61528 264.014 264.014 2 1 0
1.61283 264.445 264.445 2 1 0
1.61036 264.875 264.875 2 1 0
1.60789 265.305 265.305 2 1 0
1.60541 265.735 265.735 2 1 0
1.60292 266.165 266.165 2 1 0
1.60042 266.595 266.595 2 1 0
1.59791 267.024 267.024 2 1 0
1.5954 267.454 267.454 2 1 0
1.59287 267.883 267.883 2 1 0
1.59034 268.312 268.312 2 1 0
1.5878 268.742 268.742 2 1 0
1.58525 269.171 269.171 2 1 0
1.5827 269.6 269.6 2 1 0
1.58013 270.028 270.028 2 1 0
1.57756 270.457 270.457 2 1 0
1.57498 270.886 270.886 2 1 0
1.5724 271.314 271.314 2 1 0
1.5698 271.743 271.743 2 1 0
1.5672 272.171 272.171 2 1 0
1.56459 272.599 272.599 2 1 0
1.56197 273.028 273.028 2 1 0
1.55935 273.456 273.456 2 1 0
1.55672 273.884 273.884 2 1 0
1.55408 274.311 274.311 2 1 0
1.55144 274.739 274.739 2 1 0
1.54879 275.167 275.167 2 1 0
1.54613 275.594 275.594 2 1 0
1.54346 276.022 276.022 2 1 0
1.54079 276.449 276.449 2 1 0
1.53811 276.876 276.876 2 1 0
1.53542 277.304 277.304 2 1 0
1.53273 277.731 277.731 2 1 0
1.53004 278.158 278.158 2 1 0
1.52733 278.585 278.585 2 1 0
1.52462 279.012 279.012 2 1 0
1.5219 279.438 279.438 2 1 0
1.51918 279.865 279.865 2 1 0
1.51645 280.292 280.292 2 1 0
1.51372 280.718 280.718 2 1 0
1.51098 281.144 281.144 2 1 0
1.50823 281.571 281.571 2 1 0
1.50548 281.997 281.997 2 1 0
1.50272 282.423 282.423 2 1 0
1.49996 282.849 282.849 2 1 0
1.49719 283.275 283.275 2 1 0
1.49441 283.701 283.701 2 1 0
1.49163 284.127 284.127 2 1 0
1.48885 284.553 284.553 2 1 0
1.48606 284.979 284.979 2 1 0
1.48326 285.405 285.405 2 1 0
1.48046 285.83 285.83 2 1 0
1.47766 286.256 286.256 2 1 0
1.47485 286.681 286.681 2 1 0
1.47203 287.107 287.107 2 1 0
1.46922 287.532 287.532 2 1 0
1.46639 287.957 287.957 2 1 0
1.46356 288.382 288.382 2 1 0
1.46073 288.807 288.807 2 1 0
1.45789 289.233 289.233 2 1 0
1.45505 289.658 289.658 2 1 0
1.4522 290.083 290.083 2 1 0
1.44935 290.507 290.507 2 1 0
1.4465 290.932 290.932 2 1 0
1.44364 291.357 291.357 2 1 0
1.44078 291.782 291.782 2 1 0
1.43791 292.206 292.206 2 1 0
1.43504 292.631 292.631 2 1 0
1.43216 293.056 293.056 2 1 0
1.42928 293.48 293.48 2 1 0
1.4264 293.905 293.905 2 1 0
1.42352 294.329 294.329 2 1 0
1.42063 294.753 294.753 2 1 0
1.41774 295.178 295.178 2 1 0
1.41484 295.602 295.602 2 1 0
1.41194 296.026 296.026 2 1 0
1.40904 296.45 296.45 2 1 0
1.40613 296.874 296.874 2 1 0
1.40322 297.298 297.298 2 1 0
1.40031 297.722 297.722 2 1 0
1.3974 298.146 298.146 2 1 0
1.39448 298.57 298.57 2 1 0
1.39156 298.994 298.994 2 1 0
1.38863 299.418 299.418 2 1 0
1.38571 299.842 299.842 2 1 0
1.38278 300.266 300.266 2 1 0
1.37985 300.69 300.69 2 1 0
1.37691 301.113 301.113 2 1 0
1.37398 301.537 301.537 2 1 0
1.37104 301.961 301.961 2 1 0
1.3681 302.384 302.384 2 1 0
1.36515 302.808 302.808 2 1 0
1.36221 303.231 303.231 2 1 0
1.35926 303.655 303.655 2 1 0
1.35631 304.078 304.078 2 1 0
1.35336 304.502 304.502 2 1 0
1.3504 304.925 304.925 2 1 0
1.34745 305.349 305.349 2 1 0
1.34449 305.772 305.772 2 1 0
1.34153 306.196 306.196 2 1 0
1.33857 306.619 306.619 2 1 0
1.33561 307.042 307.042 2 1 0
1.33264 307.466 307.466 2 1 0
1.32968 307.889 307.889 2 1 0
1.32671 308.312 308.312 2 1 0
1.32374 308.735 308.735 2 1 0
1.32077 309.159 309.159 2 1 0
1.3178 309.582 309.582 2 1 0
1.31483 310.005 310.005 2 1 0
1.31186 310.428 310.428 2 1 0
1.30889 310.851 310.851 2 1 0
1.30591 311.274 311.274 2 1 0
1.30293 311.698 311.698 2 1 0
1.29996 312.121 312.121 2 1 0
1.29698 312.544 312.544 2 1 0
1.294 312.967 312.967 2 1 0
1.29102 313.39 313.39 2 1 0
1.28804 313.813 313.813 2 1 0
1.28506 314.236 314.236 2 1 0
1.28208 314.659 314.659 2 1 0
1.2791 315.082 315.082 2 1 0
1.27612 315.505 315.505 2 1 0
1.27314 315.928 315.928 2 1 0
1.27016 316.351 316.351 2 1 0
1.26718 316.774 316.774 2 1 0
1.2642 317.197 317.197 2 1 0
1.26121 317.621 317.621 2 1 0
1.25823 318.044 318.044 2 1 0
1.25525 318.467 318.467 2 1 0
1.25227 318.89 318.89 2 1 0
1.24929 319.313 319.313 2 1 0
1.24631 319.736 319.736 2 1 0
1.24333 320.159 320.159 2 1 0
1.24034 320.582 320.582 2 1 0
1.23736 321.005 321.005 2 1 0
1.23439 321.428 321.428 2 1 0
1.23141 321.851 321.851 2 1 0
1.22843 322.274 322.274 2 1 0
1.22545 322.697 322.697 2 1 0
1.22247 323.12 323.12 2 1 0
1.2195 323.544 323.544 2 1 0
1.21652 323.967 323.967 2 1 0
1.21355 324.39 324.39 2 1 0
1.21057 324.813 324.813 2 1 0
1.2076 325.236 325.236 2 1 0
1.20463 325.659 325.659 2 1 0
1.20166 326.083 326.083 2 1 0
1.19869 326.506 326.506 2 1 0
1.19572 326.929 326.929 2 1 0
1.19276 327.352 327.352 2 1 0
1.18979 327.776 327.776 2 1 0
1.18683 328.199 328.199 2 1 0
1.18387 328.622 328.622 2 1 0
1.1809 329.046 329.046 2 1 0
1.17795 329.469 329.469 2 1 0
1.17499 329.892 329.892 2 1 0
1.17203 330.316 330.316 2 1 0
1.16908 330.739 330.739 2 1 0
1.16613 331.163 331.163 2 1 0
1.16318 331.586 331.586 2 1 0
1.16023 332.01 332.01 2 1 0
1.15728 332.433 332.433 2 1 0
1.15434 332.857 332.857 2 1 0
1.15139 333.28 333.28 2 1 0
1.14845 333.704 333.704 2 1 0
1.14552 334.128 334.128 2 1 0
1.14258 334.551 334.551 2 1 0
1.13965 334.975 334.975 2 1 0
1.13672 335.399 335.399 2 1 0
1.13379 335.823 335.823 2 1 0
1.13086 336.247 336.247 2 1 0
1.12794 336.67 336.67 2 1 0
1.12502 337.094 337.094 2 1 0
1.12502 337.094 337.094 2 1 0
1.12478 337.128 337.128 2 1 0
1.12455 337.162 337.162 2 1 0
1.12408 337.23 337.23 2 1 0
1.12315 337.366 337.366 2 1 0
1.12128 337.637 337.637 2 1 0
1.11836 338.061 338.061 2 1 0
1.11545 338.485 338.485 2 1 0
1.11254 338.909 338.909 2 1 0
1.10964 339.333 339.333 2 1 0
1.10673 339.757 339.757 2 1 0
1.10383 340.182 340.182 2 1 0
1.10093 340.606 340.606 2 1 0
1.09804 341.03 341.03 2 1 0
1.09515 341.454 341.454 2 1 0
1.09226 341.879 341.879 2 1 0
1.08937 342.303 342.303 2 1 0
1.08649 342.728 342.728 2 1 0
1.08361 343.152 343.152 2 1 0
1.08074 343.577 343.577 2 1 0
1.07786 344.001 344.001 2 1 0
1.075 344.426 344.426 2 1 0
1.07213 344.851 344.851 2 1 0
1.06927 345.275 345.275 2 1 0
1.06641 345.7 345.7 2 1 0
1.06356 346.125 346.125 2 1 0
1.06071 346.55 346.55 2 1 0
1.05786 346.975 346.975 2 1 0
1.05502 347.4 347.4 2 1 0
1.05218 347.825 347.825 2 1 0
1.04934 348.25 348.25 2 1 0
1.04651 348.675 348.675 2 1 0
1.04369 349.1 349.1 2 1 0
1.04086 349.526 349.526 2 1 0
1.03804 349.951 349.951 2 1 0
1.03523 350.376 350.376 2 1 0
1.03242 350.802 350.802 2 1 0
1.02961 351.227 351.227 2 1 0
1.02681 351.653 351.653 2 1 0
1.02401 352.079 352.079 2 1 0
1.02122 352.504 352.504 2 1 0
1.01843 352.93 352.93 2 1 0
1.01565 353.356 353.356 2 1 0
1.01287 353.782 353.782 2 1 0
1.01009 354.208 354.208 2 1 0
1.00732 354.634 354.634 2 1 0
1.00455 355.06 355.06 2 1 0
1.00179 355.486 355.486 2 1 0
0.999037 355.912 355.912 2 1 0
0.996286 356.338 356.338 2 1 0
0.993539 356.765 356.765 2 1 0
0.990798 357.191 357.191 2 1 0
0.988061 357.618 357.618 2 1 0
0.985329 358.044 358.044 2 1 0
0.982602 358.471 358.471 2 1 0
0.979881 358.897 358.897 2 1 0
0.977164 359.324 359.324 2 1 0
0.974453 359.751 359.751 2 1 0
0.971747 360.178 360.178 2 1 0
0.969046 360.605 360.605 2 1 0
0.966351 361.032 361.032 2 1 0
0.963661 361.459 361.459 2 1 0
0.960976 361.886 361.886 2 1 0
0.958297 362.314 362.314 2 1 0
0.955623 362.741 362.741 2 1 0
0.952955 363.168 363.168 2 1 0
0.950292 363.596 363.596 2 1 0
0.947636 364.024 364.024 2 1 0
0.944984 364.451 364.451 2 1 0
0.942339 364.879 364.879 2 1 0
0.939699 365.307 365.307 2 1 0
0.937065 365.735 365.735 2 1 0
0.934437 366.163 366.163 2 1 0
0.931815 366.591 366.591 2 1 0
0.929199 367.019 367.019 2 1 0
0.926588 367.447 367.447 2 1 0
0.923984 367.875 367.875 2 1 0
0.921386 368.304 368.304 2 1 0
0.918794 368.732 368.732 2 1 0
0.916208 369.161 369.161 2 1 0
0.913628 369.589 369.589 2 1 0
0.911055 370.018 370.018 2 1 0
0.908488 370.447 370.447 2 1 0
0.905927 370.876 370.876 2 1 0
0.903372 371.305 371.305 2 1 0
0.900824 371.734 371.734 2 1 0
0.898283 372.163 372.163 2 1 0
0.895747 372.592 372.592 2 1 0
0.893219 373.022 373.022 2 1 0
0.890697 373.451 373.451 2 1 0
0.888181 373.881 373.881 2 1 0
0.885672 374.31 374.31 2 1 0
0.88317 374.74 374.74 2 1 0
0.880675 375.17 375.17 2 1 0
0.878186 375.6 375.6 2 1 0
0.875704 376.03 376.03 2 1 0
0.873229 376.46 376.46 2 1 0
0.870761 376.89 376.89 2 1 0
0.8683 377.32 377.32 2 1 0
0.865846 377.75 377.75 2 1 0
0.863398 378.181 378.181 2 1 0
0.860958 378.611 378.611 2 1 0
0.858525 379.042 379.042 2 1 0
0.856099 379.473 379.473 2 1 0
0.85368 379.903 379.903 2 1 0
0.851269 380.334 380.334 2 1 0
0.848864 380.765 380.765 2 1 0
0.846467 381.197 381.197 2 1 0
0.844077 381.628 381.628 2 1 0
0.841695 382.059 382.059 2 1 0
0.83932 382.49 382.49 2 1 0
0.836952 382.922 382.922 2 1 0
0.834592 383.354 383.354 2 1 0
0.832239 383.785 383.785 2 1 0
0.829894 384.217 384.217 2 1 0
0.827556 384.649 384.649 2 1 0
0.825226 385.081 385.081 2 1 0
0.822904 385.513 385.513 2 1 0
0.820589 385.945 385.945 2 1 0
0.818282 386.378 386.378 2 1 0
0.815983 386.81 386.81 2 1 0
0.813692 387.243 387.243 2 1 0
0.811408 387.675 387.675 2 1 0
0.809133 388.108 388.108 2 1 0
0.806865 388.541 388.541 2 1 0
0.804605 388.974 388.974 2 1 0
0.802353 389.407 389.407 2 1 0
0.800109 389.84 389.84 2 1 0
0.797873 390.273 390.273 2 1 0
0.795645 390.707 390.707 2 1 0
0.793426 391.14 391.14 2 1 0
0.791214 391.574 391.574 2 1 0
0.789011 392.007 392.007 2 1 0
0.786815 392.441 392.441 2 1 0
0.784629 392.875 392.875 2 1 0
0.78245 393.309 393.309 2 1 0
0.78028 393.743 393.743 2 1 0
0.778118 394.177 394.177 2 1 0
0.775964 394.612 394.612 2 1 0
0.773819 395.046 395.046 2 1 0
0.771682 395.481 395.481 2 1 0
0.769554 395.915 395.915 2 1 0
0.767434 396.35 396.35 2 1 0
0.765323 396.785 396.785 2 1 0
0.76322 397.22 397.22 2 1 0
0.761126 397.655 397.655 2 1 0
0.759041 398.09 398.09 2 1 0
0.756964 398.526 398.526 2 1 0
0.754896 398.961 398.961 2 1 0
0.752837 399.397 399.397 2 1 0
0.750786 399.832 399.832 2 1 0
0.748744 400.268 400.268 2 1 0
0.746711 400.704 400.704 2 1 0
0.744687 401.14 401.14 2 1 0
0.742672 401.576 401.576 2 1 0
0.740666 402.013 402.013 2 1 0
0.738669 402.449 402.449 2 1 0
0.736681 402.885 402.885 2 1 0
0.734701 403.322 403.322 2 1 0
0.732731 403.759 403.759 2 1 0
0.73077 404.196 404.196 2 1 0
0.728818 404.633 404.633 2 1 0
0.726875 405.07 405.07 2 1 0
0.724941 405.507 405.507 2 1 0
0.723017 405.944 405.944 2 1 0
0.721102 406.382 406.382 2 1 0
0.719195 406.819 406.819 2 1 0
0.717299 407.257 407.257 2 1 0
0.715411 407.695 407.695 2 1 0
0.713533 408.132 408.132 2 1 0
0.711664 408.57 408.57 2 1 0
0.709805 409.009 409.009 2 1 0
0.707955 409.447 409.447 2 1 0
0.706115 409.885 409.885 2 1 0
0.704284 410.324 410.324 2 1 0
0.702462 410.762 410.762 2 1 0
0.70065 411.201 411.201 2 1 0
0.698848 411.64 411.64 2 1 0
0.697055 412.079 412.079 2 1 0
0.695272 412.518 412.518 2 1 0
0.693499 412.957 412.957 2 1 0
0.691735 413.397 413.397 2 1 0
0.689981 413.836 413.836 2 1 0
0.688236 414.276 414.276 2 1 0
0.686502 414.715 414.715 2 1 0
0.684777 415.155 415.155 2 1 0
0.683062 415.595 415.595 2 1 0
0.681356 416.035 416.035 2 1 0
0.679661 416.475 416.475 2 1 0
0.677976 416.916 416.916 2 1 0
0.6763 417.356 417.356 2 1 0
0.674634 417.797 417.797 2 1 0
0.672979 418.238 418.238 2 1 0
0.671333 418.678 418.678 2 1 0
0.669697 419.119 419.119 2 1 0
0.668072 419.56 419.56 2 1 0
0.666456 420.002 420.002 2 1 0
0.664851 420.443 420.443 2 1 0
0.663255 420.884 420.884 2 1 0
0.66167 421.326 421.326 2 1 0
0.66167 421.326 421.326 2 1 0
0.661544 421.361 421.361 2 1 0
0.661417 421.397 421.397 2 1 0
0.661165 421.467 421.467 2 1 0
0.660661 421.609 421.609 2 1 0
0.659656 421.891 421.891 2 1 0
0.658094 422.333 422.333 2 1 0
0.656542 422.775 422.775 2 1 0
0.655 423.217 423.217 2 1 0
0.653469 423.66 423.66 2 1 0
0.651948 424.102 424.102 2 1 0
0.650437 424.544 424.544 2 1 0
0.648937 424.987 424.987 2 1 0
0.647447 425.43 425.43 2 1 0
0.645967 425.873 425.873 2 1 0
0.644498 426.316 426.316 2 1 0
0.643039 426.759 426.759 2 1 0
0.64159 427.202 427.202 2 1 0
0.640152 427.645 427.645 2 1 0
0.638725 428.089 428.089 2 1 0
0.637308 428.533 428.533 2 1 0
0.635901 428.976 428.976 2 1 0
0.634505 429.42 429.42 2 1 0
0.63312 429.864 429.864 2 1 0
0.631745 430.308 430.308 2 1 0
0.630381 430.753 430.753 2 1 0
0.629027 431.197 431.197 2 1 0
0.627684 431.642 431.642 2 1 0
0.626352 432.086 432.086 2 1 0
0.625031 432.531 432.531 2 1 0
0.62372 432.976 432.976 2 1 0
0.62242 433.421 433.421 2 1 0
0.621131 433.866 433.866 2 1 0
0.619852 434.312 434.312 2 1 0
0.618584 434.757 434.757 2 1 0
0.617327 435.203 435.203 2 1 0
0.616081 435.648 435.648 2 1 0
0.614846 436.094 436.094 2 1 0
0.613622 436.54 436.54 2 1 0
0.612408 436.986 436.986 2 1 0
0.611206 437.432 437.432 2 1 0
0.610014 437.879 437.879 2 1 0
0.608833 438.325 438.325 2 1 0
0.607663 438.772 438.772 2 1 0
0.606505 439.218 439.218 2 1 0
0.605357 439.665 439.665 2 1 0
0.60422 440.112 440.112 2 1 0
0.603094 440.559 440.559 2 1 0
0.60198 441.007 441.007 2 1 0
0.600876 441.454 441.454 2 1 0
0.599783 441.902 441.902 2 1 0
0.598702 442.349 442.349 2 1 0
0.597632 442.797 442.797 2 1 0
0.596572 443.245 443.245 2 1 0
0.595524 443.693 443.693 2 1 0
0.594488 444.141 444.141 2 1 0
0.593462 444.589 444.589 2 1 0
0.592447 445.038 445.038 2 1 0
0.591444 445.486 445.486 2 1 0
0.590452 445.935 445.935 2 1 0
0.589471 446.384 446.384 2 1 0
0.588502 446.833 446.833 2 1 0
0.587543 447.282 447.282 2 1 0
0.586596 447.731 447.731 2 1 0
0.585661 448.18 448.18 2 1 0
0.584736 448.63 448.63 2 1 0
0.583823 449.079 449.079 2 1 0
0.582922 449.529 449.529 2 1 0
0.582031 449.979 449.979 2 1 0
0.581153 450.429 450.429 2 1 0
0.580285 450.879 450.879 2 1 0
0.579429 451.329 451.329 2 1 0
0.578584 451.78 451.78 2 1 0
0.577751 452.23 452.23 2 1 0
0.576929 452.681 452.681 2 1 0
0.576119 453.132 453.132 2 1 0
0.57532 453.583 453.583 2 1 0
0.574532 454.034 454.034 2 1 0
0.573757 454.485 454.485 2 1 0
0.572992 454.936 454.936 2 1 0
0.572239 455.388 455.388 2 1 0
0.571498 455.839 455.839 2 1 0
0.570768 456.291 456.291 2 1 0
0.57005 456.743 456.743 2 1 0
0.569343 457.195 457.195 2 1 0
0.568648 457.647 457.647 2 1 0
0.567965 458.099 458.099 2 1 0
0.567293 458.551 458.551 2 1 0
0.566633 459.004 459.004 2 1 0
0.565984 459.456 459.456 2 1 0
0.565347 459.909 459.909 2 1 0
0.564722 460.362 460.362 2 1 0
0.564108 460.815 460.815 2 1 0
0.563506 461.268 461.268 2 1 0
0.562916 461.721 461.721 2 1 0
0.562337 462.175 462.175 2 1 0
0.56177 462.628 462.628 2 1 0
0.561215 463.082 463.082 2 1 0
0.560672 463.535 463.535 2 1 0
0.56014 463.989 463.989 2 1 0
0.55962 464.443 464.443 2 1 0
0.559112 464.897 464.897 2 1 0
0.558615 465.352 465.352 2 1 0
0.55813 465.806 465.806 2 1 0
0.557657 466.261 466.261 2 1 0
0.557196 466.715 466.715 2 1 0
0.556747 467.17 467.17 2 1 0
0.556309 467.625 467.625 2 1 0
0.555884 468.08 468.08 2 1 0
0.55547 468.535 468.535 2 1 0
0.555068 468.991 468.991 2 1 0
0.554677 469.446 469.446 2 1 0
0.554299 469.902 469.902 2 1 0
0.553932 470.357 470.357 2 1 0
0.553578 470.813 470.813 2 1 0
0.553235 471.269 471.269 2 1 0
0.552904 471.725 471.725 2 1 0
0.552585 472.181 472.181 2 1 0
0.552277 472.638 472.638 2 1 0
0.551982 473.094 473.094 2 1 0
0.551699 473.551 473.551 2 1 0
0.551427 474.008 474.008 2 1 0
0.551168 474.464 474.464 2 1 0
0.55092 474.921 474.921 2 1 0
0.550684 475.378 475.378 2 1 0
0.55046 475.836 475.836 2 1 0
0.550249 476.293 476.293 2 1 0
0.550049 476.75 476.75 2 1 0
0.549861 477.208 477.208 2 1 0
0.549685 477.666 477.666 2 1 0
0.549521 478.124 478.124 2 1 0
0.549369 478.582 478.582 2 1 0
0.549228 479.04 479.04 2 1 0
0.5491 479.498 479.498 2 1 0
0.548984 479.956 479.956 2 1 0
0.54888 480.415 480.415 2 1 0
0.548788 480.873 480.873 2 1 0
0.548707 481.332 481.332 2 1 0
0.548639 481.791 481.791 2 1 0
0.548583 482.25 482.25 2 1 0
0.548539 482.709 482.709 2 1 0
0.548507 483.168 483.168 2 1 0
0.548486 483.628 483.628 2 1 0
0.548478 484.087 484.087 2 1 0
0.548478 484.171 484.171 2 1 0
0.548484 484.63 484.63 1 1 0
0.548502 485.09 485.09 1 1 0
0.548532 485.55 485.55 1 1 0
0.548574 486.01 486.01 1 1 0
0.548628 486.47 486.47 1 1 0
0.548694 486.93 486.93 1 1 0
0.548773 487.391 487.391 1 1 0
0.548863 487.851 487.851 1 1 0
0.548965 488.312 488.312 1 1 0
0.549079 488.773 488.773 1 1 0
0.549206 489.233 489.233 1 1 0
0.549344 489.694 489.694 1 1 0
0.549494 490.156 490.156 1 1 0
0.549657 490.617 490.617 1 1 0
0.549831 491.078 491.078 1 1 0
0.550018 491.54 491.54 1 1 0
0.550217 492.001 492.001 1 1 0
0.550427 492.463 492.463 1 1 0
0.55065 492.925 492.925 1 1 0
0.550885 493.387 493.387 1 1 0
0.551132 493.849 493.849 1 1 0
0.551391 494.311 494.311 1 1 0
0.551661 494.773 494.773 1 1 0
0.551944 495.236 495.236 1 1 0
0.55224 495.698 495.698 1 1 0
0.552547 496.161 496.161 1 1 0
0.552866 496.624 496.624 1 1 0
0.553197 497.087 497.087 1 1 0
0.55354 497.55 497.55 1 1 0
0.553896 498.013 498.013 1 1 0
0.554263 498.476 498.476 1 1 0
0.554643 498.94 498.94 1 1 0
0.555034 499.403 499.403 1 1 0
0.555438 499.867 499.867 1 1 0
0.555853 500.331 500.331 1 1 0
0.556281 500.795 500.795 1 1 0
0.55672 501.259 501.259 1 1 0
0.557172 501.723 501.723 1 1 0
0.557636 502.187 502.187 1 1 0
0.558112 502.651 502.651 1 1 0
0.5586 503.116 503.116 1 1 0
0.5591 503.58 503.58 1 1 0
0.559612 504.045 504.045 1 1 0
0.560136 504.51 504.51 1 1 0
0.560672 504.975 504.975 1 1 0
0.56122 505.44 505.44 1 1 0
0.56178 505.905 505.905 1 1 0
0.562352 506.37 506.37 1 1 0
0.562936 506.836 506.836 1 1 0
0.563532 507.301 507.301 1 1 0
0.56414 507.767 507.767 1 1 0
0.56476 508.233 508.233 1 1 0
0.565392 508.698 508.698 1 1 0
0.566037 509.164 509.164 1 1 0
0.566693 509.631 509.631 1 1 0
0.566693 509.631 509.631 2 1 0
0.566746 509.668 509.668 1 1 0
0.566799 509.705 509.705 1 1 0
0.566905 509.78 509.78 1 1 0
0.567119 509.929 509.929 1 1 0
0.56755 510.227 510.227 1 1 0
0.568234 510.694 510.694 1 1 0
0.568929 511.16 511.16 1 1 0
0.569637 511.627 511.627 1 1 0
0.570356 512.093 512.093 1 1 0
0.571088 512.56 512.56 1 1 0
0.571831 513.027 513.027 1 1 0
0.572587 513.494 513.494 1 1 0
0.573354 513.961 513.961 1 1 0
0.574133 514.428 514.428 1 1 0
0.574925 514.896 514.896 1 1 0
0.575728 515.363 515.363 1 1 0
0.576543 515.831 515.831 1 1 0
0.57737 516.299 516.299 1 1 0
0.578209 516.766 516.766 1 1 0
0.57906 517.234 517.234 1 1 0
0.579923 517.702 517.702 1 1 0
0.580798 518.17 518.17 1 1 0
0.581685 518.639 518.639 1 1 0
0.582583 519.107 519.107 1 1 0
0.583494 519.576 519.576 1 1 0
0.584416 520.044 520.044 1 1 0
0.585351 520.513 520.513 1 1 0
0.586297 520.982 520.982 1 1 0
0.587255 521.45 521.45 1 1 0
0.588225 521.919 521.919 1 1 0
0.589207 522.389 522.389 1 1 0
0.590201 522.858 522.858 1 1 0
0.591206 523.327 523.327 1 1 0
0.592224 523.797 523.797 1 1 0
0.593253 524.266 524.266 1 1 0
0.594294 524.736 524.736 1 1 0
0.595347 525.206 525.206 1 1 0
0.596412 525.675 525.675 1 1 0
0.597488 526.145 526.145 1 1 0
0.598577 526.615 526.615 1 1 0
0.599677 527.086 527.086 1 1 0
0.600789 527.556 527.556 1 1 0
0.601912 528.026 528.026 1 1 0
0.603048 528.497 528.497 1 1 0
0.604195 528.967 528.967 1 1 0
0.605354 529.438 529.438 1 1 0
0.606525 529.909 529.909 1 1 0
0.607707 530.38 530.38 1 1 0
0.608902 530.851 530.851 1 1 0
0.610108 531.322 531.322 1 1 0
0.611325 531.793 531.793 1 1 0
0.612555 532.265 532.265 1 1 0
0.613796 532.736 532.736 1 1 0
0.615049 533.208 533.208 1 1 0
0.616313 533.679 533.679 1 1 0
0.617589 534.151 534.151 1 1 0
0.618877 534.623 534.623 1 1 0
0.620176 535.095 535.095 1 1 0
0.621488 535.567 535.567 1 1 0
0.62281 536.039 536.039 1 1 0
0.624145 536.511 536.511 1 1 0
0.625491 536.984 536.984 1 1 0
0.626848 537.456 537.456 1 1 0
0.628218 537.928 537.928 1 1 0
0.629599 538.401 538.401 1 1 0
0.630991 538.874 538.874 1 1 0
0.632395 539.347 539.347 1 1 0
0.633811 539.82 539.82 1 1 0
0.635238 540.293 540.293 1 1 0
0.636676 540.766 540.766 1 1 0
0.638126 541.239 541.239 1 1 0
0.639588 541.712 541.712 1 1 0
0.641061 542.186 542.186 1 1 0
0.642546 542.659 542.659 1 1 0
0.644042 543.133 543.133 1 1 0
0.64555 543.607 543.607 1 1 0
0.647069 544.081 544.081 1 1 0
0.6486 544.554 544.554 1 1 0
0.650142 545.028 545.028 1 1 0
0.651696 545.503 545.503 1 1 0
0.653261 545.977 545.977 1 1 0
0.654837 546.451 546.451 1 1 0
0.656425 546.926 546.926 1 1 0
0.658024 547.4 547.4 1 1 0
0.659635 547.875 547.875 1 1 0
0.661257 548.349 548.349 1 1 0
0.66289 548.824 548.824 1 1 0
0.664535 549.299 549.299 1 1 0
0.666191 549.774 549.774 1 1 0
0.667858 550.249 550.249 1 1 0
0.669537 550.724 550.724 1 1 0
0.671227 551.199 551.199 1 1 0
0.672928 551.675 551.675 1 1 0
0.674641 552.15 552.15 1 1 0
0.676365 552.626 552.626 1 1 0
0.6781 553.101 553.101 1 1 0
0.679846 553.577 553.577 1 1 0
0.681604 554.053 554.053 1 1 0
0.683373 554.529 554.529 1 1 0
0.685153 555.005 555.005 1 1 0
0.686944 555.481 555.481 1 1 0
0.688747 555.957 555.957 1 1 0
0.69056 556.433 556.433 1 1 0
0.692385 556.909 556.909 1 1 0
0.694221 557.386 557.386 1 1 0
0.696068 557.862 557.862 1 1 0
0.697926 558.339 558.339 1 1 0
0.699796 558.816 558.816 1 1 0
0.701676 559.292 559.292 1 1 0
0.703568 559.769 559.769 1 1 0
0.70547 560.246 560.246 1 1 0
0.707384 560.723 560.723 1 1 0
0.709309 561.2 561.2 1 1 0
0.711245 561.677 561.677 1 1 0
0.713191 562.155 562.155 1 1 0
0.715149 562.632 562.632 1 1 0
0.717118 563.11 563.11 1 1 0
0.719098 563.587 563.587 1 1 0
0.721089 564.065 564.065 1 1 0
0.72309 564.543 564.543 1 1 0
0.725103 565.02 565.02 1 1 0
0.727127 565.498 565.498 1 1 0
0.729161 565.976 565.976 1 1 0
0.731207 566.454 566.454 1 1 0
0.733263 566.932 566.932 1 1 0
0.73533 567.411 567.411 1 1 0
0.737409 567.889 567.889 1 1 0
0.739498 568.367 568.367 1 1 0
0.741597 568.846 568.846 1 1 0
0.743708 569.325 569.325 1 1 0
0.74583 569.803 569.803 1 1 0
0.747962 570.282 570.282 1 1 0
0.750105 570.761 570.761 1 1 0
0.752259 571.24 571.24 1 1 0
0.754423 571.719 571.719 1 1 0
0.756599 572.198 572.198 1 1 0
0.758785 572.677 572.677 1 1 0
0.760981 573.156 573.156 1 1 0
0.763189 573.635 573.635 1 1 0
0.765407 574.115 574.115 1 1 0
0.767636 574.594 574.594 1 1 0
0.769876 575.074 575.074 1 1 0
0.772126 575.553 575.553 1 1 0
0.774386 576.033 576.033 1 1 0
0.776658 576.513 576.513 1 1 0
0.77894 576.993 576.993 1 1 0
0.781232 577.473 577.473 1 1 0
0.783536 577.953 577.953 1 1 0
0.785849 578.433 578.433 1 1 0
0.788174 578.913 578.913 1 1 0
0.790508 579.393 579.393 1 1 0
0.792854 579.874 579.874 1 1 0
0.79521 580.354 580.354 1 1 0
0.797576 580.834 580.834 1 1 0
0.799953 581.315 581.315 1 1 0
0.80234 581.796 581.796 1 1 0
0.804738 582.276 582.276 1 1 0
0.807146 582.757 582.757 1 1 0
0.809564 583.238 583.238 1 1 0
0.811993 583.719 583.719 1 1 0
0.814433 584.2 584.2 1 1 0
0.816882 584.681 584.681 1 1 0
0.819342 585.162 585.162 1 1 0
0.821813 585.643 585.643 1 1 0
0.824293 586.125 586.125 1 1 0
0.826784 586.606 586.606 1 1 0
0.829286 587.088 587.088 1 1 0
0.831797 587.569 587.569 1 1 0
0.834319 588.051 588.051 1 1 0
0.836851 588.532 588.532 1 1 0
0.839393 589.014 589.014 1 1 0
0.841946 589.496 589.496 1 1 0
0.844508 589.978 589.978 1 1 0
0.847081 590.46 590.46 1 1 0
0.849664 590.942 590.942 1 1 0
0.852258 591.424 591.424 1 1 0
0.854861 591.906 591.906 1 1 0
0.857475 592.388 592.388 1 1 0
0.860098 592.871 592.871 1 1 0
0.862732 593.353 593.353 1 1 0
0.865376 593.836 593.836 1 1 0
0.868029 594.318 594.318 1 1 0
0.870693 594.801 594.801 1 1 0
0.873367 595.283 595.283 1 1 0
0.876051 595.766 595.766 1 1 0
0.878745 596.249 596.249 1 1 0
0.881449 596.732 596.732 1 1 0
0.884163 597.215 597.215 1 1 0
0.886886 597.698 597.698 1 1 0
0.88962 598.181 598.181 1 1 0
0.892364 598.664 598.664 1 1 0
0.895117 599.147 599.147 1 1 0
0.897881 599.631 599.631 1 1 0
0.900654 600.114 600.114 1 1 0
0.903437 600.597 600.597 1 1 0
0.90623 601.081 601.081 1 1 0
0.909033 601.564 601.564 1 1 0
0.911846 602.048 602.048 1 1 0
0.914668 602.532 602.532 1 1 0
0.914668 602.532 602.532 2 1 0
0.914895 602.57 602.57 1 1 0
0.915121 602.609 602.609 1 1 0
0.915574 602.686 602.686 1 1 0
0.91648 602.841 602.841 1 1 0
0.918295 603.151 603.151 1 1 0
0.92114 603.635 603.635 1 1 0
0.923995 604.119 604.119 1 1 0
0.926859 604.603 604.603 1 1 0
0.929733 605.087 605.087 1 1 0
0.932616 605.571 605.571 1 1 0
0.935509 606.055 606.055 1 1 0
0.938412 606.539 606.539 1 1 0
0.941325 607.023 607.023 1 1 0
0.944247 607.508 607.508 1 1 0
0.947179 607.992 607.992 1 1 0
0.95012 608.477 608.477 1 1 0
0.953071 608.961 608.961 1 1 0
0.956032 609.446 609.446 1 1 0
0.959002 609.93 609.93 1 1 0
0.961981 610.415 610.415 1 1 0
0.96497 610.9 610.9 1 1 0
0.967969 611.385 611.385 1 1 0
0.970977 611.87 611.87 1 1 0
0.973995 612.355 612.355 1 1 0
0.977022 612.84 612.84 1 1 0
0.980058 613.325 613.325 1 1 0
0.983104 613.81 613.81 1 1 0
0.986159 614.295 614.295 1 1 0
0.989224 614.78 614.78 1 1 0
0.992298 615.266 615.266 1 1 0
0.995381 615.751 615.751 1 1 0
0.998474 616.237 616.237 1 1 0
1.00158 616.722 616.722 1 1 0
1.00469 617.208 617.208 1 1 0
1.00781 617.693 617.693 1 1 0
1.01094 618.179 618.179 1 1 0
1.01408 618.665 618.665 1 1 0
1.01723 619.151 619.151 1 1 0
1.02038 619.636 619.636 1 1 0
1.02355 620.122 620.122 1 1 0
1.02673 620.608 620.608 1 1 0
1.02991 621.094 621.094 1 1 0
1.0331 621.58 621.58 1 1 0
1.03631 622.067 622.067 1 1 0
1.03952 622.553 622.553 1 1 0
1.04274 623.039 623.039 1 1 0
1.04597 623.525 623.525 1 1 0
1.04921 624.012 624.012 1 1 0
1.05246 624.498 624.498 1 1 0
1.05572 624.985 624.985 1 1 0
1.05899 625.471 625.471 1 1 0
1.06226 625.958 625.958 1 1 0
1.06555 626.444 626.444 1 1 0
1.06884 626.931 626.931 1 1 0
1.07214 627.418 627.418 1 1 0
1.07546 627.905 627.905 1 1 0
1.07878 628.392 628.392 1 1 0
1.08211 628.879 628.879 1 1 0
1.08544 629.366 629.366 1 1 0
1.08879 629.853 629.853 1 1 0
1.09215 630.34 630.34 1 1 0
1.09551 630.827 630.827 1 1 0
1.09889 631.314 631.314 1 1 0
1.10227 631.801 631.801 1 1 0
1.10566 632.288 632.288 1 1 0
1.10906 632.776 632.776 1 1 0
1.11247 633.263 633.263 1 1 0
1.11589 633.751 633.751 1 1 0
1.11931 634.238 634.238 1 1 0
1.12275 634.726 634.726 1 1 0
1.12619 635.213 635.213 1 1 0
1.12965 635.701 635.701 1 1 0
1.13311 636.189 636.189 1 1 0
1.13658 636.676 636.676 1 1 0
1.14006 637.164 637.164 1 1 0
1.14354 637.652 637.652 1 1 0
1.14704 638.14 638.14 1 1 0
1.15054 638.628 638.628 1 1 0
1.15406 639.116 639.116 1 1 0
1.15758 639.604 639.604 1 1 0
1.16111 640.092 640.092 1 1 0
1.16465 640.58 640.58 1 1 0
1.16819 641.069 641.069 1 1 0
1.17175 641.557 641.557 1 1 0
1.17531 642.045 642.045 1 1 0
1.17888 642.533 642.533 1 1 0
1.18246 643.022 643.022 1 1 0
1.18605 643.51 643.51 1 1 0
1.18965 643.999 643.999 1 1 0
1.19326 644.487 644.487 1 1 0
1.19687 644.976 644.976 1 1 0
1.20049 645.465 645.465 1 1 0
1.20412 645.953 645.953 1 1 0
1.20776 646.442 646.442 1 1 0
1.21141 646.931 646.931 1 1 0
1.21507 647.42 647.42 1 1 0
1.21873 647.909 647.909 1 1 0
1.2224 648.397 648.397 1 1 0
1.22608 648.886 648.886 1 1 0
1.22977 649.375 649.375 1 1 0
1.23347 649.864 649.864 1 1 0
1.23718 650.354 650.354 1 1 0
1.24089 650.843 650.843 1 1 0
1.24461 651.332 651.332 1 1 0
1.24834 651.821 651.821 1 1 0
1.25208 652.31 652.31 1 1 0
1.25582 652.8 652.8 1 1 0
1.25958 653.289 653.289 1 1 0
1.26334 653.779 653.779 1 1 0
1.26711 654.268 654.268 1 1 0
1.27089 654.758 654.758 1 1 0
1.27467 655.247 655.247 1 1 0
1.27847 655.737 655.737 1 1 0
1.28227 656.226 656.226 1 1 0
1.28608 656.716 656.716 1 1 0
1.2899 657.206 657.206 1 1 0
1.29372 657.695 657.695 1 1 0
1.29756 658.185 658.185 1 1 0
1.3014 658.675 658.675 1 1 0
1.30525 659.165 659.165 1 1 0
1.30911 659.655 659.655 1 1 0
1.31297 660.145 660.145 1 1 0
1.31685 660.635 660.635 1 1 0
1.32073 661.125 661.125 1 1 0
1.32462 661.615 661.615 1 1 0
1.32851 662.105 662.105 1 1 0
1.33242 662.595 662.595 1 1 0
1.33633 663.086 663.086 1 1 0
1.34025 663.576 663.576 1 1 0
1.34418 664.066 664.066 1 1 0
1.34811 664.557 664.557 1 1 0
1.35206 665.047 665.047 1 1 0
1.35601 665.537 665.537 1 1 0
1.35996 666.028 666.028 1 1 0
1.36393 666.518 666.518 1 1 0
1.3679 667.009 667.009 1 1 0
1.37189 667.499 667.499 1 1 0
1.37587 667.99 667.99 1 1 0
1.37987 668.481 668.481 1 1 0
1.38388 668.971 668.971 1 1 0
1.38789 669.462 669.462 1 1 0
1.39191 669.953 669.953 1 1 0
1.39593 670.444 670.444 1 1 0
1.39997 670.935 670.935 1 1 0
1.40401 671.426 671.426 1 1 0
1.40806 671.916 671.916 1 1 0
1.41212 672.407 672.407 1 1 0
1.41618 672.898 672.898 1 1 0
1.42025 673.389 673.389 1 1 0
1.42433 673.881 673.881 1 1 0
1.42842 674.372 674.372 1 1 0
1.43251 674.863 674.863 1 1 0
1.43661 675.354 675.354 1 1 0
1.44072 675.845 675.845 1 1 0
1.44484 676.337 676.337 1 1 0
1.44896 676.828 676.828 1 1 0
1.45309 677.319 677.319 1 1 0
1.45723 677.811 677.811 1 1 0
1.46137 678.302 678.302 1 1 0
1.46552 678.793 678.793 1 1 0
1.46968 679.285 679.285 1 1 0
1.47385 679.776 679.776 1 1 0
1.47802 680.268 680.268 1 1 0
1.48221 680.76 680.76 1 1 0
1.48639 681.251 681.251 1 1 0
1.49059 681.743 681.743 1 1 0
1.49479 682.235 682.235 1 1 0
1.499 682.726 682.726 1 1 0
1.50322 683.218 683.218 1 1 0
1.50744 683.71 683.71 1 1 0
1.51167 684.202 684.202 1 1 0
1.51591 684.694 684.694 1 1 0
1.52016 685.185 685.185 1 1 0
1.52441 685.677 685.677 1 1 0
1.52867 686.169 686.169 1 1 0
1.53294 686.661 686.661 1 1 0
1.53721 687.153 687.153 1 1 0
1.54149 687.645 687.645 1 1 0
1.54578 688.138 688.138 1 1 0
1.55007 688.63 688.63 1 1 0
1.55437 689.122 689.122 1 1 0
1.55868 689.614 689.614 1 1 0
1.563 690.106 690.106 1 1 0
1.56732 690.599 690.599 1 1 0
1.57165 691.091 691.091 1 1 0
1.57598 691.583 691.583 1 1 0
1.58032 692.076 692.076 1 1 0
1.58467 692.568 692.568 1 1 0
1.58903 693.06 693.06 1 1 0
1.59339 693.553 693.553 1 1 0
1.59776 694.045 694.045 1 1 0
1.60214 694.538 694.538 1 1 0
1.60652 695.03 695.03 1 1 0
1.61091 695.523 695.523 1 1 0
1.61531 696.016 696.016 1 1 0
1.61971 696.508 696.508 1 1 0
1.62412 697.001 697.001 1 1 0
1.62854 697.494 697.494 1 1 0
1.63296 697.986 697.986 1 1 0
1.63296 697.986 697.986 2 1 0
1.63332 698.026 698.026 1 1 0
1.63367 698.065 698.065 1 1 0
1.63438 698.144 698.144 1 1 0
1.6358 698.302 698.302 1 1 0
1.63863 698.617 698.617 1 1 0
1.64307 699.11 699.11 1 1 0
1.64752 699.603 699.603 1 1 0
1.65197 700.096 700.096 1 1 0
1.65643 700.589 700.589 1 1 0
1.66089 701.081 701.081 1 1 0
1.66537 701.574 701.574 1 1 0
1.66984 702.067 702.067 1 1 0
1.67433 702.56 702.56 1 1 0
1.67882 703.053 703.053 1 1 0
1.68332 703.547 703.547 1 1 0
1.68782 704.04 704.04 1 1 0
1.69233 704.533 704.533 1 1 0
1.69685 705.026 705.026 1 1 0
1.70137 705.519 705.519 1 1 0
1.7059 706.012 706.012 1 1 0
1.71044 706.506 706.506 1 1 0
1.71498 706.999 706.999 1 1 0
1.71953 707.492 707.492 1 1 0
1.72409 707.986 707.986 1 1 0
1.72865 708.479 708.479 1 1 0
1.73322 708.972 708.972 1 1 0
1.73779 709.466 709.466 1 1 0
1.74237 709.959 709.959 1 1 0
1.74696 710.453 710.453 1 1 0
1.75155 710.946 710.946 1 1 0
1.75615 711.44 711.44 1 1 0
1.76076 711.933 711.933 1 1 0
1.76537 712.427 712.427 1 1 0
1.76999 712.92 712.92 1 1 0
1.77462 713.414 713.414 1 1 0
1.77925 713.908 713.908 1 1 0
1.78388 714.401 714.401 1 1 0
1.78853 714.895 714.895 1 1 0
1.79318 715.389 715.389 1 1 0
1.79783 715.883 715.883 1 1 0
1.80249 716.376 716.376 1 1 0
1.80716 716.87 716.87 1 1 0
1.81184 717.364 717.364 1 1 0
1.81652 717.858 717.858 1 1 0
1.8212 718.352 718.352 1 1 0
1.8259 718.846 718.846 1 1 0
1.83059 719.34 719.34 1 1 0
1.8353 719.834 719.834 1 1 0
1.84001 720.328 720.328 1 1 0
1.84473 720.822 720.822 1 1 0
1.84945 721.316 721.316 1 1 0
1.85418 721.81 721.81 1 1 0
1.85891 722.304 722.304 1 1 0
1.86365 722.798 722.798 1 1 0
1.8684 723.292 723.292 1 1 0
1.87315 723.786 723.786 1 1 0
1.87791 724.28 724.28 1 1 0
1.88267 724.775 724.775 1 1 0
1.88744 725.269 725.269 1 1 0
1.89222 725.763 725.763 1 1 0
1.897 726.257 726.257 1 1 0
1.90179 726.752 726.752 1 1 0
1.90658 727.246 727.246 1 1 0
1.91138 727.74 727.74 1 1 0
1.91619 728.235 728.235 1 1 0
1.921 728.729 728.729 1 1 0
1.92581 729.224 729.224 1 1 0
1.93064 729.718 729.718 1 1 0
1.93546 730.213 730.213 1 1 0
1.9403 730.707 730.707 1 1 0
1.94514 731.202 731.202 1 1 0
1.94998 731.696 731.696 1 1 0
1.95483 732.191 732.191 1 1 0
1.95969 732.685 732.685 1 1 0
1.96455 733.18 733.18 1 1 0
1.96942 733.675 733.675 1 1 0
1.9743 734.169 734.169 1 1 0
1.97918 734.664 734.664 1 1 0
1.98406 735.159 735.159 1 1 0
1.98895 735.653 735.653 1 1 0
1.99385 736.148 736.148 1 1 0
1.99875 736.643 736.643 1 1 0
2.00366 737.138 737.138 1 1 0
2.00857 737.632 737.632 1 1 0
2.01349 738.127 738.127 1 1 0
2.01841 738.622 738.622 1 1 0
2.02334 739.117 739.117 1 1 0
2.02828 739.612 739.612 1 1 0
2.03322 740.107 740.107 1 1 0
2.03816 740.602 740.602 1 1 0
2.04312 741.097 741.097 1 1 0
2.04807 741.592 741.592 1 1 0
2.05304 742.087 742.087 1 1 0
2.058 742.582 742.582 1 1 0
2.06298 743.077 743.077 1 1 0
2.06796 743.572 743.572 1 1 0
2.07294 744.067 744.067 1 1 0
2.07793 744.562 744.562 1 1 0
2.08292 745.057 745.057 1 1 0
2.08792 745.552 745.552 1 1 0
2.09293 746.047 746.047 1 1 0
2.09794 746.543 746.543 1 1 0
2.10296 747.038 747.038 1 1 0
2.10798 747.533 747.533 1 1 0
2.11301 748.028 748.028 1 1 0
2.11804 748.523 748.523 1 1 0
2.12308 749.019 749.019 1 1 0
2.12812 749.514 749.514 1 1 0
2.13317 750.009 750.009 1 1 0
2.13822 750.505 750.505 1 1 0
2.14328 751 751 1 1 0
2.14834 751.495 751.495 1 1 0
2.15341 751.991 751.991 1 1 0
2.15849 752.486 752.486 1 1 0
2.16357 752.982 752.982 1 1 0
2.16865 753.477 753.477 1 1 0
2.17374 753.973 753.973 1 1 0
2.17883 754.468 754.468 1 1 0
2.18393 754.964 754.964 1 1 0
2.18904 755.459 755.459 1 1 0
2.19415 755.955 755.955 1 1 0
2.19927 756.45 756.45 1 1 0
2.20439 756.946 756.946 1 1 0
2.20951 757.441 757.441 1 1 0
2.21464 757.937 757.937 1 1 0
2.21978 758.433 758.433 1 1 0
2.22492 758.928 758.928 1 1 0
2.23006 759.424 759.424 1 1 0
2.23521 759.92 759.92 1 1 0
2.24037 760.415 760.415 1 1 0
2.24553 760.911 760.911 1 1 0
2.2507 761.407 761.407 1 1 0
2.25587 761.903 761.903 1 1 0
2.26104 762.399 762.399 1 1 0
2.26622 762.894 762.894 1 1 0
2.27141 763.39 763.39 1 1 0
2.2766 763.886 763.886 1 1 0
2.28179 764.382 764.382 1 1 0
2.28699 764.878 764.878 1 1 0
2.2922 765.374 765.374 1 1 0
2.29741 765.869 765.869 1 1 0
2.30262 766.365 766.365 1 1 0
2.30784 766.861 766.861 1 1 0
2.31307 767.357 767.357 1 1 0
2.3183 767.853 767.853 1 1 0
2.32353 768.349 768.349 1 1 0
2.32877 768.845 768.845 1 1 0
2.33401 769.341 769.341 1 1 0
2.33926 769.837 769.837 1 1 0
2.34452 770.333 770.333 1 1 0
2.34977 770.829 770.829 1 1 0
2.35504 771.325 771.325 1 1 0
2.3603 771.822 771.822 1 1 0
2.36558 772.318 772.318 1 1 0
2.37085 772.814 772.814 1 1 0
2.37613 773.31 773.31 1 1 0
2.38142 773.806 773.806 1 1 0
2.38671 774.302 774.302 1 1 0
2.39201 774.799 774.799 1 1 0
2.39731 775.295 775.295 1 1 0
2.40261 775.791 775.791 1 1 0
2.40792 776.287 776.287 1 1 0
2.41324 776.783 776.783 1 1 0
2.41856 777.28 777.28 1 1 0
2.42388 777.776 777.776 1 1 0
2.42921 778.272 778.272 1 1 0
2.43454 778.769 778.769 1 1 0
2.43988 779.265 779.265 1 1 0
2.44522 779.761 779.761 1 1 0
2.45057 780.258 780.258 1 1 0
2.45592 780.754 780.754 1 1 0
2.46127 781.25 781.25 1 1 0
2.46663 781.747 781.747 1 1 0
2.472 782.243 782.243 1 1 0
2.47737 782.74 782.74 1 1 0
2.48274 783.236 783.236 1 1 0
2.48812 783.733 783.733 1 1 0
2.4935 784.229 784.229 1 1 0
2.49889 784.726 784.726 1 1 0
2.50428 785.222 785.222 1 1 0
2.50967 785.719 785.719 1 1 0
2.51508 786.215 786.215 1 1 0
2.52048 786.712 786.712 1 1 0
2.52589 787.208 787.208 1 1 0
2.5313 787.705 787.705 1 1 0
2.53672 788.201 788.201 1 1 0
2.54214 788.698 788.698 1 1 0
2.54757 789.195 789.195 1 1 0
2.553 789.691 789.691 1 1 0
2.55844 790.188 790.188 1 1 0
2.56388 790.685 790.685 1 1 0
2.56932 791.181 791.181 1 1 0
2.57477 791.678 791.678 1 1 0
2.58022 792.175 792.175 1 1 0
2.58568 792.671 792.671 1 1 0
2.59114 793.168 793.168 1 1 0
2.5966 793.665 793.665 1 1 0
2.60207 794.162 794.162 1 1 0
2.60755 794.658 794.658 1 1 0
1 70.4742 70.4742 2 1 0
0.999498 70.4343 70.4343 1 1 0
0.998996 70.3944 70.3944 1 1 0
0.997991 70.3146 70.3146 1 1 0
0.99598 70.1549 70.1549 1 1 0
0.991953 69.8357 69.8357 1 1 0
0.985647 69.3369 69.3369 1 1 0
0.979324 68.838 68.838 1 1 0
0.972985 68.3391 68.3391 1 1 0
0.966628 67.8402 67.8402 1 1 0
0.960255 67.3413 67.3413 1 1 0
0.953865 66.8423 66.8423 1 1 0
0.947459 66.3433 66.3433 1 1 0
0.941037 65.8442 65.8442 1 1 0
0.934599 65.3452 65.3452 1 1 0
0.928145 64.8461 64.8461 1 1 0
0.921674 64.347 64.347 1 1 0
0.915188 63.8478 63.8478 1 1 0
0.908687 63.3487 63.3487 1 1 0
0.90217 62.8495 62.8495 1 1 0
0.895637 62.3503 62.3503 1 1 0
0.889089 61.851 61.851 1 1 0
0.882526 61.3518 61.3518 1 1 0
0.875948 60.8525 60.8525 1 1 0
0.869354 60.3532 60.3532 1 1 0
0.862746 59.8539 59.8539 1 1 0
0.856124 59.3545 59.3545 1 1 0
0.849486 58.8552 58.8552 1 1 0
0.842834 58.3558 58.3558 1 1 0
0.836168 57.8564 57.8564 1 1 0
0.829488 57.357 57.357 1 1 0
0.822793 56.8575 56.8575 1 1 0
0.816085 56.3581 56.3581 1 1 0
0.809362 55.8586 55.8586 1 1 0
0.802626 55.3591 55.3591 1 1 0
0.795876 54.8596 54.8596 1 1 0
0.789113 54.3601 54.3601 1 1 0
0.782336 53.8606 53.8606 1 1 0
0.775547 53.361 53.361 1 1 0
0.768743 52.8614 52.8614 1 1 0
0.761927 52.3619 52.3619 1 1 0
0.755098 51.8623 51.8623 1 1 0
0.748256 51.3627 51.3627 1 1 0
0.741402 50.863 50.863 1 1 0
0.734535 50.3634 50.3634 1 1 0
0.727655 49.8638 49.8638 1 1 0
0.720763 49.3641 49.3641 1 1 0
0.71386 48.8644 48.8644 1 1 0
0.706944 48.3648 48.3648 1 1 0
0.700016 47.8651 47.8651 1 1 0
0.693076 47.3654 47.3654 1 1 0
0.686124 46.8657 46.8657 1 1 0
0.679161 46.366 46.366 1 1 0
0.672187 45.8662 45.8662 1 1 0
0.665201 45.3665 45.3665 1 1 0
0.658204 44.8667 44.8667 1 1 0
0.651196 44.367 44.367 1 1 0
0.644177 43.8672 43.8672 1 1 0
0.637147 43.3674 43.3674 1 1 0
0.630107 42.8677 42.8677 1 1 0
0.623056 42.3679 42.3679 1 1 0
0.615994 41.8681 41.8681 1 1 0
0.608922 41.3683 41.3683 1 1 0
0.60184 40.8685 40.8685 1 1 0
0.594748 40.3687 40.3687 1 1 0
0.587646 39.8688 39.8688 1 1 0
0.580534 39.369 39.369 1 1 0
0.573412 38.8692 38.8692 1 1 0
0.566281 38.3693 38.3693 1 1 0
0.55914 37.8695 37.8695 1 1 0
0.55199 37.3696 37.3696 1 1 0
0.54483 36.8698 36.8698 1 1 0
0.537662 36.3699 36.3699 1 1 0
0.530484 35.8701 35.8701 1 1 0
0.523298 35.3702 35.3702 1 1 0
0.516103 34.8703 34.8703 1 1 0
0.508899 34.3704 34.3704 1 1 0
0.501687 33.8705 33.8705 1 1 0
0.494467 33.3707 33.3707 1 1 0
0.487238 32.8708 32.8708 1 1 0
0.480001 32.3709 32.3709 1 1 0
0.472756 31.871 31.871 1 1 0
0.465504 31.3711 31.3711 1 1 0
0.458243 30.8712 30.8712 1 1 0
0.450975 30.3713 30.3713 1 1 0
0.4437 29.8714 29.8714 1 1 0
0.436417 29.3715 29.3715 1 1 0
0.429126 28.8716 28.8716 1 1 0
0.421829 28.3716 28.3716 1 1 0
0.414525 27.8717 27.8717 1 1 0
0.407214 27.3718 27.3718 1 1 0
0.399896 26.8719 26.8719 1 1 0
0.392571 26.372 26.372 1 1 0
0.38524 25.872 25.872 1 1 0
0.377903 25.3721 25.3721 1 1 0
0.370559 24.8722 24.8722 1 1 0
0.363209 24.3723 24.3723 1 1 0
0.355854 23.8723 23.8723 1 1 0
0.348492 23.3724 23.3724 1 1 0
0.341124 22.8725 22.8725 1 1 0
0.333751 22.3725 22.3725 1 1 0
0.326373 21.8726 21.8726 1 1 0
0.318989 21.3727 21.3727 1 1 0
0.311599 20.8727 20.8727 1 1 0
0.304205 20.3728 20.3728 1 1 0
0.296805 19.8729 19.8729 1 1 0
0.289401 19.3729 19.3729 1 1 0
0.281992 18.873 18.873 1 1 0
0.274578 18.373 18.373 1 1 0
0.26716 17.8731 17.8731 1 1 0
0.259737 17.3732 17.3732 1 1 0
0.25231 16.8732 16.8732 1 1 0
0.244879 16.3733 16.3733 1 1 0
0.237444 15.8733 15.8733 1 1 0
0.230005 15.3734 15.3734 1 1 0
0.222562 14.8735 14.8735 1 1 0
0.215116 14.3735 14.3735 1 1 0
0.207666 13.8736 13.8736 1 1 0
0.200212 13.3736 13.3736 1 1 0
0.192755 12.8737 12.8737 1 1 0
0.185295 12.3737 12.3737 1 1 0
0.177832 11.8738 11.8738 1 1 0
0.170367 11.3739 11.3739 1 1 0
0.162898 10.8739 10.8739 1 1 0
0.155426 10.374 10.374 1 1 0
0.147953 9.87403 9.87403 1 1 0
0.140476 9.37409 9.37409 1 1 0
0.132997 8.87414 8.87414 1 1 0
0.125517 8.3742 8.3742 1 1 0
0.118034 7.87426 7.87426 1 1 0
0.110549 7.37431 7.37431 1 1 0
0.103062 6.87437 6.87437 1 1 0
0.0955739 6.37442 6.37442 1 1 0
0.0880839 5.87448 5.87448 1 1 0
0.0805926 5.37454 5.37454 1 1 0
0.0730999 4.87459 4.87459 1 1 0
0.065606 4.37465 4.37465 1 1 0
0.058111 3.8747 3.8747 1 1 0
0.0506151 3.37476 3.37476 1 1 0
0.0431184 2.87482 2.87482 1 1 0
0.0356209 2.37487 2.37487 1 1 0
0.0281229 1.87493 1.87493 1 1 0
0.0206244 1.37499 1.37499 1 1 0
0.0131255 0.875042 0.875042 1 1 0
0.00562646 0.375098 0.375098 1 1 0
-0.00187269 -0.124846 -0.124846 1 1 0
