1 1.63178 1.63178 2 1 0
1.0005 1.63454 1.63454 1 1 0
1.001 1.6373 1.6373 1 1 0
1.00201 1.64283 1.64283 1 1 0
1.00401 1.65393 1.65393 1 1 0
1.00802 1.67628 1.67628 1 1 0
1.01426 1.71159 1.71159 1 1 0
1.02049 1.74739 1.74739 1 1 0
1.0267 1.78367 1.78367 1 1 0
1.03289 1.82045 1.82045 1 1 0
1.03907 1.85772 1.85772 1 1 0
1.04522 1.89548 1.89548 1 1 0
1.05136 1.93374 1.93374 1 1 0
1.05748 1.9725 1.9725 1 1 0
1.06358 2.01177 2.01177 1 1 0
1.06967 2.05155 2.05155 1 1 0
1.07573 2.09184 2.09184 1 1 0
1.08178 2.13263 2.13263 1 1 0
1.08781 2.17395 2.17395 1 1 0
1.09381 2.21578 2.21578 1 1 0
1.09981 2.25814 2.25814 1 1 0
1.10578 2.30102 2.30102 1 1 0
1.11173 2.34442 2.34442 1 1 0
1.11766 2.38836 2.38836 1 1 0
1.12357 2.43283 2.43283 1 1 0
1.12947 2.47783 2.47783 1 1 0
1.13534 2.52338 2.52338 1 1 0
1.1412 2.56946 2.56946 1 1 0
1.14703 2.61608 2.61608 1 1 0
1.15285 2.66325 2.66325 1 1 0
1.15864 2.71097 2.71097 1 1 0
1.16442 2.75924 2.75924 1 1 0
1.17017 2.80807 2.80807 1 1 0
1.17591 2.85745 2.85745 1 1 0
1.18162 2.90739 2.90739 1 1 0
1.18731 2.95789 2.95789 1 1 0
1.19299 3.00895 3.00895 1 1 0
1.19864 3.06058 3.06058 1 1 0
1.20427 3.11278 3.11278 1 1 0
1.20988 3.16555 3.16555 1 1 0
1.21547 3.2189 3.2189 1 1 0
1.22104 3.27282 3.27282 1 1 0
1.22659 3.32732 3.32732 1 1 0
1.23211 3.3824 3.3824 1 1 0
1.23762 3.43806 3.43806 1 1 0
1.2431 3.49431 3.49431 1 1 0
1.24856 3.55115 3.55115 1 1 0
1.254 3.60857 3.60857 1 1 0
1.25942 3.66659 3.66659 1 1 0
1.26482 3.72521 3.72521 1 1 0
1.27019 3.78442 3.78442 1 1 0
1.27554 3.84423 3.84423 1 1 0
1.28087 3.90464 3.90464 1 1 0
1.28618 3.96566 3.96566 1 1 0
1.29147 4.02728 4.02728 1 1 0
1.29673 4.08951 4.08951 1 1 0
1.30197 4.15235 4.15235 1 1 0
1.30719 4.2158 4.2158 1 1 0
1.31239 4.27987 4.27987 1 1 0
1.31756 4.34456 4.34456 1 1 0
1.32271 4.40986 4.40986 1 1 0
1.32783 4.47578 4.47578 1 1 0
1.33294 4.54233 4.54233 1 1 0
1.33802 4.6095 4.6095 1 1 0
1.34308 4.67729 4.67729 1 1 0
1.34811 4.74572 4.74572 1 1 0
1.35312 4.81477 4.81477 1 1 0
1.35811 4.88446 4.88446 1 1 0
1.36307 4.95478 4.95478 1 1 0
1.36801 5.02574 5.02574 1 1 0
1.37293 5.09733 5.09733 1 1 0
1.37782 5.16957 5.16957 1 1 0
1.38269 5.24244 5.24244 1 1 0
1.38754 5.31596 5.31596 1 1 0
1.39236 5.39013 5.39013 1 1 0
1.39715 5.46494 5.46494 1 1 0
1.40193 5.5404 5.5404 1 1 0
1.40668 5.6165 5.6165 1 1 0
1.4114 5.69326 5.69326 1 1 0
1.4161 5.77068 5.77068 1 1 0
1.42077 5.84874 5.84874 1 1 0
1.42543 5.92747 5.92747 1 1 0
1.43005 6.00685 6.00685 1 1 0
1.43465 6.08689 6.08689 1 1 0
1.43923 6.16759 6.16759 1 1 0
1.44378 6.24895 6.24895 1 1 0
1.44831 6.33098 6.33098 1 1 0
1.45281 6.41367 6.41367 1 1 0
1.45729 6.49703 6.49703 1 1 0
1.46174 6.58105 6.58105 1 1 0
1.46617 6.66575 6.66575 1 1 0
1.47057 6.75111 6.75111 1 1 0
1.47495 6.83715 6.83715 1 1 0
1.4793 6.92386 6.92386 1 1 0
1.48362 7.01124 7.01124 1 1 0
1.48792 7.0993 7.0993 1 1 0
1.4922 7.18804 7.18804 1 1 0
1.49645 7.27745 7.27745 1 1 0
1.50067 7.36754 7.36754 1 1 0
1.50487 7.45831 7.45831 1 1 0
1.50904 7.54976 7.54976 1 1 0
1.51319 7.6419 7.6419 1 1 0
1.51731 7.73471 7.73471 1 1 0
1.5214 7.82822 7.82822 1 1 0
1.52547 7.9224 7.9224 1 1 0
1.52952 8.01727 8.01727 1 1 0
1.53353 8.11283 8.11283 1 1 0
1.53752 8.20907 8.20907 1 1 0
1.54149 8.30601 8.30601 1 1 0
1.54543 8.40363 8.40363 1 1 0
1.54934 8.50194 8.50194 1 1 0
1.55323 8.60095 8.60095 1 1 0
1.55709 8.70064 8.70064 1 1 0
1.56092 8.80103 8.80103 1 1 0
1.56473 8.90211 8.90211 1 1 0
1.56851 9.00389 9.00389 1 1 0
1.57226 9.10635 9.10635 1 1 0
1.57599 9.20952 9.20952 1 1 0
1.57969 9.31337 9.31337 1 1 0
1.58337 9.41793 9.41793 1 1 0
1.58701 9.52318 9.52318 1 1 0
1.59064 9.62913 9.62913 1 1 0
1.59423 9.73577 9.73577 1 1 0
1.5978 9.84311 9.84311 1 1 0
1.60134 9.95116 9.95116 1 1 0
1.60485 10.0599 10.0599 1 1 0
1.60834 10.1693 10.1693 1 1 0
1.6118 10.2795 10.2795 1 1 0
1.61524 10.3903 10.3903 1 1 0
1.61864 10.5018 10.5018 1 1 0
1.62202 10.6141 10.6141 1 1 0
1.62538 10.727 10.727 1 1 0
1.6287 10.8407 10.8407 1 1 0
1.632 10.955 10.955 1 1 0
1.63527 11.07 11.07 1 1 0
1.63852 11.1858 11.1858 1 1 0
1.64174 11.3022 11.3022 1 1 0
1.64493 11.4194 11.4194 1 1 0
1.64809 11.5372 11.5372 1 1 0
1.65123 11.6558 11.6558 1 1 0
1.65434 11.775 11.775 1 1 0
1.65742 11.895 11.895 1 1 0
1.66048 12.0156 12.0156 1 1 0
1.6635 12.137 12.137 1 1 0
1.66651 12.259 12.259 1 1 0
1.66948 12.3818 12.3818 1 1 0
1.67243 12.5052 12.5052 1 1 0
1.67535 12.6294 12.6294 1 1 0
1.67824 12.7542 12.7542 1 1 0
1.6811 12.8798 12.8798 1 1 0
1.68394 13.006 13.006 1 1 0
1.68675 13.133 13.133 1 1 0
1.68954 13.2606 13.2606 1 1 0
1.69229 13.389 13.389 1 1 0
1.69502 13.518 13.518 1 1 0
1.69772 13.6478 13.6478 1 1 0
1.7004 13.7782 13.7782 1 1 0
1.70305 13.9094 13.9094 1 1 0
1.70567 14.0412 14.0412 1 1 0
1.70826 14.1737 14.1737 1 1 0
1.71083 14.307 14.307 1 1 0
1.71336 14.4409 14.4409 1 1 0
1.71588 14.5755 14.5755 1 1 0
1.71836 14.7108 14.7108 1 1 0
1.72082 14.8468 14.8468 1 1 0
1.72325 14.9835 14.9835 1 1 0
1.72565 15.1209 15.1209 1 1 0
1.72802 15.259 15.259 1 1 0
1.73037 15.3977 15.3977 1 1 0
1.73269 15.5372 15.5372 1 1 0
1.73499 15.6773 15.6773 1 1 0
1.73726 15.8182 15.8182 1 1 0
1.7395 15.9597 15.9597 1 1 0
1.74171 16.1019 16.1019 1 1 0
1.74389 16.2448 16.2448 1 1 0
1.74605 16.3884 16.3884 1 1 0
1.74819 16.5326 16.5326 1 1 0
1.75029 16.6776 16.6776 1 1 0
1.75237 16.8232 16.8232 1 1 0
1.75442 16.9695 16.9695 1 1 0
1.75644 17.1165 17.1165 1 1 0
1.75844 17.2641 17.2641 1 1 0
1.76041 17.4125 17.4125 1 1 0
1.76235 17.5615 17.5615 1 1 0
1.76427 17.7112 17.7112 1 1 0
1.76616 17.8616 17.8616 1 1 0
1.76802 18.0126 18.0126 1 1 0
1.76986 18.1643 18.1643 1 1 0
1.77167 18.3167 18.3167 1 1 0
1.77345 18.4697 18.4697 1 1 0
1.77521 18.6235 18.6235 1 1 0
1.77694 18.7778 18.7778 1 1 0
1.77864 18.9329 18.9329 1 1 0
1.78032 19.0886 19.0886 1 1 0
1.78197 19.245 19.245 1 1 0
1.78359 19.402 19.402 1 1 0
1.78519 19.5597 19.5597 1 1 0
1.78676 19.7181 19.7181 1 1 0
1.78831 19.8771 19.8771 1 1 0
1.78983 20.0368 20.0368 1 1 0
1.78983 20.0368 20.0368 2 1 0
1.78995 20.0496 20.0496 1 1 0
1.79007 20.0624 20.0624 1 1 0
1.79031 20.088 20.088 1 1 0
1.79078 20.1393 20.1393 1 1 0
1.79173 20.2421 20.2421 1 1 0
1.79319 20.4033 20.4033 1 1 0
1.79462 20.5651 20.5651 1 1 0
1.79603 20.7276 20.7276 1 1 0
1.79741 20.8907 20.8907 1 1 0
1.79876 21.0545 21.0545 1 1 0
1.80009 21.2189 21.2189 1 1 0
1.8014 21.384 21.384 1 1 0
1.80267 21.5497 21.5497 1 1 0
1.80392 21.716 21.716 1 1 0
1.80515 21.883 21.883 1 1 0
1.80635 22.0506 22.0506 1 1 0
1.80752 22.2189 22.2189 1 1 0
1.80867 22.3878 22.3878 1 1 0
1.80979 22.5573 22.5573 1 1 0
1.81089 22.7274 22.7274 1 1 0
1.81196 22.8982 22.8982 1 1 0
1.81301 23.0696 23.0696 1 1 0
1.81403 23.2417 23.2417 1 1 0
1.81502 23.4144 23.4144 1 1 0
1.81599 23.5876 23.5876 1 1 0
1.81694 23.7616 23.7616 1 1 0
1.81786 23.9361 23.9361 1 1 0
1.81875 24.1112 24.1112 1 1 0
1.81962 24.287 24.287 1 1 0
1.82046 24.4634 24.4634 1 1 0
1.82128 24.6404 24.6404 1 1 0
1.82208 24.818 24.818 1 1 0
1.82285 24.9962 24.9962 1 1 0
1.8236 25.175 25.175 1 1 0
1.82432 25.3544 25.3544 1 1 0
1.82501 25.5344 25.5344 1 1 0
1.82568 25.7151 25.7151 1 1 0
1.82633 25.8963 25.8963 1 1 0
1.82695 26.0781 26.0781 1 1 0
1.82755 26.2605 26.2605 1 1 0
1.82813 26.4435 26.4435 1 1 0
1.82868 26.6271 26.6271 1 1 0
1.8292 26.8113 26.8113 1 1 0
1.8297 26.9961 26.9961 1 1 0
1.83018 27.1815 27.1815 1 1 0
1.83064 27.3674 27.3674 1 1 0
1.83107 27.5539 27.5539 1 1 0
1.83147 27.741 27.741 1 1 0
1.83185 27.9287 27.9287 1 1 0
1.83221 28.117 28.117 1 1 0
1.83255 28.3058 28.3058 1 1 0
1.83286 28.4952 28.4952 1 1 0
1.83315 28.6852 28.6852 1 1 0
1.83341 28.8758 28.8758 1 1 0
1.83366 29.0669 29.0669 1 1 0
1.83387 29.2585 29.2585 1 1 0
1.83407 29.4508 29.4508 1 1 0
1.83424 29.6436 29.6436 1 1 0
1.83439 29.8369 29.8369 1 1 0
1.83452 30.0308 30.0308 1 1 0
1.83462 30.2253 30.2253 1 1 0
1.8347 30.4203 30.4203 1 1 0
1.83476 30.6158 30.6158 1 1 0
1.8348 30.8119 30.8119 1 1 0
1.83481 31.0086 31.0086 1 1 0
1.83481 31.024 31.024 2 1 0
1.8348 31.2213 31.2213 2 1 0
1.83476 31.419 31.419 2 1 0
1.83471 31.6173 31.6173 2 1 0
1.83463 31.8162 31.8162 2 1 0
1.83453 32.0155 32.0155 2 1 0
1.83441 32.2155 32.2155 2 1 0
1.83426 32.4159 32.4159 2 1 0
1.8341 32.6169 32.6169 2 1 0
1.83391 32.8183 32.8183 2 1 0
1.8337 33.0203 33.0203 2 1 0
1.83347 33.2229 33.2229 2 1 0
1.83322 33.4259 33.4259 2 1 0
1.83294 33.6295 33.6295 2 1 0
1.83265 33.8336 33.8336 2 1 0
1.83233 34.0381 34.0381 2 1 0
1.83199 34.2432 34.2432 2 1 0
1.83163 34.4488 34.4488 2 1 0
1.83125 34.6549 34.6549 2 1 0
1.83085 34.8616 34.8616 2 1 0
1.83043 35.0687 35.0687 2 1 0
1.82998 35.2763 35.2763 2 1 0
1.82952 35.4844 35.4844 2 1 0
1.82903 35.693 35.693 2 1 0
1.82853 35.9021 35.9021 2 1 0
1.828 36.1116 36.1116 2 1 0
1.82746 36.3217 36.3217 2 1 0
1.82689 36.5322 36.5322 2 1 0
1.8263 36.7433 36.7433 2 1 0
1.8257 36.9548 36.9548 2 1 0
1.82507 37.1667 37.1667 2 1 0
1.82442 37.3792 37.3792 2 1 0
1.82376 37.5921 37.5921 2 1 0
1.82307 37.8055 37.8055 2 1 0
1.82236 38.0194 38.0194 2 1 0
1.82164 38.2337 38.2337 2 1 0
1.82089 38.4485 38.4485 2 1 0
1.82013 38.6638 38.6638 2 1 0
1.81934 38.8795 38.8795 2 1 0
1.81854 39.0957 39.0957 2 1 0
1.81772 39.3123 39.3123 2 1 0
1.81688 39.5294 39.5294 2 1 0
1.81602 39.7469 39.7469 2 1 0
1.81514 39.9649 39.9649 2 1 0
1.81424 40.1833 40.1833 2 1 0
1.81332 40.4022 40.4022 2 1 0
1.81239 40.6215 40.6215 2 1 0
1.81143 40.8413 40.8413 2 1 0
1.81046 41.0614 41.0614 2 1 0
1.80947 41.2821 41.2821 2 1 0
1.80846 41.5031 41.5031 2 1 0
1.80743 41.7246 41.7246 2 1 0
1.80638 41.9465 41.9465 2 1 0
1.80532 42.1688 42.1688 2 1 0
1.80424 42.3916 42.3916 2 1 0
1.80314 42.6147 42.6147 2 1 0
1.80202 42.8383 42.8383 2 1 0
1.80089 43.0623 43.0623 2 1 0
1.79973 43.2868 43.2868 2 1 0
1.79856 43.5116 43.5116 2 1 0
1.79738 43.7368 43.7368 2 1 0
1.79617 43.9625 43.9625 2 1 0
1.79495 44.1885 44.1885 2 1 0
1.79371 44.415 44.415 2 1 0
1.79245 44.6418 44.6418 2 1 0
1.79118 44.8691 44.8691 2 1 0
1.78989 45.0967 45.0967 2 1 0
1.78858 45.3248 45.3248 2 1 0
1.78726 45.5532 45.5532 2 1 0
1.78592 45.782 45.782 2 1 0
1.78456 46.0112 46.0112 2 1 0
1.78319 46.2408 46.2408 2 1 0
1.7818 46.4708 46.4708 2 1 0
1.7804 46.7011 46.7011 2 1 0
1.77898 46.9318 46.9318 2 1 0
1.77754 47.1629 47.1629 2 1 0
1.77608 47.3944 47.3944 2 1 0
1.77461 47.6262 47.6262 2 1 0
1.77313 47.8585 47.8585 2 1 0
1.77163 48.091 48.091 2 1 0
1.77011 48.324 48.324 2 1 0
1.76858 48.5573 48.5573 2 1 0
1.76703 48.7909 48.7909 2 1 0
1.76547 49.0249 49.0249 2 1 0
1.76389 49.2593 49.2593 2 1 0
1.7623 49.494 49.494 2 1 0
1.76069 49.7291 49.7291 2 1 0
1.75907 49.9645 49.9645 2 1 0
1.75743 50.2003 50.2003 2 1 0
1.75578 50.4364 50.4364 2 1 0
1.75411 50.6729 50.6729 2 1 0
1.75243 50.9097 50.9097 2 1 0
1.75073 51.1468 51.1468 2 1 0
1.74902 51.3843 51.3843 2 1 0
1.74729 51.6221 51.6221 2 1 0
1.74555 51.8602 51.8602 2 1 0
1.7438 52.0986 52.0986 2 1 0
1.74203 52.3374 52.3374 2 1 0
1.74025 52.5765 52.5765 2 1 0
1.73845 52.816 52.816 2 1 0
1.73664 53.0557 53.0557 2 1 0
1.73482 53.2958 53.2958 2 1 0
1.73298 53.5362 53.5362 2 1 0
1.73113 53.7768 53.7768 2 1 0
1.72927 54.0179 54.0179 2 1 0
1.72739 54.2592 54.2592 2 1 0
1.7255 54.5008 54.5008 2 1 0
1.7236 54.7427 54.7427 2 1 0
1.72168 54.9849 54.9849 2 1 0
1.71975 55.2275 55.2275 2 1 0
1.71781 55.4703 55.4703 2 1 0
1.71585 55.7134 55.7134 2 1 0
1.71388 55.9568 55.9568 2 1 0
1.7119 56.2005 56.2005 2 1 0
1.70991 56.4445 56.4445 2 1 0
1.7079 56.6888 56.6888 2 1 0
1.70588 56.9334 56.9334 2 1 0
1.70385 57.1782 57.1782 2 1 0
1.70181 57.4234 57.4234 2 1 0
1.69976 57.6688 57.6688 2 1 0
1.69769 57.9145 57.9145 2 1 0
1.69561 58.1605 58.1605 2 1 0
1.69352 58.4067 58.4067 2 1 0
1.69141 58.6532 58.6532 2 1 0
1.6893 58.9 58.9 2 1 0
1.68717 59.147 59.147 2 1 0
1.68504 59.3943 59.3943 2 1 0
1.68289 59.6419 59.6419 2 1 0
1.68073 59.8897 59.8897 2 1 0
1.67856 60.1378 60.1378 2 1 0
1.67637 60.3862 60.3862 2 1 0
1.67418 60.6348 60.6348 2 1 0
1.67197 60.8837 60.8837 2 1 0
1.66976 61.1328 61.1328 2 1 0
1.66976 61.1328 61.1328 2 1 0
1.66958 61.1527 61.1527 2 1 0
1.6694 61.1726 61.1726 2 1 0
1.66905 61.2125 61.2125 2 1 0
1.66833 61.2923 61.2923 2 1 0
1.66691 61.452 61.452 2 1 0
1.66466 61.7017 61.7017 2 1 0
1.66241 61.9516 61.9516 2 1 0
1.66015 62.2017 62.2017 2 1 0
1.65788 62.4521 62.4521 2 1 0
1.6556 62.7028 62.7028 2 1 0
1.6533 62.9536 62.9536 2 1 0
1.651 63.2047 63.2047 2 1 0
1.64869 63.4561 63.4561 2 1 0
1.64636 63.7076 63.7076 2 1 0
1.64403 63.9594 63.9594 2 1 0
1.64169 64.2114 64.2114 2 1 0
1.63933 64.4637 64.4637 2 1 0
1.63697 64.7162 64.7162 2 1 0
1.6346 64.9688 64.9688 2 1 0
1.63222 65.2217 65.2217 2 1 0
1.62983 65.4749 65.4749 2 1 0
1.62743 65.7282 65.7282 2 1 0
1.62502 65.9818 65.9818 2 1 0
1.6226 66.2355 66.2355 2 1 0
1.62017 66.4895 66.4895 2 1 0
1.61773 66.7437 66.7437 2 1 0
1.61528 66.998 66.998 2 1 0
1.61283 67.2526 67.2526 2 1 0
1.61036 67.5074 67.5074 2 1 0
1.60789 67.7624 67.7624 2 1 0
1.60541 68.0176 68.0176 2 1 0
1.60292 68.2729 68.2729 2 1 0
1.60042 68.5285 68.5285 2 1 0
1.59791 68.7843 68.7843 2 1 0
1.5954 69.0402 69.0402 2 1 0
1.59287 69.2963 69.2963 2 1 0
1.59034 69.5527 69.5527 2 1 0
1.5878 69.8092 69.8092 2 1 0
1.58525 70.0659 70.0659 2 1 0
1.5827 70.3227 70.3227 2 1 0
1.58013 70.5798 70.5798 2 1 0
1.57756 70.837 70.837 2 1 0
1.57498 71.0944 71.0944 2 1 0
1.5724 71.352 71.352 2 1 0
1.5698 71.6097 71.6097 2 1 0
1.5672 71.8676 71.8676 2 1 0
1.56459 72.1257 72.1257 2 1 0
1.56197 72.384 72.384 2 1 0
1.55935 72.6424 72.6424 2 1 0
1.55672 72.9009 72.9009 2 1 0
1.55408 73.1597 73.1597 2 1 0
1.55144 73.4186 73.4186 2 1 0
1.54879 73.6776 73.6776 2 1 0
1.54613 73.9368 73.9368 2 1 0
1.54346 74.1962 74.1962 2 1 0
1.54079 74.4557 74.4557 2 1 0
1.53811 74.7153 74.7153 2 1 0
1.53542 74.9751 74.9751 2 1 0
1.53273 75.2351 75.2351 2 1 0
1.53004 75.4952 75.4952 2 1 0
1.52733 75.7554 75.7554 2 1 0
1.52462 76.0158 76.0158 2 1 0
1.5219 76.2763 76.2763 2 1 0
1.51918 76.537 76.537 2 1 0
1.51645 76.7978 76.7978 2 1 0
1.51372 77.0587 77.0587 2 1 0
1.51098 77.3198 77.3198 2 1 0
1.50823 77.5809 77.5809 2 1 0
1.50548 77.8423 77.8423 2 1 0
1.50272 78.1037 78.1037 2 1 0
1.49996 78.3653 78.3653 2 1 0
1.49719 78.627 78.627 2 1 0
1.49441 78.8888 78.8888 2 1 0
1.49163 79.1507 79.1507 2 1 0
1.48885 79.4128 79.4128 2 1 0
1.48606 79.675 79.675 2 1 0
1.48326 79.9372 79.9372 2 1 0
1.48046 80.1997 80.1997 2 1 0
1.47766 80.4622 80.4622 2 1 0
1.47485 80.7248 80.7248 2 1 0
1.47203 80.9875 80.9875 2 1 0
1.46922 81.2504 81.2504 2 1 0
1.46639 81.5133 81.5133 2 1 0
1.46356 81.7764 81.7764 2 1 0
1.46073 82.0395 82.0395 2 1 0
1.45789 82.3028 82.3028 2 1 0
1.45505 82.5661 82.5661 2 1 0
1.4522 82.8296 82.8296 2 1 0
1.44935 83.0931 83.0931 2 1 0
1.4465 83.3568 83.3568 2 1 0
1.44364 83.6205 83.6205 2 1 0
1.44078 83.8843 83.8843 2 1 0
1.43791 84.1482 84.1482 2 1 0
1.43504 84.4122 84.4122 2 1 0
1.43216 84.6763 84.6763 2 1 0
1.42928 84.9405 84.9405 2 1 0
1.4264 85.2047 85.2047 2 1 0
1.42352 85.4691 85.4691 2 1 0
1.42063 85.7335 85.7335 2 1 0
1.41774 85.998 85.998 2 1 0
1.41484 86.2625 86.2625 2 1 0
1.41194 86.5272 86.5272 2 1 0
1.40904 86.7919 86.7919 2 1 0
1.40613 87.0567 87.0567 2 1 0
1.40322 87.3216 87.3216 2 1 0
1.40031 87.5865 87.5865 2 1 0
1.3974 87.8515 87.8515 2 1 0
1.39448 88.1165 88.1165 2 1 0
1.39156 88.3817 88.3817 2 1 0
1.38863 88.6469 88.6469 2 1 0
1.38571 88.9121 88.9121 2 1 0
1.38278 89.1774 89.1774 2 1 0
1.37985 89.4428 89.4428 2 1 0
1.37691 89.7082 89.7082 2 1 0
1.37398 89.9737 89.9737 2 1 0
1.37104 90.2392 90.2392 2 1 0
1.3681 90.5048 90.5048 2 1 0
1.36515 90.7705 90.7705 2 1 0
1.36221 91.0361 91.0361 2 1 0
1.35926 91.3019 91.3019 2 1 0
1.35631 91.5677 91.5677 2 1 0
1.35336 91.8335 91.8335 2 1 0
1.3504 92.0993 92.0993 2 1 0
1.34745 92.3653 92.3653 2 1 0
1.34449 92.6312 92.6312 2 1 0
1.34153 92.8972 92.8972 2 1 0
1.33857 93.1632 93.1632 2 1 0
1.33561 93.4293 93.4293 2 1 0
1.33264 93.6954 93.6954 2 1 0
1.32968 93.9615 93.9615 2 1 0
1.32671 94.2277 94.2277 2 1 0
1.32374 94.4939 94.4939 2 1 0
1.32077 94.7601 94.7601 2 1 0
1.3178 95.0263 95.0263 2 1 0
1.31483 95.2926 95.2926 2 1 0
1.31186 95.5589 95.5589 2 1 0
1.30889 95.8252 95.8252 2 1 0
1.30591 96.0916 96.0916 2 1 0
1.30293 96.3579 96.3579 2 1 0
1.29996 96.6243 96.6243 2 1 0
1.29698 96.8907 96.8907 2 1 0
1.294 97.1571 97.1571 2 1 0
1.29102 97.4236 97.4236 2 1 0
1.28804 97.69 97.69 2 1 0
1.28506 97.9565 97.9565 2 1 0
1.28208 98.2229 98.2229 2 1 0
1.2791 98.4894 98.4894 2 1 0
1.27612 98.7559 98.7559 2 1 0
1.27314 99.0224 99.0224 2 1 0
1.27016 99.2889 99.2889 2 1 0
1.26718 99.5554 99.5554 2 1 0
1.2642 99.8219 99.8219 2 1 0
1.26121 100.088 100.088 2 1 0
1.25823 100.355 100.355 2 1 0
1.25525 100.621 100.621 2 1 0
1.25227 100.888 100.888 2 1 0
1.24929 101.154 101.154 2 1 0
1.24631 101.421 101.421 2 1 0
1.24333 101.687 101.687 2 1 0
1.24034 101.954 101.954 2 1 0
1.23736 102.22 102.22 2 1 0
1.23439 102.487 102.487 2 1 0
1.23141 102.753 102.753 2 1 0
1.22843 103.02 103.02 2 1 0
1.22545 103.286 103.286 2 1 0
1.22247 103.552 103.552 2 1 0
1.2195 103.819 103.819 2 1 0
1.21652 104.085 104.085 2 1 0
1.21355 104.351 104.351 2 1 0
1.21057 104.618 104.618 2 1 0
1.2076 104.884 104.884 2 1 0
1.20463 105.15 105.15 2 1 0
1.20166 105.417 105.417 2 1 0
1.19869 105.683 105.683 2 1 0
1.19572 105.949 105.949 2 1 0
1.19276 106.215 106.215 2 1 0
1.18979 106.481 106.481 2 1 0
1.18683 106.747 106.747 2 1 0
1.18387 107.013 107.013 2 1 0
1.1809 107.279 107.279 2 1 0
1.17795 107.545 107.545 2 1 0
1.17499 107.811 107.811 2 1 0
1.17203 108.077 108.077 2 1 0
1.16908 108.343 108.343 2 1 0
1.16613 108.609 108.609 2 1 0
1.16318 108.875 108.875 2 1 0
1.16023 109.141 109.141 2 1 0
1.15728 109.406 109.406 2 1 0
1.15434 109.672 109.672 2 1 0
1.15139 109.938 109.938 2 1 0
1.14845 110.203 110.203 2 1 0
1.14552 110.469 110.469 2 1 0
1.14258 110.734 110.734 2 1 0
1.13965 110.999 110.999 2 1 0
1.13672 111.265 111.265 2 1 0
1.13379 111.53 111.53 2 1 0
1.13086 111.795 111.795 2 1 0
1.12794 112.061 112.061 2 1 0
1.12502 112.326 112.326 2 1 0
1.12502 112.326 112.326 2 1 0
1.12478 112.347 112.347 2 1 0
1.12455 112.368 112.368 2 1 0
1.12408 112.411 112.411 2 1 0
1.12315 112.495 112.495 2 1 0
1.12128 112.665 112.665 2 1 0
1.11836 112.93 112.93 2 1 0
1.11545 113.195 113.195 2 1 0
1.11254 113.46 113.46 2 1 0
1.10964 113.725 113.725 2 1 0
1.10673 113.989 113.989 2 1 0
1.10383 114.254 114.254 2 1 0
1.10093 114.519 114.519 2 1 0
1.09804 114.783 114.783 2 1 0
1.09515 115.048 115.048 2 1 0
1.09226 115.312 115.312 2 1 0
1.08937 115.576 115.576 2 1 0
1.08649 115.841 115.841 2 1 0
1.08361 116.105 116.105 2 1 0
1.08074 116.369 116.369 2 1 0
1.07786 116.633 116.633 2 1 0
1.075 116.897 116.897 2 1 0
1.07213 117.161 117.161 2 1 0
1.06927 117.425 117.425 2 1 0
1.06641 117.688 117.688 2 1 0
1.06356 117.952 117.952 2 1 0
1.06071 118.215 118.215 2 1 0
1.05786 118.479 118.479 2 1 0
1.05502 118.742 118.742 2 1 0
1.05218 119.006 119.006 2 1 0
1.04934 119.269 119.269 2 1 0
1.04651 119.532 119.532 2 1 0
1.04369 119.795 119.795 2 1 0
1.04086 120.058 120.058 2 1 0
1.03804 120.321 120.321 2 1 0
1.03523 120.583 120.583 2 1 0
1.03242 120.846 120.846 2 1 0
1.02961 121.109 121.109 2 1 0
1.02681 121.371 121.371 2 1 0
1.02401 121.633 121.633 2 1 0
1.02122 121.896 121.896 2 1 0
1.01843 122.158 122.158 2 1 0
1.01565 122.42 122.42 2 1 0
1.01287 122.682 122.682 2 1 0
1.01009 122.944 122.944 2 1 0
1.00732 123.205 123.205 2 1 0
1.00455 123.467 123.467 2 1 0
1.00179 123.728 123.728 2 1 0
0.999037 123.99 123.99 2 1 0
0.996286 124.251 124.251 2 1 0
0.993539 124.512 124.512 2 1 0
0.990798 124.773 124.773 2 1 0
0.988061 125.034 125.034 2 1 0
0.985329 125.295 125.295 2 1 0
0.982602 125.556 125.556 2 1 0
0.979881 125.817 125.817 2 1 0
0.977164 126.077 126.077 2 1 0
0.974453 126.338 126.338 2 1 0
0.971747 126.598 126.598 2 1 0
0.969046 126.858 126.858 2 1 0
0.966351 127.118 127.118 2 1 0
0.963661 127.378 127.378 2 1 0
0.960976 127.638 127.638 2 1 0
0.958297 127.897 127.897 2 1 0
0.955623 128.157 128.157 2 1 0
0.952955 128.416 128.416 2 1 0
0.950292 128.676 128.676 2 1 0
0.947636 128.935 128.935 2 1 0
0.944984 129.194 129.194 2 1 0
0.942339 129.453 129.453 2 1 0
0.939699 129.711 129.711 2 1 0
0.937065 129.97 129.97 2 1 0
0.934437 130.229 130.229 2 1 0
0.931815 130.487 130.487 2 1 0
0.929199 130.745 130.745 2 1 0
0.926588 131.003 131.003 2 1 0
0.923984 131.261 131.261 2 1 0
0.921386 131.519 131.519 2 1 0
0.918794 131.777 131.777 2 1 0
0.916208 132.034 132.034 2 1 0
0.913628 132.292 132.292 2 1 0
0.911055 132.549 132.549 2 1 0
0.908488 132.806 132.806 2 1 0
0.905927 133.063 133.063 2 1 0
0.903372 133.32 133.32 2 1 0
0.900824 133.577 133.577 2 1 0
0.898283 133.833 133.833 2 1 0
0.895747 134.09 134.09 2 1 0
0.893219 134.346 134.346 2 1 0
0.890697 134.602 134.602 2 1 0
0.888181 134.858 134.858 2 1 0
0.885672 135.114 135.114 2 1 0
0.88317 135.369 135.369 2 1 0
0.880675 135.625 135.625 2 1 0
0.878186 135.88 135.88 2 1 0
0.875704 136.135 136.135 2 1 0
0.873229 136.39 136.39 2 1 0
0.870761 136.645 136.645 2 1 0
0.8683 136.9 136.9 2 1 0
0.865846 137.155 137.155 2 1 0
0.863398 137.409 137.409 2 1 0
0.860958 137.663 137.663 2 1 0
0.858525 137.917 137.917 2 1 0
0.856099 138.171 138.171 2 1 0
0.85368 138.425 138.425 2 1 0
0.851269 138.679 138.679 2 1 0
0.848864 138.932 138.932 2 1 0
0.846467 139.185 139.185 2 1 0
0.844077 139.438 139.438 2 1 0
0.841695 139.691 139.691 2 1 0
0.83932 139.944 139.944 2 1 0
0.836952 140.197 140.197 2 1 0
0.834592 140.449 140.449 2 1 0
0.832239 140.701 140.701 2 1 0
0.829894 140.953 140.953 2 1 0
0.827556 141.205 141.205 2 1 0
0.825226 141.457 141.457 2 1 0
0.822904 141.708 141.708 2 1 0
0.820589 141.96 141.96 2 1 0
0.818282 142.211 142.211 2 1 0
0.815983 142.462 142.462 2 1 0
0.813692 142.713 142.713 2 1 0
0.811408 142.963 142.963 2 1 0
0.809133 143.214 143.214 2 1 0
0.806865 143.464 143.464 2 1 0
0.804605 143.714 143.714 2 1 0
0.802353 143.964 143.964 2 1 0
0.800109 144.214 144.214 2 1 0
0.797873 144.464 144.464 2 1 0
0.795645 144.713 144.713 2 1 0
0.793426 144.962 144.962 2 1 0
0.791214 145.211 145.211 2 1 0
0.789011 145.46 145.46 2 1 0
0.786815 145.709 145.709 2 1 0
0.784629 145.957 145.957 2 1 0
0.78245 146.205 146.205 2 1 0
0.78028 146.453 146.453 2 1 0
0.778118 146.701 146.701 2 1 0
0.775964 146.949 146.949 2 1 0
0.773819 147.196 147.196 2 1 0
0.771682 147.444 147.444 2 1 0
0.769554 147.691 147.691 2 1 0
0.767434 147.938 147.938 2 1 0
0.765323 148.184 148.184 2 1 0
0.76322 148.431 148.431 2 1 0
0.761126 148.677 148.677 2 1 0
0.759041 148.923 148.923 2 1 0
0.756964 149.169 149.169 2 1 0
0.754896 149.415 149.415 2 1 0
0.752837 149.66 149.66 2 1 0
0.750786 149.906 149.906 2 1 0
0.748744 150.151 150.151 2 1 0
0.746711 150.396 150.396 2 1 0
0.744687 150.64 150.64 2 1 0
0.742672 150.885 150.885 2 1 0
0.740666 151.129 151.129 2 1 0
0.738669 151.373 151.373 2 1 0
0.736681 151.617 151.617 2 1 0
0.734701 151.861 151.861 2 1 0
0.732731 152.104 152.104 2 1 0
0.73077 152.348 152.348 2 1 0
0.728818 152.591 152.591 2 1 0
0.726875 152.833 152.833 2 1 0
0.724941 153.076 153.076 2 1 0
0.723017 153.318 153.318 2 1 0
0.721102 153.561 153.561 2 1 0
0.719195 153.803 153.803 2 1 0
0.717299 154.044 154.044 2 1 0
0.715411 154.286 154.286 2 1 0
0.713533 154.527 154.527 2 1 0
0.711664 154.768 154.768 2 1 0
0.709805 155.009 155.009 2 1 0
0.707955 155.25 155.25 2 1 0
0.706115 155.49 155.49 2 1 0
0.704284 155.731 155.731 2 1 0
0.702462 155.971 155.971 2 1 0
0.70065 156.21 156.21 2 1 0
0.698848 156.45 156.45 2 1 0
0.697055 156.689 156.689 2 1 0
0.695272 156.929 156.929 2 1 0
0.693499 157.167 157.167 2 1 0
0.691735 157.406 157.406 2 1 0
0.689981 157.645 157.645 2 1 0
0.688236 157.883 157.883 2 1 0
0.686502 158.121 158.121 2 1 0
0.684777 158.359 158.359 2 1 0
0.683062 158.596 158.596 2 1 0
0.681356 158.834 158.834 2 1 0
0.679661 159.071 159.071 2 1 0
0.677976 159.307 159.307 2 1 0
0.6763 159.544 159.544 2 1 0
0.674634 159.781 159.781 2 1 0
0.672979 160.017 160.017 2 1 0
0.671333 160.253 160.253 2 1 0
0.669697 160.488 160.488 2 1 0
0.668072 160.724 160.724 2 1 0
0.666456 160.959 160.959 2 1 0
0.664851 161.194 161.194 2 1 0
0.663255 161.429 161.429 2 1 0
0.66167 161.663 161.663 2 1 0
0.66167 161.663 161.663 2 1 0
0.661544 161.682 161.682 2 1 0
0.661417 161.701 161.701 2 1 0
0.661165 161.738 161.738 2 1 0
0.660661 161.813 161.813 2 1 0
0.659656 161.963 161.963 2 1 0
0.658094 162.197 162.197 2 1 0
0.656542 162.431 162.431 2 1 0
0.655 162.665 162.665 2 1 0
0.653469 162.898 162.898 2 1 0
0.651948 163.131 163.131 2 1 0
0.650437 163.364 163.364 2 1 0
0.648937 163.596 163.596 2 1 0
0.647447 163.829 163.829 2 1 0
0.645967 164.061 164.061 2 1 0
0.644498 164.292 164.292 2 1 0
0.643039 164.524 164.524 2 1 0
0.64159 164.755 164.755 2 1 0
0.640152 164.987 164.987 2 1 0
0.638725 165.217 165.217 2 1 0
0.637308 165.448 165.448 2 1 0
0.635901 165.678 165.678 2 1 0
0.634505 165.909 165.909 2 1 0
0.63312 166.138 166.138 2 1 0
0.631745 166.368 166.368 2 1 0
0.630381 166.597 166.597 2 1 0
0.629027 166.827 166.827 2 1 0
0.627684 167.055 167.055 2 1 0
0.626352 167.284 167.284 2 1 0
0.625031 167.512 167.512 2 1 0
0.62372 167.741 167.741 2 1 0
0.62242 167.968 167.968 2 1 0
0.621131 168.196 168.196 2 1 0
0.619852 168.423 168.423 2 1 0
0.618584 168.651 168.651 2 1 0
0.617327 168.877 168.877 2 1 0
0.616081 169.104 169.104 2 1 0
0.614846 169.33 169.33 2 1 0
0.613622 169.557 169.557 2 1 0
0.612408 169.782 169.782 2 1 0
0.611206 170.008 170.008 2 1 0
0.610014 170.233 170.233 2 1 0
0.608833 170.458 170.458 2 1 0
0.607663 170.683 170.683 2 1 0
0.606505 170.908 170.908 2 1 0
0.605357 171.132 171.132 2 1 0
0.60422 171.356 171.356 2 1 0
0.603094 171.58 171.58 2 1 0
0.60198 171.803 171.803 2 1 0
0.600876 172.027 172.027 2 1 0
0.599783 172.25 172.25 2 1 0
0.598702 172.472 172.472 2 1 0
0.597632 172.695 172.695 2 1 0
0.596572 172.917 172.917 2 1 0
0.595524 173.139 173.139 2 1 0
0.594488 173.361 173.361 2 1 0
0.593462 173.582 173.582 2 1 0
0.592447 173.803 173.803 2 1 0
0.591444 174.024 174.024 2 1 0
0.590452 174.245 174.245 2 1 0
0.589471 174.465 174.465 2 1 0
0.588502 174.685 174.685 2 1 0
0.587543 174.905 174.905 2 1 0
0.586596 175.125 175.125 2 1 0
0.585661 175.344 175.344 2 1 0
0.584736 175.563 175.563 2 1 0
0.583823 175.782 175.782 2 1 0
0.582922 176 176 2 1 0
0.582031 176.219 176.219 2 1 0
0.581153 176.437 176.437 2 1 0
0.580285 176.654 176.654 2 1 0
0.579429 176.872 176.872 2 1 0
0.578584 177.089 177.089 2 1 0
0.577751 177.306 177.306 2 1 0
0.576929 177.522 177.522 2 1 0
0.576119 177.739 177.739 2 1 0
0.57532 177.955 177.955 2 1 0
0.574532 178.171 178.171 2 1 0
0.573757 178.386 178.386 2 1 0
0.572992 178.601 178.601 2 1 0
0.572239 178.816 178.816 2 1 0
0.571498 179.031 179.031 2 1 0
0.570768 179.246 179.246 2 1 0
0.57005 179.46 179.46 2 1 0
0.569343 179.674 179.674 2 1 0
0.568648 179.887 179.887 2 1 0
0.567965 180.101 180.101 2 1 0
0.567293 180.314 180.314 2 1 0
0.566633 180.526 180.526 2 1 0
0.565984 180.739 180.739 2 1 0
0.565347 180.951 180.951 2 1 0
0.564722 181.163 181.163 2 1 0
0.564108 181.375 181.375 2 1 0
0.563506 181.586 181.586 2 1 0
0.562916 181.797 181.797 2 1 0
0.562337 182.008 182.008 2 1 0
0.56177 182.219 182.219 2 1 0
0.561215 182.429 182.429 2 1 0
0.560672 182.639 182.639 2 1 0
0.56014 182.849 182.849 2 1 0
0.55962 183.058 183.058 2 1 0
0.559112 183.267 183.267 2 1 0
0.558615 183.476 183.476 2 1 0
0.55813 183.685 183.685 2 1 0
0.557657 183.893 183.893 2 1 0
0.557196 184.101 184.101 2 1 0
0.556747 184.309 184.309 2 1 0
0.556309 184.516 184.516 2 1 0
0.555884 184.723 184.723 2 1 0
0.55547 184.93 184.93 2 1 0
0.555068 185.137 185.137 2 1 0
0.554677 185.343 185.343 2 1 0
0.554299 185.549 185.549 2 1 0
0.553932 185.755 185.755 2 1 0
0.553578 185.961 185.961 2 1 0
0.553235 186.166 186.166 2 1 0
0.552904 186.371 186.371 2 1 0
0.552585 186.575 186.575 2 1 0
0.552277 186.78 186.78 2 1 0
0.551982 186.984 186.984 2 1 0
0.551699 187.188 187.188 2 1 0
0.551427 187.391 187.391 2 1 0
0.551168 187.594 187.594 2 1 0
0.55092 187.797 187.797 2 1 0
0.550684 188 188 2 1 0
0.55046 188.202 188.202 2 1 0
0.550249 188.404 188.404 2 1 0
0.550049 188.606 188.606 2 1 0
0.549861 188.807 188.807 2 1 0
0.549685 189.009 189.009 2 1 0
0.549521 189.21 189.21 2 1 0
0.549369 189.41 189.41 2 1 0
0.549228 189.611 189.611 2 1 0
0.5491 189.811 189.811 2 1 0
0.548984 190.01 190.01 2 1 0
0.54888 190.21 190.21 2 1 0
0.548788 190.409 190.409 2 1 0
0.548707 190.608 190.608 2 1 0
0.548639 190.806 190.806 2 1 0
0.548583 191.005 191.005 2 1 0
0.548539 191.203 191.203 2 1 0
0.548507 191.401 191.401 2 1 0
0.548486 191.598 191.598 2 1 0
0.548478 191.795 191.795 2 1 0
0.548478 191.831 191.831 2 1 0
0.548484 192.028 192.028 1 1 0
0.548502 192.224 192.224 1 1 0
0.548532 192.421 192.421 1 1 0
0.548574 192.616 192.616 1 1 0
0.548628 192.812 192.812 1 1 0
0.548694 193.007 193.007 1 1 0
0.548773 193.203 193.203 1 1 0
0.548863 193.397 193.397 1 1 0
0.548965 193.592 193.592 1 1 0
0.549079 193.786 193.786 1 1 0
0.549206 193.98 193.98 1 1 0
0.549344 194.174 194.174 1 1 0
0.549494 194.367 194.367 1 1 0
0.549657 194.56 194.56 1 1 0
0.549831 194.753 194.753 1 1 0
0.550018 194.945 194.945 1 1 0
0.550217 195.137 195.137 1 1 0
0.550427 195.329 195.329 1 1 0
0.55065 195.521 195.521 1 1 0
0.550885 195.712 195.712 1 1 0
0.551132 195.903 195.903 1 1 0
0.551391 196.094 196.094 1 1 0
0.551661 196.284 196.284 1 1 0
0.551944 196.474 196.474 1 1 0
0.55224 196.664 196.664 1 1 0
0.552547 196.853 196.853 1 1 0
0.552866 197.043 197.043 1 1 0
0.553197 197.232 197.232 1 1 0
0.55354 197.42 197.42 1 1 0
0.553896 197.609 197.609 1 1 0
0.554263 197.797 197.797 1 1 0
0.554643 197.984 197.984 1 1 0
0.555034 198.172 198.172 1 1 0
0.555438 198.359 198.359 1 1 0
0.555853 198.546 198.546 1 1 0
0.556281 198.733 198.733 1 1 0
0.55672 198.919 198.919 1 1 0
0.557172 199.105 199.105 1 1 0
0.557636 199.291 199.291 1 1 0
0.558112 199.476 199.476 1 1 0
0.5586 199.661 199.661 1 1 0
0.5591 199.846 199.846 1 1 0
0.559612 200.03 200.03 1 1 0
0.560136 200.215 200.215 1 1 0
0.560672 200.399 200.399 1 1 0
0.56122 200.582 200.582 1 1 0
0.56178 200.766 200.766 1 1 0
0.562352 200.949 200.949 1 1 0
0.562936 201.131 201.131 1 1 0
0.563532 201.314 201.314 1 1 0
0.56414 201.496 201.496 1 1 0
0.56476 201.678 201.678 1 1 0
0.565392 201.86 201.86 1 1 0
0.566037 202.041 202.041 1 1 0
0.566693 202.222 202.222 1 1 0
0.566693 202.222 202.222 2 1 0
0.566746 202.236 202.236 1 1 0
0.566799 202.251 202.251 1 1 0
0.566905 202.28 202.28 1 1 0
0.567119 202.338 202.338 1 1 0
0.56755 202.453 202.453 1 1 0
0.568234 202.633 202.633 1 1 0
0.568929 202.813 202.813 1 1 0
0.569637 202.993 202.993 1 1 0
0.570356 203.173 203.173 1 1 0
0.571088 203.352 203.352 1 1 0
0.571831 203.531 203.531 1 1 0
0.572587 203.709 203.709 1 1 0
0.573354 203.888 203.888 1 1 0
0.574133 204.066 204.066 1 1 0
0.574925 204.243 204.243 1 1 0
0.575728 204.421 204.421 1 1 0
0.576543 204.598 204.598 1 1 0
0.57737 204.775 204.775 1 1 0
0.578209 204.951 204.951 1 1 0
0.57906 205.127 205.127 1 1 0
0.579923 205.303 205.303 1 1 0
0.580798 205.479 205.479 1 1 0
0.581685 205.654 205.654 1 1 0
0.582583 205.829 205.829 1 1 0
0.583494 206.004 206.004 1 1 0
0.584416 206.178 206.178 1 1 0
0.585351 206.353 206.353 1 1 0
0.586297 206.526 206.526 1 1 0
0.587255 206.7 206.7 1 1 0
0.588225 206.873 206.873 1 1 0
0.589207 207.046 207.046 1 1 0
0.590201 207.219 207.219 1 1 0
0.591206 207.391 207.391 1 1 0
0.592224 207.564 207.564 1 1 0
0.593253 207.735 207.735 1 1 0
0.594294 207.907 207.907 1 1 0
0.595347 208.078 208.078 1 1 0
0.596412 208.249 208.249 1 1 0
0.597488 208.42 208.42 1 1 0
0.598577 208.59 208.59 1 1 0
0.599677 208.76 208.76 1 1 0
0.600789 208.93 208.93 1 1 0
0.601912 209.1 209.1 1 1 0
0.603048 209.269 209.269 1 1 0
0.604195 209.438 209.438 1 1 0
0.605354 209.606 209.606 1 1 0
0.606525 209.775 209.775 1 1 0
0.607707 209.943 209.943 1 1 0
0.608902 210.11 210.11 1 1 0
0.610108 210.278 210.278 1 1 0
0.611325 210.445 210.445 1 1 0
0.612555 210.612 210.612 1 1 0
0.613796 210.778 210.778 1 1 0
0.615049 210.945 210.945 1 1 0
0.616313 211.111 211.111 1 1 0
0.617589 211.276 211.276 1 1 0
0.618877 211.442 211.442 1 1 0
0.620176 211.607 211.607 1 1 0
0.621488 211.772 211.772 1 1 0
0.62281 211.936 211.936 1 1 0
0.624145 212.101 212.101 1 1 0
0.625491 212.265 212.265 1 1 0
0.626848 212.428 212.428 1 1 0
0.628218 212.592 212.592 1 1 0
0.629599 212.755 212.755 1 1 0
0.630991 212.918 212.918 1 1 0
0.632395 213.08 213.08 1 1 0
0.633811 213.242 213.242 1 1 0
0.635238 213.404 213.404 1 1 0
0.636676 213.566 213.566 1 1 0
0.638126 213.727 213.727 1 1 0
0.639588 213.889 213.889 1 1 0
0.641061 214.049 214.049 1 1 0
0.642546 214.21 214.21 1 1 0
0.644042 214.37 214.37 1 1 0
0.64555 214.53 214.53 1 1 0
0.647069 214.69 214.69 1 1 0
0.6486 214.849 214.849 1 1 0
0.650142 215.008 215.008 1 1 0
0.651696 215.167 215.167 1 1 0
0.653261 215.325 215.325 1 1 0
0.654837 215.484 215.484 1 1 0
0.656425 215.642 215.642 1 1 0
0.658024 215.799 215.799 1 1 0
0.659635 215.957 215.957 1 1 0
0.661257 216.114 216.114 1 1 0
0.66289 216.271 216.271 1 1 0
0.664535 216.427 216.427 1 1 0
0.666191 216.583 216.583 1 1 0
0.667858 216.739 216.739 1 1 0
0.669537 216.895 216.895 1 1 0
0.671227 217.05 217.05 1 1 0
0.672928 217.205 217.205 1 1 0
0.674641 217.36 217.36 1 1 0
0.676365 217.515 217.515 1 1 0
0.6781 217.669 217.669 1 1 0
0.679846 217.823 217.823 1 1 0
0.681604 217.977 217.977 1 1 0
0.683373 218.13 218.13 1 1 0
0.685153 218.283 218.283 1 1 0
0.686944 218.436 218.436 1 1 0
0.688747 218.589 218.589 1 1 0
0.69056 218.741 218.741 1 1 0
0.692385 218.893 218.893 1 1 0
0.694221 219.045 219.045 1 1 0
0.696068 219.196 219.196 1 1 0
0.697926 219.347 219.347 1 1 0
0.699796 219.498 219.498 1 1 0
0.701676 219.649 219.649 1 1 0
0.703568 219.799 219.799 1 1 0
0.70547 219.949 219.949 1 1 0
0.707384 220.099 220.099 1 1 0
0.709309 220.248 220.248 1 1 0
0.711245 220.398 220.398 1 1 0
0.713191 220.547 220.547 1 1 0
0.715149 220.695 220.695 1 1 0
0.717118 220.844 220.844 1 1 0
0.719098 220.992 220.992 1 1 0
0.721089 221.14 221.14 1 1 0
0.72309 221.287 221.287 1 1 0
0.725103 221.434 221.434 1 1 0
0.727127 221.581 221.581 1 1 0
0.729161 221.728 221.728 1 1 0
0.731207 221.875 221.875 1 1 0
0.733263 222.021 222.021 1 1 0
0.73533 222.167 222.167 1 1 0
0.737409 222.312 222.312 1 1 0
0.739498 222.458 222.458 1 1 0
0.741597 222.603 222.603 1 1 0
0.743708 222.747 222.747 1 1 0
0.74583 222.892 222.892 1 1 0
0.747962 223.036 223.036 1 1 0
0.750105 223.18 223.18 1 1 0
0.752259 223.324 223.324 1 1 0
0.754423 223.467 223.467 1 1 0
0.756599 223.61 223.61 1 1 0
0.758785 223.753 223.753 1 1 0
0.760981 223.896 223.896 1 1 0
0.763189 224.038 224.038 1 1 0
0.765407 224.18 224.18 1 1 0
0.767636 224.322 224.322 1 1 0
0.769876 224.464 224.464 1 1 0
0.772126 224.605 224.605 1 1 0
0.774386 224.746 224.746 1 1 0
0.776658 224.887 224.887 1 1 0
0.77894 225.027 225.027 1 1 0
0.781232 225.167 225.167 1 1 0
0.783536 225.307 225.307 1 1 0
0.785849 225.447 225.447 1 1 0
0.788174 225.586 225.586 1 1 0
0.790508 225.725 225.725 1 1 0
0.792854 225.864 225.864 1 1 0
0.79521 226.003 226.003 1 1 0
0.797576 226.141 226.141 1 1 0
0.799953 226.279 226.279 1 1 0
0.80234 226.417 226.417 1 1 0
0.804738 226.554 226.554 1 1 0
0.807146 226.692 226.692 1 1 0
0.809564 226.829 226.829 1 1 0
0.811993 226.965 226.965 1 1 0
0.814433 227.102 227.102 1 1 0
0.816882 227.238 227.238 1 1 0
0.819342 227.374 227.374 1 1 0
0.821813 227.51 227.51 1 1 0
0.824293 227.645 227.645 1 1 0
0.826784 227.78 227.78 1 1 0
0.829286 227.915 227.915 1 1 0
0.831797 228.05 228.05 1 1 0
0.834319 228.184 228.184 1 1 0
0.836851 228.318 228.318 1 1 0
0.839393 228.452 228.452 1 1 0
0.841946 228.586 228.586 1 1 0
0.844508 228.719 228.719 1 1 0
0.847081 228.852 228.852 1 1 0
0.849664 228.985 228.985 1 1 0
0.852258 229.117 229.117 1 1 0
0.854861 229.249 229.249 1 1 0
0.857475 229.381 229.381 1 1 0
0.860098 229.513 229.513 1 1 0
0.862732 229.645 229.645 1 1 0
0.865376 229.776 229.776 1 1 0
0.868029 229.907 229.907 1 1 0
0.870693 230.038 230.038 1 1 0
0.873367 230.168 230.168 1 1 0
0.876051 230.298 230.298 1 1 0
0.878745 230.428 230.428 1 1 0
0.881449 230.558 230.558 1 1 0
0.884163 230.687 230.687 1 1 0
0.886886 230.817 230.817 1 1 0
0.88962 230.946 230.946 1 1 0
0.892364 231.074 231.074 1 1 0
0.895117 231.203 231.203 1 1 0
0.897881 231.331 231.331 1 1 0
0.900654 231.459 231.459 1 1 0
0.903437 231.586 231.586 1 1 0
0.90623 231.714 231.714 1 1 0
0.909033 231.841 231.841 1 1 0
0.911846 231.968 231.968 1 1 0
0.914668 232.094 232.094 1 1 0
0.914668 232.094 232.094 2 1 0
0.914895 232.105 232.105 1 1 0
0.915121 232.115 232.115 1 1 0
0.915574 232.135 232.135 1 1 0
0.91648 232.175 232.175 1 1 0
0.918295 232.256 232.256 1 1 0
0.92114 232.382 232.382 1 1 0
0.923995 232.508 232.508 1 1 0
0.926859 232.634 232.634 1 1 0
0.929733 232.759 232.759 1 1 0
0.932616 232.884 232.884 1 1 0
0.935509 233.009 233.009 1 1 0
0.938412 233.134 233.134 1 1 0
0.941325 233.258 233.258 1 1 0
0.944247 233.382 233.382 1 1 0
0.947179 233.506 233.506 1 1 0
0.95012 233.629 233.629 1 1 0
0.953071 233.753 233.753 1 1 0
0.956032 233.876 233.876 1 1 0
0.959002 233.999 233.999 1 1 0
0.961981 234.121 234.121 1 1 0
0.96497 234.244 234.244 1 1 0
0.967969 234.366 234.366 1 1 0
0.970977 234.488 234.488 1 1 0
0.973995 234.609 234.609 1 1 0
0.977022 234.731 234.731 1 1 0
0.980058 234.852 234.852 1 1 0
0.983104 234.973 234.973 1 1 0
0.986159 235.093 235.093 1 1 0
0.989224 235.214 235.214 1 1 0
0.992298 235.334 235.334 1 1 0
0.995381 235.454 235.454 1 1 0
0.998474 235.574 235.574 1 1 0
1.00158 235.693 235.693 1 1 0
1.00469 235.812 235.812 1 1 0
1.00781 235.931 235.931 1 1 0
1.01094 236.05 236.05 1 1 0
1.01408 236.168 236.168 1 1 0
1.01723 236.287 236.287 1 1 0
1.02038 236.405 236.405 1 1 0
1.02355 236.522 236.522 1 1 0
1.02673 236.64 236.64 1 1 0
1.02991 236.757 236.757 1 1 0
1.0331 236.874 236.874 1 1 0
1.03631 236.991 236.991 1 1 0
1.03952 237.108 237.108 1 1 0
1.04274 237.224 237.224 1 1 0
1.04597 237.34 237.34 1 1 0
1.04921 237.456 237.456 1 1 0
1.05246 237.572 237.572 1 1 0
1.05572 237.687 237.687 1 1 0
1.05899 237.802 237.802 1 1 0
1.06226 237.917 237.917 1 1 0
1.06555 238.032 238.032 1 1 0
1.06884 238.146 238.146 1 1 0
1.07214 238.261 238.261 1 1 0
1.07546 238.375 238.375 1 1 0
1.07878 238.489 238.489 1 1 0
1.08211 238.602 238.602 1 1 0
1.08544 238.715 238.715 1 1 0
1.08879 238.828 238.828 1 1 0
1.09215 238.941 238.941 1 1 0
1.09551 239.054 239.054 1 1 0
1.09889 239.166 239.166 1 1 0
1.10227 239.279 239.279 1 1 0
1.10566 239.39 239.39 1 1 0
1.10906 239.502 239.502 1 1 0
1.11247 239.614 239.614 1 1 0
1.11589 239.725 239.725 1 1 0
1.11931 239.836 239.836 1 1 0
1.12275 239.947 239.947 1 1 0
1.12619 240.057 240.057 1 1 0
1.12965 240.168 240.168 1 1 0
1.13311 240.278 240.278 1 1 0
1.13658 240.388 240.388 1 1 0
1.14006 240.497 240.497 1 1 0
1.14354 240.607 240.607 1 1 0
1.14704 240.716 240.716 1 1 0
1.15054 240.825 240.825 1 1 0
1.15406 240.934 240.934 1 1 0
1.15758 241.042 241.042 1 1 0
1.16111 241.151 241.151 1 1 0
1.16465 241.259 241.259 1 1 0
1.16819 241.367 241.367 1 1 0
1.17175 241.474 241.474 1 1 0
1.17531 241.582 241.582 1 1 0
1.17888 241.689 241.689 1 1 0
1.18246 241.796 241.796 1 1 0
1.18605 241.903 241.903 1 1 0
1.18965 242.009 242.009 1 1 0
1.19326 242.116 242.116 1 1 0
1.19687 242.222 242.222 1 1 0
1.20049 242.328 242.328 1 1 0
1.20412 242.434 242.434 1 1 0
1.20776 242.539 242.539 1 1 0
1.21141 242.644 242.644 1 1 0
1.21507 242.749 242.749 1 1 0
1.21873 242.854 242.854 1 1 0
1.2224 242.959 242.959 1 1 0
1.22608 243.063 243.063 1 1 0
1.22977 243.167 243.167 1 1 0
1.23347 243.271 243.271 1 1 0
1.23718 243.375 243.375 1 1 0
1.24089 243.479 243.479 1 1 0
1.24461 243.582 243.582 1 1 0
1.24834 243.685 243.685 1 1 0
1.25208 243.788 243.788 1 1 0
1.25582 243.891 243.891 1 1 0
1.25958 243.993 243.993 1 1 0
1.26334 244.095 244.095 1 1 0
1.26711 244.197 244.197 1 1 0
1.27089 244.299 244.299 1 1 0
1.27467 244.401 244.401 1 1 0
1.27847 244.502 244.502 1 1 0
1.28227 244.604 244.604 1 1 0
1.28608 244.705 244.705 1 1 0
1.2899 244.805 244.805 1 1 0
1.29372 244.906 244.906 1 1 0
1.29756 245.006 245.006 1 1 0
1.3014 245.106 245.106 1 1 0
1.30525 245.206 245.206 1 1 0
1.30911 245.306 245.306 1 1 0
1.31297 245.406 245.406 1 1 0
1.31685 245.505 245.505 1 1 0
1.32073 245.604 245.604 1 1 0
1.32462 245.703 245.703 1 1 0
1.32851 245.802 245.802 1 1 0
1.33242 245.9 245.9 1 1 0
1.33633 245.999 245.999 1 1 0
1.34025 246.097 246.097 1 1 0
1.34418 246.195 246.195 1 1 0
1.34811 246.292 246.292 1 1 0
1.35206 246.39 246.39 1 1 0
1.35601 246.487 246.487 1 1 0
1.35996 246.584 246.584 1 1 0
1.36393 246.681 246.681 1 1 0
1.3679 246.778 246.778 1 1 0
1.37189 246.874 246.874 1 1 0
1.37587 246.971 246.971 1 1 0
1.37987 247.067 247.067 1 1 0
1.38388 247.163 247.163 1 1 0
1.38789 247.258 247.258 1 1 0
1.39191 247.354 247.354 1 1 0
1.39593 247.449 247.449 1 1 0
1.39997 247.544 247.544 1 1 0
1.40401 247.639 247.639 1 1 0
1.40806 247.734 247.734 1 1 0
1.41212 247.828 247.828 1 1 0
1.41618 247.923 247.923 1 1 0
1.42025 248.017 248.017 1 1 0
1.42433 248.111 248.111 1 1 0
1.42842 248.205 248.205 1 1 0
1.43251 248.298 248.298 1 1 0
1.43661 248.391 248.391 1 1 0
1.44072 248.485 248.485 1 1 0
1.44484 248.577 248.577 1 1 0
1.44896 248.67 248.67 1 1 0
1.45309 248.763 248.763 1 1 0
1.45723 248.855 248.855 1 1 0
1.46137 248.947 248.947 1 1 0
1.46552 249.039 249.039 1 1 0
1.46968 249.131 249.131 1 1 0
1.47385 249.223 249.223 1 1 0
1.47802 249.314 249.314 1 1 0
1.48221 249.405 249.405 1 1 0
1.48639 249.496 249.496 1 1 0
1.49059 249.587 249.587 1 1 0
1.49479 249.678 249.678 1 1 0
1.499 249.768 249.768 1 1 0
1.50322 249.859 249.859 1 1 0
1.50744 249.949 249.949 1 1 0
1.51167 250.039 250.039 1 1 0
1.51591 250.128 250.128 1 1 0
1.52016 250.218 250.218 1 1 0
1.52441 250.307 250.307 1 1 0
1.52867 250.396 250.396 1 1 0
1.53294 250.485 250.485 1 1 0
1.53721 250.574 250.574 1 1 0
1.54149 250.663 250.663 1 1 0
1.54578 250.751 250.751 1 1 0
1.55007 250.839 250.839 1 1 0
1.55437 250.927 250.927 1 1 0
1.55868 251.015 251.015 1 1 0
1.563 251.103 251.103 1 1 0
1.56732 251.19 251.19 1 1 0
1.57165 251.278 251.278 1 1 0
1.57598 251.365 251.365 1 1 0
1.58032 251.452 251.452 1 1 0
1.58467 251.538 251.538 1 1 0
1.58903 251.625 251.625 1 1 0
1.59339 251.711 251.711 1 1 0
1.59776 251.798 251.798 1 1 0
1.60214 251.884 251.884 1 1 0
1.60652 251.97 251.97 1 1 0
1.61091 252.055 252.055 1 1 0
1.61531 252.141 252.141 1 1 0
1.61971 252.226 252.226 1 1 0
1.62412 252.311 252.311 1 1 0
1.62854 252.396 252.396 1 1 0
1.63296 252.481 252.481 1 1 0
1.63296 252.481 252.481 2 1 0
1.63332 252.488 252.488 1 1 0
1.63367 252.495 252.495 1 1 0
1.63438 252.508 252.508 1 1 0
1.6358 252.535 252.535 1 1 0
1.63863 252.589 252.589 1 1 0
1.64307 252.674 252.674 1 1 0
1.64752 252.758 252.758 1 1 0
1.65197 252.842 252.842 1 1 0
1.65643 252.926 252.926 1 1 0
1.66089 253.009 253.009 1 1 0
1.66537 253.093 253.093 1 1 0
1.66984 253.176 253.176 1 1 0
1.67433 253.259 253.259 1 1 0
1.67882 253.342 253.342 1 1 0
1.68332 253.425 253.425 1 1 0
1.68782 253.508 253.508 1 1 0
1.69233 253.59 253.59 1 1 0
1.69685 253.673 253.673 1 1 0
1.70137 253.755 253.755 1 1 0
1.7059 253.837 253.837 1 1 0
1.71044 253.918 253.918 1 1 0
1.71498 254 254 1 1 0
1.71953 254.081 254.081 1 1 0
1.72409 254.163 254.163 1 1 0
1.72865 254.244 254.244 1 1 0
1.73322 254.325 254.325 1 1 0
1.73779 254.406 254.406 1 1 0
1.74237 254.486 254.486 1 1 0
1.74696 254.567 254.567 1 1 0
1.75155 254.647 254.647 1 1 0
1.75615 254.727 254.727 1 1 0
1.76076 254.807 254.807 1 1 0
1.76537 254.887 254.887 1 1 0
1.76999 254.966 254.966 1 1 0
1.77462 255.046 255.046 1 1 0
1.77925 255.125 255.125 1 1 0
1.78388 255.204 255.204 1 1 0
1.78853 255.283 255.283 1 1 0
1.79318 255.362 255.362 1 1 0
1.79783 255.44 255.44 1 1 0
1.80249 255.519 255.519 1 1 0
1.80716 255.597 255.597 1 1 0
1.81184 255.675 255.675 1 1 0
1.81652 255.753 255.753 1 1 0
1.8212 255.831 255.831 1 1 0
1.8259 255.908 255.908 1 1 0
1.83059 255.986 255.986 1 1 0
1.8353 256.063 256.063 1 1 0
1.84001 256.14 256.14 1 1 0
1.84473 256.217 256.217 1 1 0
1.84945 256.294 256.294 1 1 0
1.85418 256.371 256.371 1 1 0
1.85891 256.447 256.447 1 1 0
1.86365 256.523 256.523 1 1 0
1.8684 256.599 256.599 1 1 0
1.87315 256.676 256.676 1 1 0
1.87791 256.751 256.751 1 1 0
1.88267 256.827 256.827 1 1 0
1.88744 256.903 256.903 1 1 0
1.89222 256.978 256.978 1 1 0
1.897 257.053 257.053 1 1 0
1.90179 257.128 257.128 1 1 0
1.90658 257.203 257.203 1 1 0
1.91138 257.278 257.278 1 1 0
1.91619 257.352 257.352 1 1 0
1.921 257.427 257.427 1 1 0
1.92581 257.501 257.501 1 1 0
1.93064 257.575 257.575 1 1 0
1.93546 257.649 257.649 1 1 0
1.9403 257.723 257.723 1 1 0
1.94514 257.797 257.797 1 1 0
1.94998 257.87 257.87 1 1 0
1.95483 257.944 257.944 1 1 0
1.95969 258.017 258.017 1 1 0
1.96455 258.09 258.09 1 1 0
1.96942 258.163 258.163 1 1 0
1.9743 258.235 258.235 1 1 0
1.97918 258.308 258.308 1 1 0
1.98406 258.381 258.381 1 1 0
1.98895 258.453 258.453 1 1 0
1.99385 258.525 258.525 1 1 0
1.99875 258.597 258.597 1 1 0
2.00366 258.669 258.669 1 1 0
2.00857 258.74 258.74 1 1 0
2.01349 258.812 258.812 1 1 0
2.01841 258.883 258.883 1 1 0
2.02334 258.955 258.955 1 1 0
2.02828 259.026 259.026 1 1 0
2.03322 259.097 259.097 1 1 0
2.03816 259.167 259.167 1 1 0
2.04312 259.238 259.238 1 1 0
2.04807 259.309 259.309 1 1 0
2.05304 259.379 259.379 1 1 0
2.058 259.449 259.449 1 1 0
2.06298 259.519 259.519 1 1 0
2.06796 259.589 259.589 1 1 0
2.07294 259.659 259.659 1 1 0
2.07793 259.729 259.729 1 1 0
2.08292 259.798 259.798 1 1 0
2.08792 259.867 259.867 1 1 0
2.09293 259.937 259.937 1 1 0
2.09794 260.006 260.006 1 1 0
2.10296 260.075 260.075 1 1 0
2.10798 260.143 260.143 1 1 0
2.11301 260.212 260.212 1 1 0
2.11804 260.28 260.28 1 1 0
2.12308 260.349 260.349 1 1 0
2.12812 260.417 260.417 1 1 0
2.13317 260.485 260.485 1 1 0
2.13822 260.553 260.553 1 1 0
2.14328 260.621 260.621 1 1 0
2.14834 260.688 260.688 1 1 0
2.15341 260.756 260.756 1 1 0
2.15849 260.823 260.823 1 1 0
2.16357 260.89 260.89 1 1 0
2.16865 260.957 260.957 1 1 0
2.17374 261.024 261.024 1 1 0
2.17883 261.091 261.091 1 1 0
2.18393 261.158 261.158 1 1 0
2.18904 261.224 261.224 1 1 0
2.19415 261.291 261.291 1 1 0
2.19927 261.357 261.357 1 1 0
2.20439 261.423 261.423 1 1 0
2.20951 261.489 261.489 1 1 0
2.21464 261.555 261.555 1 1 0
2.21978 261.62 261.62 1 1 0
2.22492 261.686 261.686 1 1 0
2.23006 261.751 261.751 1 1 0
2.23521 261.817 261.817 1 1 0
2.24037 261.882 261.882 1 1 0
2.24553 261.947 261.947 1 1 0
2.2507 262.012 262.012 1 1 0
2.25587 262.076 262.076 1 1 0
2.26104 262.141 262.141 1 1 0
2.26622 262.205 262.205 1 1 0
2.27141 262.27 262.27 1 1 0
2.2766 262.334 262.334 1 1 0
2.28179 262.398 262.398 1 1 0
2.28699 262.462 262.462 1 1 0
2.2922 262.526 262.526 1 1 0
2.29741 262.59 262.59 1 1 0
2.30262 262.653 262.653 1 1 0
2.30784 262.716 262.716 1 1 0
2.31307 262.78 262.78 1 1 0
2.3183 262.843 262.843 1 1 0
2.32353 262.906 262.906 1 1 0
2.32877 262.969 262.969 1 1 0
2.33401 263.032 263.032 1 1 0
2.33926 263.094 263.094 1 1 0
2.34452 263.157 263.157 1 1 0
2.34977 263.219 263.219 1 1 0
2.35504 263.281 263.281 1 1 0
2.3603 263.343 263.343 1 1 0
2.36558 263.405 263.405 1 1 0
2.37085 263.467 263.467 1 1 0
2.37613 263.529 263.529 1 1 0
2.38142 263.591 263.591 1 1 0
2.38671 263.652 263.652 1 1 0
2.39201 263.713 263.713 1 1 0
2.39731 263.775 263.775 1 1 0
2.40261 263.836 263.836 1 1 0
2.40792 263.897 263.897 1 1 0
2.41324 263.958 263.958 1 1 0
2.41856 264.018 264.018 1 1 0
2.42388 264.079 264.079 1 1 0
2.42921 264.139 264.139 1 1 0
2.43454 264.2 264.2 1 1 0
2.43988 264.26 264.26 1 1 0
2.44522 264.32 264.32 1 1 0
2.45057 264.38 264.38 1 1 0
2.45592 264.44 264.44 1 1 0
2.46127 264.5 264.5 1 1 0
2.46663 264.559 264.559 1 1 0
2.472 264.619 264.619 1 1 0
2.47737 264.678 264.678 1 1 0
2.48274 264.737 264.737 1 1 0
2.48812 264.796 264.796 1 1 0
2.4935 264.855 264.855 1 1 0
2.49889 264.914 264.914 1 1 0
2.50428 264.973 264.973 1 1 0
2.50967 265.032 265.032 1 1 0
2.51508 265.09 265.09 1 1 0
2.52048 265.148 265.148 1 1 0
2.52589 265.207 265.207 1 1 0
2.5313 265.265 265.265 1 1 0
2.53672 265.323 265.323 1 1 0
2.54214 265.381 265.381 1 1 0
2.54757 265.439 265.439 1 1 0
2.553 265.496 265.496 1 1 0
2.55844 265.554 265.554 1 1 0
2.56388 265.611 265.611 1 1 0
2.56932 265.669 265.669 1 1 0
2.57477 265.726 265.726 1 1 0
2.58022 265.783 265.783 1 1 0
2.58568 265.84 265.84 1 1 0
2.59114 265.897 265.897 1 1 0
2.5966 265.953 265.953 1 1 0
2.60207 266.01 266.01 1 1 0
2.60755 266.066 266.066 1 1 0
1 1.63178 1.63178 2 1 0
0.999498 1.62903 1.62903 1 1 0
0.998996 1.62628 1.62628 1 1 0
0.997991 1.62078 1.62078 1 1 0
0.99598 1.60983 1.60983 1 1 0
0.991953 1.58807 1.58807 1 1 0
0.985647 1.55445 1.55445 1 1 0
0.979324 1.52131 1.52131 1 1 0
0.972985 1.48864 1.48864 1 1 0
0.966628 1.45643 1.45643 1 1 0
0.960255 1.42468 1.42468 1 1 0
0.953865 1.39339 1.39339 1 1 0
0.947459 1.36256 1.36256 1 1 0
0.941037 1.33218 1.33218 1 1 0
0.934599 1.30224 1.30224 1 1 0
0.928145 1.27276 1.27276 1 1 0
0.921674 1.24372 1.24372 1 1 0
0.915188 1.21511 1.21511 1 1 0
0.908687 1.18695 1.18695 1 1 0
0.90217 1.15922 1.15922 1 1 0
0.895637 1.13192 1.13192 1 1 0
0.889089 1.10504 1.10504 1 1 0
0.882526 1.07859 1.07859 1 1 0
0.875948 1.05257 1.05257 1 1 0
0.869354 1.02696 1.02696 1 1 0
0.862746 1.00176 1.00176 1 1 0
0.856124 0.976981 0.976981 1 1 0
0.849486 0.952607 0.952607 1 1 0
0.842834 0.928638 0.928638 1 1 0
0.836168 0.905072 0.905072 1 1 0
0.829488 0.881904 0.881904 1 1 0
0.822793 0.859132 0.859132 1 1 0
0.816085 0.836752 0.836752 1 1 0
0.809362 0.814761 0.814761 1 1 0
0.802626 0.793157 0.793157 1 1 0
0.795876 0.771935 0.771935 1 1 0
0.789113 0.751092 0.751092 1 1 0
0.782336 0.730626 0.730626 1 1 0
0.775547 0.710532 0.710532 1 1 0
0.768743 0.690808 0.690808 1 1 0
0.761927 0.67145 0.67145 1 1 0
0.755098 0.652455 0.652455 1 1 0
0.748256 0.633819 0.633819 1 1 0
0.741402 0.61554 0.61554 1 1 0
0.734535 0.597614 0.597614 1 1 0
0.727655 0.580038 0.580038 1 1 0
0.720763 0.562807 0.562807 1 1 0
0.71386 0.54592 0.54592 1 1 0
0.706944 0.529373 0.529373 1 1 0
0.700016 0.513162 0.513162 1 1 0
0.693076 0.497283 0.497283 1 1 0
0.686124 0.481735 0.481735 1 1 0
0.679161 0.466512 0.466512 1 1 0
0.672187 0.451612 0.451612 1 1 0
0.665201 0.437032 0.437032 1 1 0
0.658204 0.422768 0.422768 1 1 0
0.651196 0.408817 0.408817 1 1 0
0.644177 0.395175 0.395175 1 1 0
0.637147 0.381838 0.381838 1 1 0
0.630107 0.368805 0.368805 1 1 0
0.623056 0.35607 0.35607 1 1 0
0.615994 0.343631 0.343631 1 1 0
0.608922 0.331485 0.331485 1 1 0
0.60184 0.319627 0.319627 1 1 0
0.594748 0.308055 0.308055 1 1 0
0.587646 0.296764 0.296764 1 1 0
0.580534 0.285753 0.285753 1 1 0
0.573412 0.275016 0.275016 1 1 0
0.566281 0.264552 0.264552 1 1 0
0.55914 0.254355 0.254355 1 1 0
0.55199 0.244424 0.244424 1 1 0
0.54483 0.234754 0.234754 1 1 0
0.537662 0.225342 0.225342 1 1 0
0.530484 0.216184 0.216184 1 1 0
0.523298 0.207278 0.207278 1 1 0
0.516103 0.198619 0.198619 1 1 0
0.508899 0.190204 0.190204 1 1 0
0.501687 0.182031 0.182031 1 1 0
0.494467 0.174094 0.174094 1 1 0
0.487238 0.166391 0.166391 1 1 0
0.480001 0.158919 0.158919 1 1 0
0.472756 0.151673 0.151673 1 1 0
0.465504 0.144651 0.144651 1 1 0
0.458243 0.137848 0.137848 1 1 0
0.450975 0.131263 0.131263 1 1 0
0.4437 0.12489 0.12489 1 1 0
0.436417 0.118726 0.118726 1 1 0
0.429126 0.112769 0.112769 1 1 0
0.421829 0.107014 0.107014 1 1 0
0.414525 0.101458 0.101458 1 1 0
0.407214 0.0960976 0.0960976 1 1 0
0.399896 0.0909294 0.0909294 1 1 0
0.392571 0.0859497 0.0859497 1 1 0
0.38524 0.0811552 0.0811552 1 1 0
0.377903 0.0765422 0.0765422 1 1 0
0.370559 0.0721073 0.0721073 1 1 0
0.363209 0.067847 0.067847 1 1 0
0.355854 0.0637579 0.0637579 1 1 0
0.348492 0.0598363 0.0598363 1 1 0
0.341124 0.0560789 0.0560789 1 1 0
0.333751 0.0524821 0.0524821 1 1 0
0.326373 0.0490424 0.0490424 1 1 0
0.318989 0.0457564 0.0457564 1 1 0
0.311599 0.0426204 0.0426204 1 1 0
0.304205 0.0396311 0.0396311 1 1 0
0.296805 0.0367849 0.0367849 1 1 0
0.289401 0.0340783 0.0340783 1 1 0
0.281992 0.0315078 0.0315078 1 1 0
0.274578 0.0290699 0.0290699 1 1 0
0.26716 0.026761 0.026761 1 1 0
0.259737 0.0245778 0.0245778 1 1 0
0.25231 0.0225166 0.0225166 1 1 0
0.244879 0.020574 0.020574 1 1 0
0.237444 0.0187465 0.0187465 1 1 0
0.230005 0.0170305 0.0170305 1 1 0
0.222562 0.0154225 0.0154225 1 1 0
0.215116 0.0139191 0.0139191 1 1 0
0.207666 0.0125167 0.0125167 1 1 0
0.200212 0.0112117 0.0112117 1 1 0
0.192755 0.0100008 0.0100008 1 1 0
0.185295 0.00888039 0.00888039 1 1 0
0.177832 0.00784693 0.00784693 1 1 0
0.170367 0.00689692 0.00689692 1 1 0
0.162898 0.00602685 0.00602685 1 1 0
0.155426 0.00523322 0.00523322 1 1 0
0.147953 0.00451251 0.00451251 1 1 0
0.140476 0.0038612 0.0038612 1 1 0
0.132997 0.00327579 0.00327579 1 1 0
0.125517 0.00275275 0.00275275 1 1 0
0.118034 0.00228858 0.00228858 1 1 0
0.110549 0.00187976 0.00187976 1 1 0
0.103062 0.00152278 0.00152278 1 1 0
0.0955739 0.00121412 0.00121412 1 1 0
0.0880839 0.000950273 0.000950273 1 1 0
0.0805926 0.000727718 0.000727718 1 1 0
0.0730999 0.000542944 0.000542944 1 1 0
0.065606 0.000392437 0.000392437 1 1 0
0.058111 0.000272682 0.000272682 1 1 0
0.0506151 0.000180165 0.000180165 1 1 0
0.0431184 0.000111371 0.000111371 1 1 0
0.0356209 6.27859e-05 6.27859e-05 1 1 0
0.0281229 3.08955e-05 3.08955e-05 1 1 0
0.0206244 1.21853e-05 1.21853e-05 1 1 0
0.0131255 3.14071e-06 3.14071e-06 1 1 0
0.00562646 2.47386e-07 2.47386e-07 1 1 0
-0.00187269 -9.12148e-09 -9.12148e-09 1 1 0
