0.1 613.848 613.848 2 1 0
0.100008 613.849 613.849 1 1 0
0.100017 613.851 613.851 1 1 0
0.100034 613.854 613.854 1 1 0
0.100067 613.86 613.86 1 1 0
0.100135 613.873 613.873 1 1 0
0.10024 613.893 613.893 1 1 0
0.100346 613.912 613.912 1 1 0
0.100451 613.932 613.932 1 1 0
0.100557 613.951 613.951 1 1 0
0.100662 613.971 613.971 1 1 0
0.100768 613.99 613.99 1 1 0
0.100873 614.009 614.009 1 1 0
0.100979 614.029 614.029 1 1 0
0.101084 614.048 614.048 1 1 0
0.101189 614.067 614.067 1 1 0
0.101295 614.086 614.086 1 1 0
0.1014 614.104 614.104 1 1 0
0.101506 614.123 614.123 1 1 0
0.101611 614.142 614.142 1 1 0
0.101717 614.16 614.16 1 1 0
0.101822 614.179 614.179 1 1 0
0.101928 614.197 614.197 1 1 0
0.102033 614.216 614.216 1 1 0
0.102139 614.234 614.234 1 1 0
0.102244 614.252 614.252 1 1 0
0.10235 614.27 614.27 1 1 0
0.102455 614.289 614.289 1 1 0
0.102561 614.307 614.307 1 1 0
0.102666 614.325 614.325 1 1 0
0.102771 614.342 614.342 1 1 0
0.102877 614.36 614.36 1 1 0
0.102982 614.378 614.378 1 1 0
0.103088 614.396 614.396 1 1 0
0.103193 614.413 614.413 1 1 0
0.103299 614.431 614.431 1 1 0
0.103404 614.448 614.448 1 1 0
0.10351 614.465 614.465 1 1 0
0.103615 614.483 614.483 1 1 0
0.103721 614.5 614.5 1 1 0
0.103826 614.517 614.517 1 1 0
0.103932 614.534 614.534 1 1 0
0.104037 614.551 614.551 1 1 0
0.104143 614.568 614.568 1 1 0
0.104248 614.585 614.585 1 1 0
0.104354 614.602 614.602 1 1 0
0.104459 614.619 614.619 1 1 0
0.104565 614.635 614.635 1 1 0
0.10467 614.652 614.652 1 1 0
0.104776 614.668 614.668 1 1 0
0.104881 614.685 614.685 1 1 0
0.104987 614.701 614.701 1 1 0
0.105092 614.718 614.718 1 1 0
0.105198 614.734 614.734 1 1 0
0.105304 614.75 614.75 1 1 0
0.105409 614.766 614.766 1 1 0
0.105515 614.782 614.782 1 1 0
0.10562 614.799 614.799 1 1 0
0.105726 614.814 614.814 1 1 0
0.105831 614.83 614.83 1 1 0
0.105937 614.846 614.846 1 1 0
0.106042 614.862 614.862 1 1 0
0.106148 614.878 614.878 1 1 0
0.106253 614.893 614.893 1 1 0
0.106359 614.909 614.909 1 1 0
0.106464 614.925 614.925 1 1 0
0.10657 614.94 614.94 1 1 0
0.106675 614.955 614.955 1 1 0
0.106781 614.971 614.971 1 1 0
0.106886 614.986 614.986 1 1 0
0.106992 615.001 615.001 1 1 0
0.107098 615.016 615.016 1 1 0
0.107203 615.032 615.032 1 1 0
0.107309 615.047 615.047 1 1 0
0.107414 615.062 615.062 1 1 0
0.10752 615.077 615.077 1 1 0
0.107625 615.091 615.091 1 1 0
0.107731 615.106 615.106 1 1 0
0.107836 615.121 615.121 1 1 0
0.107942 615.136 615.136 1 1 0
0.108047 615.15 615.15 1 1 0
0.108153 615.165 615.165 1 1 0
0.108259 615.18 615.18 1 1 0
0.108364 615.194 615.194 1 1 0
0.10847 615.208 615.208 1 1 0
0.108575 615.223 615.223 1 1 0
0.108681 615.237 615.237 1 1 0
0.108786 615.251 615.251 1 1 0
0.108892 615.266 615.266 1 1 0
0.108998 615.28 615.28 1 1 0
0.109103 615.294 615.294 1 1 0
0.109209 615.308 615.308 1 1 0
0.109314 615.322 615.322 1 1 0
0.10942 615.336 615.336 1 1 0
0.109525 615.35 615.35 1 1 0
0.109631 615.363 615.363 1 1 0
0.109736 615.377 615.377 1 1 0
0.109842 615.391 615.391 1 1 0
0.109948 615.405 615.405 1 1 0
0.110053 615.418 615.418 1 1 0
0.110159 615.432 615.432 1 1 0
0.110264 615.445 615.445 1 1 0
0.11037 615.459 615.459 1 1 0
0.110476 615.472 615.472 1 1 0
0.110581 615.486 615.486 1 1 0
0.110687 615.499 615.499 1 1 0
0.110792 615.512 615.512 1 1 0
0.110898 615.525 615.525 1 1 0
0.111003 615.539 615.539 1 1 0
0.111109 615.552 615.552 1 1 0
0.111215 615.565 615.565 1 1 0
0.11132 615.578 615.578 1 1 0
0.111426 615.591 615.591 1 1 0
0.111531 615.604 615.604 1 1 0
0.111637 615.616 615.616 1 1 0
0.111743 615.629 615.629 1 1 0
0.111848 615.642 615.642 1 1 0
0.111954 615.655 615.655 1 1 0
0.112059 615.667 615.667 1 1 0
0.112165 615.68 615.68 1 1 0
0.112271 615.693 615.693 1 1 0
0.112376 615.705 615.705 1 1 0
0.112482 615.718 615.718 1 1 0
0.112587 615.73 615.73 1 1 0
0.112693 615.743 615.743 1 1 0
0.112799 615.755 615.755 1 1 0
0.112904 615.767 615.767 1 1 0
0.11301 615.779 615.779 1 1 0
0.113115 615.792 615.792 1 1 0
0.113221 615.804 615.804 1 1 0
0.113327 615.816 615.816 1 1 0
0.113432 615.828 615.828 1 1 0
0.113538 615.84 615.84 1 1 0
0.113643 615.852 615.852 1 1 0
0.113749 615.864 615.864 1 1 0
0.113855 615.876 615.876 1 1 0
0.11396 615.888 615.888 1 1 0
0.114066 615.9 615.9 1 1 0
0.114171 615.911 615.911 1 1 0
0.114277 615.923 615.923 1 1 0
0.114383 615.935 615.935 1 1 0
0.114488 615.946 615.946 1 1 0
0.114594 615.958 615.958 1 1 0
0.1 613.848 613.848 2 1 0
0.0999916 613.846 613.846 1 1 0
0.0999831 613.845 613.845 1 1 0
0.0999663 613.841 613.841 1 1 0
0.0999325 613.835 613.835 1 1 0
0.099865 613.822 613.822 1 1 0
0.0997596 613.802 613.802 1 1 0
0.0996542 613.782 613.782 1 1 0
0.0995488 613.762 613.762 1 1 0
0.0994433 613.742 613.742 1 1 0
0.0993379 613.721 613.721 1 1 0
0.0992325 613.701 613.701 1 1 0
0.0991271 613.68 613.68 1 1 0
0.0990216 613.66 613.66 1 1 0
0.0989162 613.639 613.639 1 1 0
0.0988108 613.618 613.618 1 1 0
0.0987054 613.597 613.597 1 1 0
0.0986 613.576 613.576 1 1 0
0.0984946 613.555 613.555 1 1 0
0.0983892 613.534 613.534 1 1 0
0.0982838 613.513 613.513 1 1 0
0.0981784 613.492 613.492 1 1 0
0.098073 613.47 613.47 1 1 0
0.0979676 613.449 613.449 1 1 0
0.0978622 613.427 613.427 1 1 0
0.0977568 613.406 613.406 1 1 0
0.0976514 613.384 613.384 1 1 0
0.097546 613.362 613.362 1 1 0
0.0974407 613.34 613.34 1 1 0
0.0973353 613.318 613.318 1 1 0
0.0972299 613.296 613.296 1 1 0
0.0971245 613.273 613.273 1 1 0
0.0970191 613.251 613.251 1 1 0
0.0969138 613.229 613.229 1 1 0
0.0968084 613.206 613.206 1 1 0
0.096703 613.184 613.184 1 1 0
0.0965977 613.161 613.161 1 1 0
0.0964923 613.138 613.138 1 1 0
0.0963869 613.115 613.115 1 1 0
0.0962816 613.092 613.092 1 1 0
0.0961762 613.069 613.069 1 1 0
0.0960709 613.046 613.046 1 1 0
0.0959655 613.022 613.022 1 1 0
0.0958602 612.999 612.999 1 1 0
0.0957548 612.975 612.975 1 1 0
0.0956495 612.952 612.952 1 1 0
0.0955441 612.928 612.928 1 1 0
0.0954388 612.904 612.904 1 1 0
0.0953335 612.88 612.88 1 1 0
0.0952281 612.856 612.856 1 1 0
0.0951228 612.832 612.832 1 1 0
0.0950175 612.808 612.808 1 1 0
0.0949122 612.784 612.784 1 1 0
0.0948068 612.759 612.759 1 1 0
0.0947015 612.735 612.735 1 1 0
0.0945962 612.71 612.71 1 1 0
0.0944909 612.685 612.685 1 1 0
0.0943856 612.66 612.66 1 1 0
0.0942803 612.635 612.635 1 1 0
0.094175 612.61 612.61 1 1 0
0.0940697 612.585 612.585 1 1 0
0.0939644 612.559 612.559 1 1 0
0.0938591 612.534 612.534 1 1 0
0.0937538 612.508 612.508 1 1 0
0.0936485 612.483 612.483 1 1 0
0.0935432 612.457 612.457 1 1 0
0.0934379 612.431 612.431 1 1 0
0.0933326 612.405 612.405 1 1 0
0.0932274 612.379 612.379 1 1 0
0.0931221 612.353 612.353 1 1 0
0.0930168 612.326 612.326 1 1 0
0.0929116 612.3 612.3 1 1 0
0.0928063 612.273 612.273 1 1 0
0.092701 612.246 612.246 1 1 0
0.0925958 612.22 612.22 1 1 0
0.0924905 612.193 612.193 1 1 0
0.0923853 612.166 612.166 1 1 0
0.09228 612.138 612.138 1 1 0
0.0921748 612.111 612.111 1 1 0
0.0920695 612.084 612.084 1 1 0
0.0919643 612.056 612.056 1 1 0
0.091859 612.028 612.028 1 1 0
0.0917538 612 612 1 1 0
0.0916486 611.972 611.972 1 1 0
0.0915434 611.944 611.944 1 1 0
0.0914381 611.916 611.916 1 1 0
0.0913329 611.888 611.888 1 1 0
0.0912277 611.859 611.859 1 1 0
0.0911225 611.831 611.831 1 1 0
0.0910173 611.802 611.802 1 1 0
0.0909121 611.773 611.773 1 1 0
0.0908069 611.744 611.744 1 1 0
0.0907017 611.715 611.715 1 1 0
0.0905965 611.686 611.686 1 1 0
0.0904913 611.657 611.657 1 1 0
0.0903861 611.627 611.627 1 1 0
0.0902809 611.597 611.597 1 1 0
0.0901758 611.568 611.568 1 1 0
0.0900706 611.538 611.538 1 1 0
0.0899654 611.508 611.508 1 1 0
0.0898603 611.477 611.477 1 1 0
0.0897551 611.447 611.447 1 1 0
0.0896499 611.417 611.417 1 1 0
0.0895448 611.386 611.386 1 1 0
0.0894396 611.355 611.355 1 1 0
0.0893345 611.324 611.324 1 1 0
0.0892293 611.293 611.293 1 1 0
0.0891242 611.262 611.262 1 1 0
0.0890191 611.231 611.231 1 1 0
0.0889139 611.199 611.199 1 1 0
0.0888088 611.168 611.168 1 1 0
0.0887037 611.136 611.136 1 1 0
0.0885986 611.104 611.104 1 1 0
0.0884935 611.072 611.072 1 1 0
0.0883884 611.04 611.04 1 1 0
0.0882833 611.007 611.007 1 1 0
0.0881782 610.975 610.975 1 1 0
0.0880731 610.942 610.942 1 1 0
0.087968 610.909 610.909 1 1 0
0.0878629 610.876 610.876 1 1 0
0.0877578 610.843 610.843 1 1 0
0.0876527 610.81 610.81 1 1 0
0.0875477 610.776 610.776 1 1 0
0.0874426 610.743 610.743 1 1 0
0.0873375 610.709 610.709 1 1 0
0.0872325 610.675 610.675 1 1 0
0.0871274 610.641 610.641 1 1 0
0.0870224 610.607 610.607 1 1 0
0.0869173 610.572 610.572 1 1 0
0.0868123 610.538 610.538 1 1 0
0.0867073 610.503 610.503 1 1 0
0.0866022 610.468 610.468 1 1 0
0.0864972 610.433 610.433 1 1 0
0.0863922 610.398 610.398 1 1 0
0.0862872 610.362 610.362 1 1 0
0.0861822 610.327 610.327 1 1 0
0.0860772 610.291 610.291 1 1 0
0.0859722 610.255 610.255 1 1 0
0.0858672 610.219 610.219 1 1 0
0.0857622 610.183 610.183 1 1 0
0.0856572 610.146 610.146 1 1 0
0.0855523 610.11 610.11 1 1 0
0.0854473 610.073 610.073 1 1 0
0.0853423 610.036 610.036 1 1 0
0.0852374 609.999 609.999 1 1 0
0.0851324 609.961 609.961 1 1 0
0.0850275 609.924 609.924 1 1 0
0.0849225 609.886 609.886 1 1 0
0.0848176 609.848 609.848 1 1 0
0.0847127 609.81 609.81 1 1 0
0.0846077 609.772 609.772 1 1 0
0.0845028 609.734 609.734 1 1 0
0.0843979 609.695 609.695 1 1 0
0.084293 609.656 609.656 1 1 0
0.0841881 609.617 609.617 1 1 0
0.0840832 609.578 609.578 1 1 0
0.0839783 609.539 609.539 1 1 0
0.0838735 609.499 609.499 1 1 0
0.0837686 609.459 609.459 1 1 0
0.0836637 609.42 609.42 1 1 0
0.0835589 609.379 609.379 1 1 0
0.083454 609.339 609.339 1 1 0
0.0833492 609.299 609.299 1 1 0
0.0832443 609.258 609.258 1 1 0
0.0831395 609.217 609.217 1 1 0
0.0830347 609.176 609.176 1 1 0
0.0829298 609.134 609.134 1 1 0
0.082825 609.093 609.093 1 1 0
0.0827202 609.051 609.051 1 1 0
0.0826154 609.009 609.009 1 1 0
0.0825106 608.967 608.967 1 1 0
0.0824058 608.925 608.925 1 1 0
0.0823011 608.882 608.882 1 1 0
0.0821963 608.839 608.839 1 1 0
0.0820915 608.796 608.796 1 1 0
0.0819868 608.753 608.753 1 1 0
0.081882 608.71 608.71 1 1 0
0.0817773 608.666 608.666 1 1 0
0.0816726 608.622 608.622 1 1 0
0.0815678 608.578 608.578 1 1 0
0.0814631 608.534 608.534 1 1 0
0.0813584 608.489 608.489 1 1 0
0.0812537 608.444 608.444 1 1 0
0.081149 608.399 608.399 1 1 0
0.0810443 608.354 608.354 1 1 0
0.0809397 608.309 608.309 1 1 0
0.080835 608.263 608.263 1 1 0
0.0807303 608.217 608.217 1 1 0
0.0806257 608.171 608.171 1 1 0
0.080521 608.125 608.125 1 1 0
0.0804164 608.078 608.078 1 1 0
0.0803118 608.031 608.031 1 1 0
0.0802072 607.984 607.984 1 1 0
0.0801025 607.937 607.937 1 1 0
0.0799979 607.889 607.889 1 1 0
0.0798934 607.842 607.842 1 1 0
0.0797888 607.794 607.794 1 1 0
0.0796842 607.745 607.745 1 1 0
0.0795796 607.697 607.697 1 1 0
0.0794751 607.648 607.648 1 1 0
0.0794751 607.648 607.648 2 1 0
0.0794667 607.644 607.644 1 1 0
0.0794584 607.64 607.64 1 1 0
0.0794416 607.632 607.632 1 1 0
0.0794082 607.617 607.617 1 1 0
0.0793413 607.585 607.585 1 1 0
0.0792367 607.536 607.536 1 1 0
0.0791322 607.486 607.486 1 1 0
0.0790277 607.437 607.437 1 1 0
0.0789232 607.386 607.386 1 1 0
0.0788187 607.336 607.336 1 1 0
0.0787142 607.286 607.286 1 1 0
0.0786097 607.235 607.235 1 1 0
0.0785053 607.183 607.183 1 1 0
0.0784008 607.132 607.132 1 1 0
0.0782964 607.08 607.08 1 1 0
0.078192 607.029 607.029 1 1 0
0.0780875 606.976 606.976 1 1 0
0.0779831 606.924 606.924 1 1 0
0.0778787 606.871 606.871 1 1 0
0.0777743 606.818 606.818 1 1 0
0.07767 606.765 606.765 1 1 0
0.0775656 606.711 606.711 1 1 0
0.0774612 606.657 606.657 1 1 0
0.0773569 606.603 606.603 1 1 0
0.0772526 606.549 606.549 1 1 0
0.0771482 606.494 606.494 1 1 0
0.0770439 606.439 606.439 1 1 0
0.0769396 606.384 606.384 1 1 0
0.0768353 606.328 606.328 1 1 0
0.0767311 606.273 606.273 1 1 0
0.0766268 606.216 606.216 1 1 0
0.0765226 606.16 606.16 1 1 0
0.0764183 606.103 606.103 1 1 0
0.0763141 606.046 606.046 1 1 0
0.0762099 605.989 605.989 1 1 0
0.0761057 605.931 605.931 1 1 0
0.0760015 605.873 605.873 1 1 0
0.0758973 605.815 605.815 1 1 0
0.0757932 605.757 605.757 1 1 0
0.075689 605.698 605.698 1 1 0
0.0755849 605.639 605.639 1 1 0
0.0754808 605.579 605.579 1 1 0
0.0753767 605.519 605.519 1 1 0
0.0752726 605.459 605.459 1 1 0
0.0751685 605.399 605.399 1 1 0
0.0750644 605.338 605.338 1 1 0
0.0749604 605.277 605.277 1 1 0
0.0748563 605.216 605.216 1 1 0
0.0747523 605.154 605.154 1 1 0
0.0746483 605.092 605.092 1 1 0
0.0745443 605.029 605.029 1 1 0
0.0744404 604.967 604.967 1 1 0
0.0743364 604.904 604.904 1 1 0
0.0742324 604.84 604.84 1 1 0
0.0741285 604.776 604.776 1 1 0
0.0740246 604.712 604.712 1 1 0
0.0739207 604.648 604.648 1 1 0
0.0738168 604.583 604.583 1 1 0
0.073713 604.518 604.518 1 1 0
0.0736091 604.453 604.453 1 1 0
0.0735053 604.387 604.387 1 1 0
0.0734015 604.321 604.321 1 1 0
0.0732977 604.254 604.254 1 1 0
0.0731939 604.187 604.187 1 1 0
0.0730901 604.12 604.12 1 1 0
0.0729864 604.052 604.052 1 1 0
0.0728826 603.984 603.984 1 1 0
0.0727789 603.916 603.916 1 1 0
0.0726752 603.847 603.847 1 1 0
0.0725716 603.778 603.778 1 1 0
0.0724679 603.709 603.709 1 1 0
0.0723643 603.639 603.639 1 1 0
0.0722606 603.568 603.568 1 1 0
0.072157 603.498 603.498 1 1 0
0.0720534 603.427 603.427 1 1 0
0.0719499 603.355 603.355 1 1 0
0.0718463 603.284 603.284 1 1 0
0.0717428 603.211 603.211 1 1 0
0.0716393 603.139 603.139 1 1 0
0.0715358 603.066 603.066 1 1 0
0.0714324 602.993 602.993 1 1 0
0.0713289 602.919 602.919 1 1 0
0.0712255 602.845 602.845 1 1 0
0.0711221 602.77 602.77 1 1 0
0.0710187 602.695 602.695 1 1 0
0.0709154 602.62 602.62 1 1 0
0.070812 602.544 602.544 1 1 0
0.0707087 602.467 602.467 1 1 0
0.0706054 602.391 602.391 1 1 0
0.0705021 602.314 602.314 1 1 0
0.0703989 602.236 602.236 1 1 0
0.0702957 602.158 602.158 1 1 0
0.0701925 602.08 602.08 1 1 0
0.0700893 602.001 602.001 1 1 0
0.0699861 601.922 601.922 1 1 0
0.069883 601.842 601.842 1 1 0
0.0697799 601.762 601.762 1 1 0
0.0696768 601.681 601.681 1 1 0
0.0695738 601.6 601.6 1 1 0
0.0694707 601.519 601.519 1 1 0
0.0693677 601.437 601.437 1 1 0
0.0692647 601.355 601.355 1 1 0
0.0691618 601.272 601.272 1 1 0
0.0690589 601.188 601.188 1 1 0
0.068956 601.105 601.105 1 1 0
0.0688531 601.02 601.02 1 1 0
0.0687502 600.936 600.936 1 1 0
0.0686474 600.85 600.85 1 1 0
0.0685446 600.765 600.765 1 1 0
0.0684419 600.679 600.679 1 1 0
0.0683391 600.592 600.592 1 1 0
0.0682364 600.505 600.505 1 1 0
0.0681337 600.417 600.417 1 1 0
0.0680311 600.329 600.329 1 1 0
0.0679284 600.241 600.241 1 1 0
0.0678259 600.152 600.152 1 1 0
0.0677233 600.062 600.062 1 1 0
0.0676208 599.972 599.972 1 1 0
0.0675183 599.881 599.881 1 1 0
0.0674158 599.79 599.79 1 1 0
0.0673134 599.698 599.698 1 1 0
0.0672109 599.606 599.606 1 1 0
0.0671086 599.514 599.514 1 1 0
0.0670062 599.42 599.42 1 1 0
0.0669039 599.327 599.327 1 1 0
0.0668016 599.233 599.233 1 1 0
0.0666994 599.138 599.138 1 1 0
0.0665972 599.042 599.042 1 1 0
0.066495 598.947 598.947 1 1 0
0.0663929 598.85 598.85 1 1 0
0.0662908 598.753 598.753 1 1 0
0.0661887 598.656 598.656 1 1 0
0.0660867 598.558 598.558 1 1 0
0.0659847 598.459 598.459 1 1 0
0.0658827 598.36 598.36 1 1 0
0.0657808 598.26 598.26 1 1 0
0.0656789 598.16 598.16 1 1 0
0.0655771 598.059 598.059 1 1 0
0.0654753 597.958 597.958 1 1 0
0.0653735 597.855 597.855 1 1 0
0.0652718 597.753 597.753 1 1 0
0.0651701 597.65 597.65 1 1 0
0.0650684 597.546 597.546 1 1 0
0.0649668 597.442 597.442 1 1 0
0.0648652 597.337 597.337 1 1 0
0.0647637 597.231 597.231 1 1 0
0.0646622 597.125 597.125 1 1 0
0.0645608 597.018 597.018 1 1 0
0.0644594 596.911 596.911 1 1 0
0.064358 596.803 596.803 1 1 0
0.0642567 596.694 596.694 1 1 0
0.0641555 596.585 596.585 1 1 0
0.0640542 596.475 596.475 1 1 0
0.0639531 596.365 596.365 1 1 0
0.0638519 596.253 596.253 1 1 0
0.0637508 596.142 596.142 1 1 0
0.0636498 596.029 596.029 1 1 0
0.0635488 595.916 595.916 1 1 0
0.0634479 595.803 595.803 1 1 0
0.063347 595.688 595.688 1 1 0
0.0632461 595.573 595.573 1 1 0
0.0631453 595.458 595.458 1 1 0
0.0630446 595.341 595.341 1 1 0
0.0629439 595.224 595.224 1 1 0
0.0628432 595.107 595.107 1 1 0
0.0627426 594.989 594.989 1 1 0
0.0626421 594.87 594.87 1 1 0
0.0625416 594.75 594.75 1 1 0
0.0624412 594.63 594.63 1 1 0
0.0623408 594.509 594.509 1 1 0
0.0622405 594.387 594.387 1 1 0
0.0621402 594.264 594.264 1 1 0
0.06204 594.141 594.141 1 1 0
0.0619398 594.018 594.018 1 1 0
0.0618397 593.893 593.893 1 1 0
0.0617397 593.768 593.768 1 1 0
0.0616397 593.642 593.642 1 1 0
0.0615398 593.515 593.515 1 1 0
0.0614399 593.388 593.388 1 1 0
0.0613401 593.26 593.26 1 1 0
0.0612404 593.131 593.131 1 1 0
0.0611407 593.001 593.001 1 1 0
0.0610411 592.871 592.871 1 1 0
0.0609415 592.74 592.74 1 1 0
0.060842 592.608 592.608 1 1 0
0.0607426 592.475 592.475 1 1 0
0.0606433 592.342 592.342 1 1 0
0.060544 592.208 592.208 1 1 0
0.0604447 592.073 592.073 1 1 0
0.0603456 591.938 591.938 1 1 0
0.0602465 591.801 591.801 1 1 0
0.0601474 591.664 591.664 1 1 0
0.0600485 591.526 591.526 1 1 0
0.0599496 591.387 591.387 1 1 0
0.0598508 591.248 591.248 1 1 0
0.059752 591.108 591.108 1 1 0
0.0596534 590.967 590.967 1 1 0
0.0595548 590.825 590.825 1 1 0
0.0594563 590.682 590.682 1 1 0
0.0593578 590.538 590.538 1 1 0
0.0592594 590.394 590.394 1 1 0
0.0591611 590.249 590.249 1 1 0
0.0590629 590.103 590.103 1 1 0
0.0589648 589.956 589.956 1 1 0
0.0588667 589.809 589.809 1 1 0
0.0587688 589.66 589.66 1 1 0
0.0586709 589.511 589.511 1 1 0
0.058573 589.361 589.361 1 1 0
0.0584753 589.21 589.21 1 1 0
0.0583776 589.058 589.058 1 1 0
0.0582801 588.906 588.906 1 1 0
0.0581826 588.752 588.752 1 1 0
0.0580852 588.598 588.598 1 1 0
0.0579879 588.443 588.443 1 1 0
0.0578907 588.287 588.287 1 1 0
0.0577935 588.13 588.13 1 1 0
0.0576965 587.972 587.972 1 1 0
0.0575995 587.813 587.813 1 1 0
0.0575027 587.654 587.654 1 1 0
0.0574059 587.493 587.493 1 1 0
0.0573092 587.332 587.332 1 1 0
0.0572126 587.17 587.17 1 1 0
0.0571161 587.006 587.006 1 1 0
0.0570198 586.842 586.842 1 1 0
0.0569235 586.678 586.678 1 1 0
0.0568273 586.512 586.512 1 1 0
0.0567312 586.345 586.345 1 1 0
0.0566352 586.177 586.177 1 1 0
0.0565393 586.009 586.009 1 1 0
0.0564435 585.839 585.839 1 1 0
0.0563478 585.669 585.669 1 1 0
0.0562522 585.497 585.497 1 1 0
0.0561567 585.325 585.325 1 1 0
0.0560613 585.152 585.152 1 1 0
0.0559661 584.978 584.978 1 1 0
0.0558709 584.803 584.803 1 1 0
0.0557758 584.627 584.627 1 1 0
0.0556809 584.45 584.45 1 1 0
0.0555861 584.272 584.272 1 1 0
0.0554913 584.093 584.093 1 1 0
0.0553967 583.913 583.913 1 1 0
0.0553022 583.732 583.732 1 1 0
0.0552079 583.55 583.55 1 1 0
0.0551136 583.368 583.368 1 1 0
0.0550195 583.184 583.184 1 1 0
0.0549254 582.999 582.999 1 1 0
0.0548315 582.814 582.814 1 1 0
0.0547377 582.627 582.627 1 1 0
0.0546441 582.439 582.439 1 1 0
0.0545505 582.251 582.251 1 1 0
0.0544571 582.061 582.061 1 1 0
0.0543638 581.871 581.871 1 1 0
0.0542707 581.679 581.679 1 1 0
0.0541776 581.486 581.486 1 1 0
0.0540847 581.293 581.293 1 1 0
0.0539919 581.098 581.098 1 1 0
0.0538993 580.903 580.903 1 1 0
0.0538068 580.706 580.706 1 1 0
0.0537144 580.508 580.508 1 1 0
0.0536221 580.31 580.31 1 1 0
0.05353 580.11 580.11 1 1 0
0.053438 579.91 579.91 1 1 0
0.0533462 579.708 579.708 1 1 0
0.0532545 579.505 579.505 1 1 0
0.0531629 579.301 579.301 1 1 0
0.0530715 579.097 579.097 1 1 0
0.0529802 578.891 578.891 1 1 0
0.0528891 578.684 578.684 1 1 0
0.0527981 578.476 578.476 1 1 0
0.0527072 578.267 578.267 1 1 0
0.0526165 578.058 578.058 1 1 0
0.052526 577.847 577.847 1 1 0
0.0524355 577.635 577.635 1 1 0
0.0523453 577.422 577.422 1 1 0
0.0522552 577.208 577.208 1 1 0
0.0521652 576.992 576.992 1 1 0
0.0520754 576.776 576.776 1 1 0
0.0519858 576.559 576.559 1 1 0
0.0518963 576.341 576.341 1 1 0
0.051807 576.122 576.122 1 1 0
0.0517178 575.901 575.901 1 1 0
0.0516288 575.68 575.68 1 1 0
0.0515399 575.458 575.458 1 1 0
0.0514512 575.234 575.234 1 1 0
0.0513627 575.01 575.01 1 1 0
0.0512743 574.784 574.784 1 1 0
0.0511861 574.557 574.557 1 1 0
0.0510981 574.33 574.33 1 1 0
0.0510102 574.101 574.101 1 1 0
0.0509225 573.871 573.871 1 1 0
0.050835 573.64 573.64 1 1 0
0.0507476 573.408 573.408 1 1 0
0.0506604 573.175 573.175 1 1 0
0.0505734 572.941 572.941 1 1 0
0.0504865 572.706 572.706 1 1 0
0.0503999 572.47 572.47 1 1 0
0.0503134 572.233 572.233 1 1 0
0.050227 571.995 571.995 1 1 0
0.0501409 571.755 571.755 1 1 0
0.0500549 571.515 571.515 1 1 0
0.0499691 571.273 571.273 1 1 0
0.0498835 571.031 571.031 1 1 0
0.0497981 570.787 570.787 1 1 0
0.0497129 570.543 570.543 1 1 0
0.0496278 570.297 570.297 1 1 0
0.0495429 570.05 570.05 1 1 0
0.0494583 569.803 569.803 1 1 0
0.0493738 569.554 569.554 1 1 0
0.0492894 569.304 569.304 1 1 0
0.0492053 569.053 569.053 1 1 0
0.0491214 568.801 568.801 1 1 0
0.0490376 568.548 568.548 1 1 0
0.0489541 568.294 568.294 1 1 0
0.0488707 568.039 568.039 1 1 0
0.0487876 567.783 567.783 1 1 0
0.0487046 567.525 567.525 1 1 0
0.0486218 567.267 567.267 1 1 0
0.0485392 567.008 567.008 1 1 0
0.0484569 566.748 566.748 1 1 0
0.0483747 566.486 566.486 1 1 0
0.0482927 566.224 566.224 1 1 0
0.0482109 565.96 565.96 1 1 0
0.0481293 565.696 565.696 1 1 0
0.0480479 565.43 565.43 1 1 0
0.0479667 565.164 565.164 1 1 0
0.0478858 564.896 564.896 1 1 0
0.047805 564.628 564.628 1 1 0
0.0477244 564.358 564.358 1 1 0
0.047644 564.088 564.088 1 1 0
0.0475639 563.816 563.816 1 1 0
0.0474839 563.543 563.543 1 1 0
0.0474042 563.27 563.27 1 1 0
0.0473246 562.995 562.995 1 1 0
0.0472453 562.719 562.719 1 1 0
0.0471662 562.443 562.443 1 1 0
0.0470873 562.165 562.165 1 1 0
0.0470086 561.887 561.887 1 1 0
0.0469301 561.607 561.607 1 1 0
0.0468518 561.326 561.326 1 1 0
0.0467737 561.045 561.045 1 1 0
0.0466959 560.762 560.762 1 1 0
0.0466182 560.478 560.478 1 1 0
0.0465408 560.194 560.194 1 1 0
0.0464636 559.908 559.908 1 1 0
0.0463866 559.622 559.622 1 1 0
0.0463098 559.334 559.334 1 1 0
0.0462333 559.046 559.046 1 1 0
0.0461569 558.757 558.757 1 1 0
0.0460808 558.466 558.466 1 1 0
0.0460049 558.175 558.175 1 1 0
0.0459292 557.883 557.883 1 1 0
0.0458537 557.589 557.589 1 1 0
0.0457784 557.295 557.295 1 1 0
0.0457034 557 557 1 1 0
0.0456286 556.704 556.704 1 1 0
0.045554 556.407 556.407 1 1 0
0.0454796 556.109 556.109 1 1 0
0.0454055 555.811 555.811 1 1 0
0.0453315 555.511 555.511 1 1 0
0.0452578 555.21 555.21 1 1 0
0.0451843 554.909 554.909 1 1 0
0.045111 554.606 554.606 1 1 0
0.045038 554.303 554.303 1 1 0
0.0449652 553.999 553.999 1 1 0
0.0448925 553.694 553.694 1 1 0
0.0448202 553.388 553.388 1 1 0
0.044748 553.081 553.081 1 1 0
0.0446761 552.773 552.773 1 1 0
0.0446044 552.464 552.464 1 1 0
0.0445329 552.155 552.155 1 1 0
0.0444616 551.844 551.844 1 1 0
0.0443906 551.533 551.533 1 1 0
0.0443197 551.221 551.221 1 1 0
0.0442491 550.908 550.908 1 1 0
0.0441788 550.594 550.594 1 1 0
0.0441086 550.28 550.28 1 1 0
0.0440387 549.964 549.964 1 1 0
0.043969 549.648 549.648 1 1 0
0.0438995 549.331 549.331 1 1 0
0.0438303 549.013 549.013 1 1 0
0.0437612 548.694 548.694 1 1 0
0.0436924 548.374 548.374 1 1 0
0.0436238 548.054 548.054 1 1 0
0.0435555 547.733 547.733 1 1 0
0.0434873 547.411 547.411 1 1 0
0.0434194 547.088 547.088 1 1 0
0.0433517 546.764 546.764 1 1 0
0.0432843 546.44 546.44 1 1 0
0.043217 546.115 546.115 1 1 0
0.04315 545.789 545.789 1 1 0
0.0430832 545.462 545.462 1 1 0
0.0430166 545.135 545.135 1 1 0
0.0429503 544.807 544.807 1 1 0
0.0428842 544.478 544.478 1 1 0
0.0428182 544.148 544.148 1 1 0
0.0427526 543.817 543.817 1 1 0
0.0426871 543.486 543.486 1 1 0
0.0426219 543.154 543.154 1 1 0
0.0425568 542.821 542.821 1 1 0
0.042492 542.488 542.488 1 1 0
0.0424274 542.154 542.154 1 1 0
0.0423631 541.819 541.819 1 1 0
0.0422989 541.484 541.484 1 1 0
0.042235 541.147 541.147 1 1 0
0.0421713 540.81 540.81 1 1 0
0.0421078 540.473 540.473 1 1 0
0.0420446 540.134 540.134 1 1 0
0.0419815 539.795 539.795 1 1 0
0.0419187 539.455 539.455 1 1 0
0.0418561 539.115 539.115 1 1 0
0.0417937 538.774 538.774 1 1 0
0.0417315 538.432 538.432 1 1 0
0.0416695 538.09 538.09 1 1 0
0.0416078 537.747 537.747 1 1 0
0.0415462 537.403 537.403 1 1 0
0.0414849 537.059 537.059 1 1 0
0.0414238 536.714 536.714 1 1 0
0.0413629 536.368 536.368 1 1 0
0.0413022 536.022 536.022 1 1 0
0.0412417 535.675 535.675 1 1 0
0.0411815 535.327 535.327 1 1 0
0.0411214 534.979 534.979 1 1 0
0.0410616 534.63 534.63 1 1 0
0.041002 534.281 534.281 1 1 0
0.0409426 533.931 533.931 1 1 0
0.0408834 533.58 533.58 1 1 0
0.0408244 533.229 533.229 1 1 0
0.0407656 532.878 532.878 1 1 0
0.040707 532.525 532.525 1 1 0
0.0406487 532.172 532.172 1 1 0
0.0405905 531.819 531.819 1 1 0
0.0405325 531.465 531.465 1 1 0
0.0404748 531.11 531.11 1 1 0
0.0404172 530.755 530.755 1 1 0
0.0403599 530.399 530.399 1 1 0
0.0403028 530.043 530.043 1 1 0
0.0402458 529.686 529.686 1 1 0
0.0401891 529.328 529.328 1 1 0
0.0401326 528.971 528.971 1 1 0
0.0400762 528.612 528.612 1 1 0
0.0400201 528.253 528.253 1 1 0
0.0399642 527.893 527.893 1 1 0
0.0399085 527.533 527.533 1 1 0
0.0398529 527.173 527.173 1 1 0
0.0397976 526.812 526.812 1 1 0
0.0397425 526.45 526.45 1 1 0
0.0396875 526.088 526.088 1 1 0
0.0396328 525.725 525.725 1 1 0
0.0395783 525.362 525.362 1 1 0
0.0395239 524.999 524.999 1 1 0
0.0394697 524.635 524.635 1 1 0
0.0394158 524.27 524.27 1 1 0
0.039362 523.905 523.905 1 1 0
0.0393084 523.539 523.539 1 1 0
0.0392551 523.173 523.173 1 1 0
0.0392019 522.807 522.807 1 1 0
0.0391489 522.44 522.44 1 1 0
0.0390961 522.073 522.073 1 1 0
0.0390434 521.705 521.705 1 1 0
0.038991 521.336 521.336 1 1 0
0.0389387 520.968 520.968 1 1 0
0.0388867 520.598 520.598 1 1 0
0.0388348 520.229 520.229 1 1 0
0.0387831 519.859 519.859 1 1 0
0.0387316 519.488 519.488 1 1 0
0.0386803 519.117 519.117 1 1 0
0.0386292 518.746 518.746 1 1 0
0.0385782 518.374 518.374 1 1 0
0.0385274 518.002 518.002 1 1 0
0.0384768 517.629 517.629 1 1 0
0.0384264 517.256 517.256 1 1 0
0.0383762 516.883 516.883 1 1 0
0.0383261 516.509 516.509 1 1 0
0.0382763 516.135 516.135 1 1 0
0.0382266 515.76 515.76 1 1 0
0.038177 515.385 515.385 1 1 0
0.0381277 515.01 515.01 1 1 0
0.0380785 514.634 514.634 1 1 0
0.0380295 514.258 514.258 1 1 0
0.0379807 513.881 513.881 1 1 0
0.0379321 513.504 513.504 1 1 0
0.0378836 513.127 513.127 1 1 0
0.0378353 512.749 512.749 1 1 0
0.0377872 512.371 512.371 1 1 0
0.0377392 511.993 511.993 1 1 0
0.0376914 511.614 511.614 1 1 0
0.0376438 511.235 511.235 1 1 0
0.0375963 510.855 510.855 1 1 0
0.0375491 510.475 510.475 1 1 0
0.0375019 510.095 510.095 1 1 0
0.037455 509.715 509.715 1 1 0
0.0374082 509.334 509.334 1 1 0
0.0373616 508.953 508.953 1 1 0
0.0373151 508.571 508.571 1 1 0
0.0372688 508.189 508.189 1 1 0
0.0372227 507.807 507.807 1 1 0
0.0371767 507.425 507.425 1 1 0
0.0371309 507.042 507.042 1 1 0
0.0370853 506.659 506.659 1 1 0
0.0370853 506.659 506.659 2 1 0
0.0370816 506.628 506.628 1 1 0
0.037078 506.597 506.597 1 1 0
0.0370707 506.536 506.536 1 1 0
0.0370561 506.413 506.413 1 1 0
0.0370271 506.168 506.168 1 1 0
0.0369818 505.784 505.784 1 1 0
0.0369366 505.4 505.4 1 1 0
0.0368917 505.015 505.015 1 1 0
0.0368469 504.63 504.63 1 1 0
0.0368022 504.245 504.245 1 1 0
0.0367577 503.86 503.86 1 1 0
0.0367134 503.474 503.474 1 1 0
0.0366692 503.088 503.088 1 1 0
0.0366251 502.702 502.702 1 1 0
0.0365812 502.315 502.315 1 1 0
0.0365375 501.929 501.929 1 1 0
0.0364939 501.541 501.541 1 1 0
0.0364505 501.154 501.154 1 1 0
0.0364072 500.766 500.766 1 1 0
0.0363641 500.378 500.378 1 1 0
0.0363211 499.99 499.99 1 1 0
0.0362782 499.602 499.602 1 1 0
0.0362355 499.213 499.213 1 1 0
0.036193 498.824 498.824 1 1 0
0.0361506 498.435 498.435 1 1 0
0.0361083 498.045 498.045 1 1 0
0.0360662 497.655 497.655 1 1 0
0.0360243 497.265 497.265 1 1 0
0.0359825 496.875 496.875 1 1 0
0.0359408 496.484 496.484 1 1 0
0.0358992 496.094 496.094 1 1 0
0.0358578 495.703 495.703 1 1 0
0.0358166 495.311 495.311 1 1 0
0.0357755 494.92 494.92 1 1 0
0.0357345 494.528 494.528 1 1 0
0.0356936 494.136 494.136 1 1 0
0.0356529 493.744 493.744 1 1 0
0.0356124 493.351 493.351 1 1 0
0.035572 492.959 492.959 1 1 0
0.0355317 492.566 492.566 1 1 0
0.0354915 492.173 492.173 1 1 0
0.0354515 491.779 491.779 1 1 0
0.0354116 491.386 491.386 1 1 0
0.0353718 490.992 490.992 1 1 0
0.0353322 490.598 490.598 1 1 0
0.0352927 490.204 490.204 1 1 0
0.0352534 489.809 489.809 1 1 0
0.0352142 489.414 489.414 1 1 0
0.0351751 489.02 489.02 1 1 0
0.0351361 488.625 488.625 1 1 0
0.0350973 488.229 488.229 1 1 0
0.0350585 487.834 487.834 1 1 0
0.03502 487.438 487.438 1 1 0
0.0349815 487.042 487.042 1 1 0
0.0349432 486.646 486.646 1 1 0
0.034905 486.25 486.25 1 1 0
0.0348669 485.853 485.853 1 1 0
0.034829 485.457 485.457 1 1 0
0.0347911 485.06 485.06 1 1 0
0.0347534 484.663 484.663 1 1 0
0.0347159 484.266 484.266 1 1 0
0.0346784 483.868 483.868 1 1 0
0.0346411 483.471 483.471 1 1 0
0.0346039 483.073 483.073 1 1 0
0.0345668 482.675 482.675 1 1 0
0.0345298 482.277 482.277 1 1 0
0.034493 481.878 481.878 1 1 0
0.0344562 481.48 481.48 1 1 0
0.0344196 481.081 481.081 1 1 0
0.0343831 480.682 480.682 1 1 0
0.0343467 480.283 480.283 1 1 0
0.0343105 479.884 479.884 1 1 0
0.0342743 479.485 479.485 1 1 0
0.0342383 479.086 479.086 1 1 0
0.0342024 478.686 478.686 1 1 0
0.0341666 478.286 478.286 1 1 0
0.0341309 477.886 477.886 1 1 0
0.0340954 477.486 477.486 1 1 0
0.0340599 477.086 477.086 1 1 0
0.0340246 476.685 476.685 1 1 0
0.0339893 476.285 476.285 1 1 0
0.0339542 475.884 475.884 1 1 0
0.0339192 475.483 475.483 1 1 0
0.0338843 475.082 475.082 1 1 0
0.0338495 474.681 474.681 1 1 0
0.0338148 474.279 474.279 1 1 0
0.0337803 473.878 473.878 1 1 0
0.0337458 473.476 473.476 1 1 0
0.0337115 473.074 473.074 1 1 0
0.0336772 472.673 472.673 1 1 0
0.0336431 472.271 472.271 1 1 0
0.033609 471.868 471.868 1 1 0
0.0335751 471.466 471.466 1 1 0
0.0335413 471.064 471.064 1 1 0
0.0335076 470.661 470.661 1 1 0
0.033474 470.258 470.258 1 1 0
0.0334405 469.855 469.855 1 1 0
0.0334071 469.452 469.452 1 1 0
0.0333738 469.049 469.049 1 1 0
0.0333406 468.646 468.646 1 1 0
0.0333075 468.243 468.243 1 1 0
0.0332745 467.839 467.839 1 1 0
0.0332416 467.435 467.435 1 1 0
0.0332088 467.032 467.032 1 1 0
0.0331761 466.628 466.628 1 1 0
0.0331435 466.224 466.224 1 1 0
0.033111 465.82 465.82 1 1 0
0.0330786 465.416 465.416 1 1 0
0.0330463 465.011 465.011 1 1 0
0.0330141 464.607 464.607 1 1 0
0.032982 464.202 464.202 1 1 0
0.03295 463.797 463.797 1 1 0
0.0329181 463.393 463.393 1 1 0
0.0328863 462.988 462.988 1 1 0
0.0328546 462.583 462.583 1 1 0
0.032823 462.178 462.178 1 1 0
0.0327915 461.772 461.772 1 1 0
0.03276 461.367 461.367 1 1 0
0.0327287 460.962 460.962 1 1 0
0.0326975 460.556 460.556 1 1 0
0.0326663 460.15 460.15 1 1 0
0.0326353 459.745 459.745 1 1 0
0.0326043 459.339 459.339 1 1 0
0.0325734 458.933 458.933 1 1 0
0.0325427 458.527 458.527 1 1 0
0.032512 458.121 458.121 1 1 0
0.0324814 457.714 457.714 1 1 0
0.0324509 457.308 457.308 1 1 0
0.0324204 456.902 456.902 1 1 0
0.0323901 456.495 456.495 1 1 0
0.0323599 456.088 456.088 1 1 0
0.0323297 455.682 455.682 1 1 0
0.0322997 455.275 455.275 1 1 0
0.0322697 454.868 454.868 1 1 0
0.0322398 454.461 454.461 1 1 0
0.03221 454.054 454.054 1 1 0
0.0321803 453.647 453.647 1 1 0
0.0321507 453.239 453.239 1 1 0
0.0321211 452.832 452.832 1 1 0
0.0320917 452.425 452.425 1 1 0
0.0320623 452.017 452.017 1 1 0
0.032033 451.609 451.609 1 1 0
0.0320038 451.202 451.202 1 1 0
0.0319747 450.794 450.794 1 1 0
0.0319456 450.386 450.386 1 1 0
0.0319167 449.978 449.978 1 1 0
0.0318878 449.57 449.57 1 1 0
0.031859 449.162 449.162 1 1 0
0.0318303 448.754 448.754 1 1 0
0.0318017 448.346 448.346 1 1 0
0.0317732 447.937 447.937 1 1 0
0.0317447 447.529 447.529 1 1 0
0.0317163 447.12 447.12 1 1 0
0.031688 446.712 446.712 1 1 0
0.0316598 446.303 446.303 1 1 0
0.0316317 445.895 445.895 1 1 0
0.0316036 445.486 445.486 1 1 0
0.0315756 445.077 445.077 1 1 0
0.0315477 444.668 444.668 1 1 0
0.0315199 444.259 444.259 1 1 0
0.0314922 443.85 443.85 1 1 0
0.0314645 443.441 443.441 1 1 0
0.0314369 443.032 443.032 1 1 0
0.0314094 442.623 442.623 1 1 0
0.031382 442.213 442.213 1 1 0
0.0313546 441.804 441.804 1 1 0
0.0313273 441.394 441.394 1 1 0
0.0313001 440.985 440.985 1 1 0
0.031273 440.575 440.575 1 1 0
0.0312459 440.166 440.166 1 1 0
0.0312189 439.756 439.756 1 1 0
0.031192 439.346 439.346 1 1 0
0.0311652 438.936 438.936 1 1 0
0.0311384 438.527 438.527 1 1 0
0.0311117 438.117 438.117 1 1 0
0.0310851 437.707 437.707 1 1 0
0.0310586 437.297 437.297 1 1 0
0.0310321 436.887 436.887 1 1 0
0.0310057 436.476 436.476 1 1 0
0.0309794 436.066 436.066 1 1 0
0.0309531 435.656 435.656 1 1 0
0.0309269 435.246 435.246 1 1 0
0.0309008 434.835 434.835 1 1 0
0.0308748 434.425 434.425 1 1 0
0.0308488 434.014 434.014 1 1 0
0.0308229 433.604 433.604 1 1 0
0.0307971 433.193 433.193 1 1 0
0.0307713 432.783 432.783 1 1 0
0.0307456 432.372 432.372 1 1 0
0.03072 431.961 431.961 1 1 0
0.0306944 431.551 431.551 1 1 0
0.0306689 431.14 431.14 1 1 0
0.0306435 430.729 430.729 1 1 0
0.0306181 430.318 430.318 1 1 0
0.0305929 429.907 429.907 1 1 0
0.0305676 429.496 429.496 1 1 0
0.0305425 429.085 429.085 1 1 0
0.0305174 428.674 428.674 1 1 0
0.0304924 428.263 428.263 1 1 0
0.0304674 427.852 427.852 1 1 0
0.0304426 427.44 427.44 1 1 0
0.0304177 427.029 427.029 1 1 0
0.030393 426.618 426.618 1 1 0
0.0303683 426.206 426.206 1 1 0
0.0303437 425.795 425.795 1 1 0
0.0303191 425.384 425.384 1 1 0
0.0302946 424.972 424.972 1 1 0
0.0302702 424.561 424.561 1 1 0
0.0302458 424.149 424.149 1 1 0
0.0302215 423.738 423.738 1 1 0
0.0301972 423.326 423.326 1 1 0
0.0301731 422.914 422.914 1 1 0
0.0301489 422.503 422.503 1 1 0
0.0301249 422.091 422.091 1 1 0
0.0301009 421.679 421.679 1 1 0
0.030077 421.267 421.267 1 1 0
0.0300531 420.855 420.855 1 1 0
0.0300293 420.444 420.444 1 1 0
0.0300055 420.032 420.032 1 1 0
0.0299819 419.62 419.62 1 1 0
0.0299582 419.208 419.208 1 1 0
0.0299347 418.796 418.796 1 1 0
0.0299112 418.384 418.384 1 1 0
0.0298877 417.972 417.972 1 1 0
0.0298643 417.56 417.56 1 1 0
0.029841 417.147 417.147 1 1 0
0.0298178 416.735 416.735 1 1 0
0.0297945 416.323 416.323 1 1 0
0.0297714 415.911 415.911 1 1 0
0.0297483 415.499 415.499 1 1 0
0.0297253 415.086 415.086 1 1 0
0.0297023 414.674 414.674 1 1 0
0.0296794 414.262 414.262 1 1 0
0.0296565 413.849 413.849 1 1 0
0.0296337 413.437 413.437 1 1 0
0.029611 413.025 413.025 1 1 0
0.0295883 412.612 412.612 1 1 0
0.0295657 412.2 412.2 1 1 0
0.0295431 411.787 411.787 1 1 0
0.0295206 411.375 411.375 1 1 0
0.0294981 410.962 410.962 1 1 0
0.0294757 410.55 410.55 1 1 0
0.0294534 410.137 410.137 1 1 0
0.0294311 409.725 409.725 1 1 0
0.0294089 409.312 409.312 1 1 0
0.0293867 408.899 408.899 1 1 0
0.0293646 408.487 408.487 1 1 0
0.0293425 408.074 408.074 1 1 0
0.0293205 407.661 407.661 1 1 0
0.0292985 407.249 407.249 1 1 0
0.0292766 406.836 406.836 1 1 0
0.0292548 406.423 406.423 1 1 0
0.029233 406.01 406.01 1 1 0
0.0292112 405.598 405.598 1 1 0
0.0291895 405.185 405.185 1 1 0
0.0291679 404.772 404.772 1 1 0
0.0291463 404.359 404.359 1 1 0
0.0291248 403.946 403.946 1 1 0
0.0291033 403.533 403.533 1 1 0
0.0290819 403.121 403.121 1 1 0
0.0290605 402.708 402.708 1 1 0
0.0290392 402.295 402.295 1 1 0
0.0290179 401.882 401.882 1 1 0
0.0289967 401.469 401.469 1 1 0
0.0289755 401.056 401.056 1 1 0
0.0289544 400.643 400.643 1 1 0
0.0289333 400.23 400.23 1 1 0
0.0289123 399.817 399.817 1 1 0
0.0288913 399.404 399.404 1 1 0
0.0288704 398.991 398.991 1 1 0
0.0288495 398.578 398.578 1 1 0
0.0288287 398.165 398.165 1 1 0
0.028808 397.752 397.752 1 1 0
0.0287873 397.339 397.339 1 1 0
0.0287666 396.926 396.926 1 1 0
0.028746 396.512 396.512 1 1 0
0.0287254 396.099 396.099 1 1 0
0.0287049 395.686 395.686 1 1 0
0.0286844 395.273 395.273 1 1 0
0.028664 394.86 394.86 1 1 0
0.0286436 394.447 394.447 1 1 0
0.0286233 394.034 394.034 1 1 0
0.028603 393.62 393.62 1 1 0
0.0285828 393.207 393.207 1 1 0
0.0285626 392.794 392.794 1 1 0
0.0285425 392.381 392.381 1 1 0
0.0285224 391.968 391.968 1 1 0
0.0285024 391.554 391.554 1 1 0
0.0284824 391.141 391.141 1 1 0
0.0284625 390.728 390.728 1 1 0
0.0284426 390.315 390.315 1 1 0
0.0284227 389.902 389.902 1 1 0
0.0284029 389.488 389.488 1 1 0
0.0283832 389.075 389.075 1 1 0
0.0283635 388.662 388.662 1 1 0
0.0283438 388.249 388.249 1 1 0
0.0283242 387.835 387.835 1 1 0
0.0283046 387.422 387.422 1 1 0
0.0282851 387.009 387.009 1 1 0
0.0282656 386.596 386.596 1 1 0
0.0282462 386.182 386.182 1 1 0
0.0282268 385.769 385.769 1 1 0
0.0282075 385.356 385.356 1 1 0
0.0281882 384.943 384.943 1 1 0
0.0281689 384.529 384.529 1 1 0
0.0281497 384.116 384.116 1 1 0
0.0281305 383.703 383.703 1 1 0
0.0281114 383.29 383.29 1 1 0
0.0280923 382.876 382.876 1 1 0
0.0280733 382.463 382.463 1 1 0
0.0280543 382.05 382.05 1 1 0
0.0280354 381.636 381.636 1 1 0
0.0280165 381.223 381.223 1 1 0
0.0279976 380.81 380.81 1 1 0
0.0279788 380.397 380.397 1 1 0
0.02796 379.983 379.983 1 1 0
0.0279413 379.57 379.57 1 1 0
0.0279226 379.157 379.157 1 1 0
0.027904 378.744 378.744 1 1 0
0.0278854 378.33 378.33 1 1 0
0.0278669 377.917 377.917 1 1 0
0.0278483 377.504 377.504 1 1 0
0.0278299 377.091 377.091 1 1 0
0.0278114 376.677 376.677 1 1 0
0.0277931 376.264 376.264 1 1 0
0.0277747 375.851 375.851 1 1 0
0.0277564 375.438 375.438 1 1 0
0.0277382 375.024 375.024 1 1 0
0.0277199 374.611 374.611 1 1 0
0.0277018 374.198 374.198 1 1 0
0.0276836 373.785 373.785 1 1 0
0.0276655 373.371 373.371 1 1 0
0.0276475 372.958 372.958 1 1 0
0.0276295 372.545 372.545 1 1 0
0.0276115 372.132 372.132 1 1 0
0.0275936 371.719 371.719 1 1 0
0.0275757 371.305 371.305 1 1 0
0.0275578 370.892 370.892 1 1 0
0.02754 370.479 370.479 1 1 0
0.0275222 370.066 370.066 1 1 0
0.0275045 369.653 369.653 1 1 0
0.0274868 369.24 369.24 1 1 0
0.0274692 368.827 368.827 1 1 0
0.0274516 368.413 368.413 1 1 0
0.027434 368 368 1 1 0
0.0274165 367.587 367.587 1 1 0
0.027399 367.174 367.174 1 1 0
0.0273815 366.761 366.761 1 1 0
0.0273641 366.348 366.348 1 1 0
0.0273467 365.935 365.935 1 1 0
0.0273294 365.522 365.522 1 1 0
0.0273121 365.109 365.109 1 1 0
0.0272948 364.696 364.696 1 1 0
0.0272776 364.283 364.283 1 1 0
0.0272604 363.87 363.87 1 1 0
0.0272433 363.457 363.457 1 1 0
0.0272262 363.044 363.044 1 1 0
0.0272091 362.631 362.631 1 1 0
0.0271921 362.218 362.218 1 1 0
0.0271751 361.805 361.805 1 1 0
0.0271582 361.392 361.392 1 1 0
0.0271412 360.979 360.979 1 1 0
0.0271244 360.566 360.566 1 1 0
0.0271075 360.153 360.153 1 1 0
0.0270907 359.74 359.74 1 1 0
0.027074 359.327 359.327 1 1 0
0.0270572 358.914 358.914 1 1 0
0.0270405 358.502 358.502 1 1 0
0.0270239 358.089 358.089 1 1 0
0.0270073 357.676 357.676 1 1 0
0.0269907 357.263 357.263 1 1 0
0.0269741 356.85 356.85 1 1 0
0.0269576 356.438 356.438 1 1 0
0.0269412 356.025 356.025 1 1 0
0.0269247 355.612 355.612 1 1 0
0.0269083 355.199 355.199 1 1 0
0.026892 354.787 354.787 1 1 0
0.0268756 354.374 354.374 1 1 0
0.0268594 353.961 353.961 1 1 0
0.0268431 353.549 353.549 1 1 0
0.0268269 353.136 353.136 1 1 0
0.0268107 352.723 352.723 1 1 0
0.0267946 352.311 352.311 1 1 0
0.0267784 351.898 351.898 1 1 0
0.0267624 351.486 351.486 1 1 0
0.0267463 351.073 351.073 1 1 0
0.0267303 350.66 350.66 1 1 0
0.0267143 350.248 350.248 1 1 0
0.0266984 349.835 349.835 1 1 0
0.0266825 349.423 349.423 1 1 0
0.0266666 349.01 349.01 1 1 0
0.0266508 348.598 348.598 1 1 0
0.026635 348.186 348.186 1 1 0
0.0266193 347.773 347.773 1 1 0
0.0266035 347.361 347.361 1 1 0
0.0265878 346.948 346.948 1 1 0
0.0265722 346.536 346.536 1 1 0
0.0265566 346.124 346.124 1 1 0
0.026541 345.711 345.711 1 1 0
0.0265254 345.299 345.299 1 1 0
0.0265099 344.887 344.887 1 1 0
0.0264944 344.475 344.475 1 1 0
0.026479 344.062 344.062 1 1 0
0.0264635 343.65 343.65 1 1 0
0.0264482 343.238 343.238 1 1 0
0.0264328 342.826 342.826 1 1 0
0.0264175 342.414 342.414 1 1 0
0.0264022 342.001 342.001 1 1 0
0.0263869 341.589 341.589 1 1 0
0.0263717 341.177 341.177 1 1 0
0.0263565 340.765 340.765 1 1 0
0.0263414 340.353 340.353 1 1 0
0.0263263 339.941 339.941 1 1 0
0.0263112 339.529 339.529 1 1 0
0.0262961 339.117 339.117 1 1 0
0.0262811 338.705 338.705 1 1 0
0.0262661 338.293 338.293 1 1 0
0.0262512 337.881 337.881 1 1 0
0.0262363 337.47 337.47 1 1 0
0.0262214 337.058 337.058 1 1 0
0.0262065 336.646 336.646 1 1 0
0.0261917 336.234 336.234 1 1 0
0.0261769 335.822 335.822 1 1 0
0.0261621 335.411 335.411 1 1 0
0.0261474 334.999 334.999 1 1 0
0.0261327 334.587 334.587 1 1 0
0.026118 334.176 334.176 1 1 0
0.0261034 333.764 333.764 1 1 0
0.0260888 333.352 333.352 1 1 0
0.0260742 332.941 332.941 1 1 0
0.0260597 332.529 332.529 1 1 0
0.0260452 332.118 332.118 1 1 0
0.0260307 331.706 331.706 1 1 0
0.0260163 331.295 331.295 1 1 0
0.0260019 330.883 330.883 1 1 0
0.0259875 330.472 330.472 1 1 0
0.0259732 330.06 330.06 1 1 0
0.0259588 329.649 329.649 1 1 0
0.0259446 329.238 329.238 1 1 0
0.0259303 328.826 328.826 1 1 0
0.0259161 328.415 328.415 1 1 0
0.0259019 328.004 328.004 1 1 0
0.0258877 327.592 327.592 1 1 0
0.0258736 327.181 327.181 1 1 0
0.0258595 326.77 326.77 1 1 0
0.0258454 326.359 326.359 1 1 0
0.0258314 325.948 325.948 1 1 0
0.0258174 325.537 325.537 1 1 0
0.0258034 325.126 325.126 1 1 0
0.0257895 324.715 324.715 1 1 0
0.0257756 324.304 324.304 1 1 0
0.0257617 323.893 323.893 1 1 0
0.0257478 323.482 323.482 1 1 0
0.025734 323.071 323.071 1 1 0
0.0257202 322.66 322.66 1 1 0
0.0257065 322.249 322.249 1 1 0
0.0256927 321.838 321.838 1 1 0
0.025679 321.427 321.427 1 1 0
0.0256653 321.017 321.017 1 1 0
0.0256517 320.606 320.606 1 1 0
0.0256381 320.195 320.195 1 1 0
0.0256245 319.784 319.784 1 1 0
0.025611 319.374 319.374 1 1 0
0.0255974 318.963 318.963 1 1 0
0.0255839 318.553 318.553 1 1 0
0.0255705 318.142 318.142 1 1 0
0.0255571 317.732 317.732 1 1 0
0.0255436 317.321 317.321 1 1 0
0.0255303 316.911 316.911 1 1 0
0.0255169 316.5 316.5 1 1 0
0.0255036 316.09 316.09 1 1 0
0.0254903 315.68 315.68 1 1 0
0.0254771 315.269 315.269 1 1 0
0.0254638 314.859 314.859 1 1 0
0.0254506 314.449 314.449 1 1 0
0.0254375 314.038 314.038 1 1 0
0.0254243 313.628 313.628 1 1 0
0.0254112 313.218 313.218 1 1 0
0.0253981 312.808 312.808 1 1 0
0.0253851 312.398 312.398 1 1 0
0.0253721 311.988 311.988 1 1 0
0.0253591 311.578 311.578 1 1 0
0.0253461 311.168 311.168 1 1 0
0.0253332 310.758 310.758 1 1 0
0.0253203 310.348 310.348 1 1 0
0.0253074 309.938 309.938 1 1 0
0.0252945 309.528 309.528 1 1 0
0.0252817 309.119 309.119 1 1 0
0.0252689 308.709 308.709 1 1 0
0.0252562 308.299 308.299 1 1 0
0.0252434 307.89 307.89 1 1 0
0.0252307 307.48 307.48 1 1 0
0.025218 307.07 307.07 1 1 0
0.0252054 306.661 306.661 1 1 0
0.0251928 306.251 306.251 1 1 0
0.0251802 305.842 305.842 1 1 0
0.0251676 305.432 305.432 1 1 0
0.0251551 305.023 305.023 1 1 0
0.0251425 304.613 304.613 1 1 0
0.0251425 304.613 304.613 2 1 0
0.0251415 304.581 304.581 1 1 0
0.0251405 304.548 304.548 1 1 0
0.0251386 304.482 304.482 1 1 0
0.0251346 304.351 304.351 1 1 0
0.0251266 304.089 304.089 1 1 0
0.0251141 303.68 303.68 1 1 0
0.0251017 303.271 303.271 1 1 0
0.0250893 302.862 302.862 1 1 0
0.025077 302.452 302.452 1 1 0
0.0250646 302.043 302.043 1 1 0
0.0250523 301.634 301.634 1 1 0
0.02504 301.225 301.225 1 1 0
0.0250278 300.816 300.816 1 1 0
0.0250156 300.407 300.407 1 1 0
0.0250034 299.998 299.998 1 1 0
0.0249912 299.589 299.589 1 1 0
0.0249791 299.18 299.18 1 1 0
0.024967 298.771 298.771 1 1 0
0.0249549 298.363 298.363 1 1 0
0.0249428 297.954 297.954 1 1 0
0.0249308 297.545 297.545 1 1 0
0.0249188 297.137 297.137 1 1 0
0.0249068 296.728 296.728 1 1 0
0.0248949 296.319 296.319 1 1 0
0.024883 295.911 295.911 1 1 0
0.0248711 295.502 295.502 1 1 0
0.0248592 295.094 295.094 1 1 0
0.0248474 294.685 294.685 1 1 0
0.0248356 294.277 294.277 1 1 0
0.0248238 293.869 293.869 1 1 0
0.024812 293.46 293.46 1 1 0
0.0248003 293.052 293.052 1 1 0
0.0247886 292.644 292.644 1 1 0
0.0247769 292.236 292.236 1 1 0
0.0247653 291.828 291.828 1 1 0
0.0247536 291.419 291.419 1 1 0
0.0247421 291.011 291.011 1 1 0
0.0247305 290.603 290.603 1 1 0
0.024719 290.195 290.195 1 1 0
0.0247074 289.787 289.787 1 1 0
0.024696 289.38 289.38 1 1 0
0.0246845 288.972 288.972 1 1 0
0.0246731 288.564 288.564 1 1 0
0.0246617 288.156 288.156 1 1 0
0.0246503 287.749 287.749 1 1 0
0.024639 287.341 287.341 1 1 0
0.0246276 286.933 286.933 1 1 0
0.0246163 286.526 286.526 1 1 0
0.0246051 286.118 286.118 1 1 0
0.0245938 285.711 285.711 1 1 0
0.0245826 285.303 285.303 1 1 0
0.0245714 284.896 284.896 1 1 0
0.0245603 284.488 284.488 1 1 0
0.0245491 284.081 284.081 1 1 0
0.024538 283.674 283.674 1 1 0
0.0245269 283.267 283.267 1 1 0
0.0245159 282.86 282.86 1 1 0
0.0245049 282.452 282.452 1 1 0
0.0244939 282.045 282.045 1 1 0
0.0244829 281.638 281.638 1 1 0
0.0244719 281.231 281.231 1 1 0
0.024461 280.824 280.824 1 1 0
0.0244501 280.418 280.418 1 1 0
0.0244392 280.011 280.011 1 1 0
0.0244284 279.604 279.604 1 1 0
0.0244176 279.197 279.197 1 1 0
0.0244068 278.79 278.79 1 1 0
0.024396 278.384 278.384 1 1 0
0.0243853 277.977 277.977 1 1 0
0.0243746 277.571 277.571 1 1 0
0.0243639 277.164 277.164 1 1 0
0.0243533 276.758 276.758 1 1 0
0.0243426 276.351 276.351 1 1 0
0.024332 275.945 275.945 1 1 0
0.0243214 275.539 275.539 1 1 0
0.0243109 275.132 275.132 1 1 0
0.0243004 274.726 274.726 1 1 0
0.0242899 274.32 274.32 1 1 0
0.0242794 273.914 273.914 1 1 0
0.024269 273.508 273.508 1 1 0
0.0242585 273.102 273.102 1 1 0
0.0242481 272.696 272.696 1 1 0
0.0242378 272.29 272.29 1 1 0
0.0242274 271.884 271.884 1 1 0
0.0242171 271.478 271.478 1 1 0
0.0242068 271.072 271.072 1 1 0
0.0241966 270.667 270.667 1 1 0
0.0241863 270.261 270.261 1 1 0
0.0241761 269.855 269.855 1 1 0
0.024166 269.45 269.45 1 1 0
0.0241558 269.044 269.044 1 1 0
0.0241457 268.639 268.639 1 1 0
0.0241356 268.233 268.233 1 1 0
0.0241255 267.828 267.828 1 1 0
0.0241154 267.423 267.423 1 1 0
0.0241054 267.017 267.017 1 1 0
0.0240954 266.612 266.612 1 1 0
0.0240854 266.207 266.207 1 1 0
0.0240755 265.802 265.802 1 1 0
0.0240656 265.397 265.397 1 1 0
0.0240557 264.992 264.992 1 1 0
0.0240458 264.587 264.587 1 1 0
0.024036 264.182 264.182 1 1 0
0.0240262 263.777 263.777 1 1 0
0.0240164 263.372 263.372 1 1 0
0.0240066 262.968 262.968 1 1 0
0.0239969 262.563 262.563 1 1 0
0.0239872 262.158 262.158 1 1 0
0.0239775 261.754 261.754 1 1 0
0.0239678 261.349 261.349 1 1 0
0.0239582 260.945 260.945 1 1 0
0.0239486 260.54 260.54 1 1 0
0.023939 260.136 260.136 1 1 0
0.0239294 259.732 259.732 1 1 0
0.0239199 259.327 259.327 1 1 0
0.0239104 258.923 258.923 1 1 0
0.0239009 258.519 258.519 1 1 0
0.0238915 258.115 258.115 1 1 0
0.0238821 257.711 257.711 1 1 0
0.0238727 257.307 257.307 1 1 0
0.0238633 256.903 256.903 1 1 0
0.023854 256.499 256.499 1 1 0
0.0238447 256.095 256.095 1 1 0
0.0238354 255.691 255.691 1 1 0
0.0238261 255.288 255.288 1 1 0
0.0238169 254.884 254.884 1 1 0
0.0238077 254.48 254.48 1 1 0
0.0237985 254.077 254.077 1 1 0
0.0237893 253.673 253.673 1 1 0
0.0237802 253.27 253.27 1 1 0
0.0237711 252.867 252.867 1 1 0
0.023762 252.463 252.463 1 1 0
0.0237529 252.06 252.06 1 1 0
0.0237439 251.657 251.657 1 1 0
0.0237349 251.254 251.254 1 1 0
0.0237259 250.851 250.851 1 1 0
0.023717 250.448 250.448 1 1 0
0.0237081 250.045 250.045 1 1 0
0.0236992 249.642 249.642 1 1 0
0.0236903 249.239 249.239 1 1 0
0.0236815 248.836 248.836 1 1 0
0.0236727 248.433 248.433 1 1 0
0.0236639 248.031 248.031 1 1 0
0.0236551 247.628 247.628 1 1 0
0.0236464 247.226 247.226 1 1 0
0.0236377 246.823 246.823 1 1 0
0.023629 246.421 246.421 1 1 0
0.0236203 246.018 246.018 1 1 0
0.0236117 245.616 245.616 1 1 0
0.0236031 245.214 245.214 1 1 0
0.0235945 244.811 244.811 1 1 0
0.023586 244.409 244.409 1 1 0
0.0235774 244.007 244.007 1 1 0
0.023569 243.605 243.605 1 1 0
0.0235605 243.203 243.203 1 1 0
0.023552 242.801 242.801 1 1 0
0.0235436 242.399 242.399 1 1 0
0.0235352 241.998 241.998 1 1 0
0.0235269 241.596 241.596 1 1 0
0.0235185 241.194 241.194 1 1 0
0.0235102 240.793 240.793 1 1 0
0.023502 240.391 240.391 1 1 0
0.0234937 239.99 239.99 1 1 0
0.0234855 239.588 239.588 1 1 0
0.0234773 239.187 239.187 1 1 0
0.0234691 238.786 238.786 1 1 0
0.023461 238.384 238.384 1 1 0
0.0234528 237.983 237.983 1 1 0
0.0234448 237.582 237.582 1 1 0
0.0234367 237.181 237.181 1 1 0
0.0234287 236.78 236.78 1 1 0
0.0234206 236.379 236.379 1 1 0
0.0234127 235.978 235.978 1 1 0
0.0234047 235.578 235.578 1 1 0
0.0233968 235.177 235.177 1 1 0
0.0233889 234.776 234.776 1 1 0
0.023381 234.376 234.376 1 1 0
0.0233732 233.975 233.975 1 1 0
0.0233653 233.575 233.575 1 1 0
0.0233575 233.174 233.174 1 1 0
0.0233498 232.774 232.774 1 1 0
0.0233421 232.374 232.374 1 1 0
0.0233343 231.973 231.973 1 1 0
0.0233267 231.573 231.573 1 1 0
0.023319 231.173 231.173 1 1 0
0.0233114 230.773 230.773 1 1 0
0.0233038 230.373 230.373 1 1 0
0.0232962 229.973 229.973 1 1 0
0.0232887 229.574 229.574 1 1 0
0.0232812 229.174 229.174 1 1 0
0.0232737 228.774 228.774 1 1 0
0.0232662 228.374 228.374 1 1 0
0.0232588 227.975 227.975 1 1 0
0.0232514 227.575 227.575 1 1 0
0.023244 227.176 227.176 1 1 0
0.0232367 226.777 226.777 1 1 0
0.0232293 226.377 226.377 1 1 0
0.0232221 225.978 225.978 1 1 0
0.0232148 225.579 225.579 1 1 0
0.0232076 225.18 225.18 1 1 0
0.0232004 224.781 224.781 1 1 0
0.0231932 224.382 224.382 1 1 0
0.023186 223.983 223.983 1 1 0
0.0231789 223.584 223.584 1 1 0
0.0231718 223.185 223.185 1 1 0
0.0231648 222.787 222.787 1 1 0
0.0231577 222.388 222.388 1 1 0
0.0231507 221.99 221.99 1 1 0
0.0231437 221.591 221.591 1 1 0
0.0231368 221.193 221.193 1 1 0
0.0231299 220.794 220.794 1 1 0
0.023123 220.396 220.396 1 1 0
0.0231161 219.998 219.998 1 1 0
0.0231093 219.6 219.6 1 1 0
0.0231025 219.202 219.202 1 1 0
0.0230957 218.804 218.804 1 1 0
0.023089 218.406 218.406 1 1 0
0.0230822 218.008 218.008 1 1 0
0.0230756 217.61 217.61 1 1 0
0.0230689 217.213 217.213 1 1 0
0.0230623 216.815 216.815 1 1 0
0.0230557 216.417 216.417 1 1 0
0.0230491 216.02 216.02 1 1 0
0.0230426 215.622 215.622 1 1 0
0.0230361 215.225 215.225 1 1 0
0.0230296 214.828 214.828 1 1 0
0.0230231 214.431 214.431 1 1 0
0.0230167 214.033 214.033 1 1 0
0.0230103 213.636 213.636 1 1 0
0.023004 213.239 213.239 1 1 0
0.0229976 212.842 212.842 1 1 0
0.0229913 212.446 212.446 1 1 0
0.0229851 212.049 212.049 1 1 0
0.0229788 211.652 211.652 1 1 0
0.0229726 211.255 211.255 1 1 0
0.0229664 210.859 210.859 1 1 0
0.0229603 210.462 210.462 1 1 0
0.0229541 210.066 210.066 1 1 0
0.0229481 209.67 209.67 1 1 0
0.022942 209.273 209.273 1 1 0
0.022936 208.877 208.877 1 1 0
0.02293 208.481 208.481 1 1 0
0.022924 208.085 208.085 1 1 0
0.0229181 207.689 207.689 1 1 0
0.0229122 207.293 207.293 1 1 0
0.0229063 206.897 206.897 1 1 0
0.0229005 206.502 206.502 1 1 0
0.0228946 206.106 206.106 1 1 0
0.0228889 205.71 205.71 1 1 0
0.0228831 205.315 205.315 1 1 0
0.0228774 204.919 204.919 1 1 0
0.0228717 204.524 204.524 1 1 0
0.0228661 204.129 204.129 1 1 0
0.0228604 203.733 203.733 1 1 0
0.0228548 203.338 203.338 1 1 0
0.0228493 202.943 202.943 1 1 0
0.0228438 202.548 202.548 1 1 0
0.0228383 202.153 202.153 1 1 0
0.0228328 201.758 201.758 1 1 0
0.0228274 201.364 201.364 1 1 0
0.022822 200.969 200.969 1 1 0
0.0228166 200.574 200.574 1 1 0
0.0228113 200.18 200.18 1 1 0
0.022806 199.785 199.785 1 1 0
0.0228007 199.391 199.391 1 1 0
0.0227955 198.997 198.997 1 1 0
0.0227903 198.603 198.603 1 1 0
0.0227851 198.208 198.208 1 1 0
0.02278 197.814 197.814 1 1 0
0.0227749 197.42 197.42 1 1 0
0.0227698 197.026 197.026 1 1 0
0.0227648 196.633 196.633 1 1 0
0.0227598 196.239 196.239 1 1 0
0.0227548 195.845 195.845 1 1 0
0.0227499 195.452 195.452 1 1 0
0.022745 195.058 195.058 1 1 0
0.0227401 194.665 194.665 1 1 0
0.0227352 194.271 194.271 1 1 0
0.0227304 193.878 193.878 1 1 0
0.0227257 193.485 193.485 1 1 0
0.022721 193.092 193.092 1 1 0
0.0227163 192.699 192.699 1 1 0
0.0227116 192.306 192.306 1 1 0
0.022707 191.913 191.913 1 1 0
0.0227024 191.52 191.52 1 1 0
0.0226978 191.127 191.127 1 1 0
0.0226933 190.735 190.735 1 1 0
0.0226888 190.342 190.342 1 1 0
0.0226843 189.95 189.95 1 1 0
0.0226799 189.557 189.557 1 1 0
0.0226755 189.165 189.165 1 1 0
0.0226712 188.773 188.773 1 1 0
0.0226669 188.381 188.381 1 1 0
0.0226626 187.989 187.989 1 1 0
0.0226584 187.597 187.597 1 1 0
0.0226542 187.205 187.205 1 1 0
0.02265 186.813 186.813 1 1 0
0.0226459 186.421 186.421 1 1 0
0.0226418 186.03 186.03 1 1 0
0.0226377 185.638 185.638 1 1 0
0.0226337 185.247 185.247 1 1 0
0.0226297 184.855 184.855 1 1 0
0.0226258 184.464 184.464 1 1 0
0.0226218 184.073 184.073 1 1 0
0.022618 183.681 183.681 1 1 0
0.0226141 183.29 183.29 1 1 0
0.0226103 182.899 182.899 1 1 0
0.0226066 182.509 182.509 1 1 0
0.0226028 182.118 182.118 1 1 0
0.0225992 181.727 181.727 1 1 0
0.0225955 181.336 181.336 1 1 0
0.0225919 180.946 180.946 1 1 0
0.0225883 180.555 180.555 1 1 0
0.0225848 180.165 180.165 1 1 0
0.0225813 179.775 179.775 1 1 0
0.0225778 179.385 179.385 1 1 0
0.0225744 178.994 178.994 1 1 0
0.0225711 178.604 178.604 1 1 0
0.0225677 178.214 178.214 1 1 0
0.0225644 177.825 177.825 1 1 0
0.0225612 177.435 177.435 1 1 0
0.0225579 177.045 177.045 1 1 0
0.0225548 176.656 176.656 1 1 0
0.0225516 176.266 176.266 1 1 0
0.0225485 175.877 175.877 1 1 0
0.0225455 175.487 175.487 1 1 0
0.0225424 175.098 175.098 1 1 0
0.0225395 174.709 174.709 1 1 0
0.0225365 174.32 174.32 1 1 0
0.0225336 173.931 173.931 1 1 0
0.0225308 173.542 173.542 1 1 0
0.022528 173.153 173.153 1 1 0
0.0225252 172.765 172.765 1 1 0
0.0225225 172.376 172.376 1 1 0
0.0225198 171.987 171.987 1 1 0
0.0225171 171.599 171.599 1 1 0
0.0225145 171.211 171.211 1 1 0
0.022512 170.822 170.822 1 1 0
0.0225094 170.434 170.434 1 1 0
0.022507 170.046 170.046 1 1 0
0.0225045 169.658 169.658 1 1 0
0.0225021 169.27 169.27 1 1 0
0.0224998 168.882 168.882 1 1 0
0.0224975 168.495 168.495 1 1 0
0.0224952 168.107 168.107 1 1 0
0.022493 167.72 167.72 1 1 0
0.0224908 167.332 167.332 1 1 0
0.0224887 166.945 166.945 1 1 0
0.0224866 166.558 166.558 1 1 0
0.0224846 166.17 166.17 1 1 0
0.0224826 165.783 165.783 1 1 0
0.0224806 165.396 165.396 1 1 0
0.0224787 165.009 165.009 1 1 0
0.0224769 164.623 164.623 1 1 0
0.0224751 164.236 164.236 1 1 0
0.0224733 163.849 163.849 1 1 0
0.0224716 163.463 163.463 1 1 0
0.0224699 163.076 163.076 1 1 0
0.0224683 162.69 162.69 1 1 0
0.0224667 162.304 162.304 1 1 0
0.0224652 161.918 161.918 1 1 0
0.0224637 161.532 161.532 1 1 0
0.0224623 161.146 161.146 1 1 0
0.0224609 160.76 160.76 1 1 0
0.0224595 160.374 160.374 1 1 0
0.0224582 159.988 159.988 1 1 0
0.022457 159.603 159.603 1 1 0
0.0224558 159.217 159.217 1 1 0
0.0224547 158.832 158.832 1 1 0
0.0224536 158.447 158.447 1 1 0
0.0224525 158.062 158.062 1 1 0
0.0224515 157.676 157.676 1 1 0
0.0224506 157.291 157.291 1 1 0
0.0224497 156.907 156.907 1 1 0
0.0224488 156.522 156.522 1 1 0
0.022448 156.137 156.137 1 1 0
0.0224473 155.752 155.752 1 1 0
0.0224466 155.368 155.368 1 1 0
0.022446 154.983 154.983 1 1 0
0.0224454 154.599 154.599 1 1 0
0.0224448 154.215 154.215 1 1 0
0.0224443 153.831 153.831 1 1 0
0.0224439 153.447 153.447 1 1 0
0.0224435 153.063 153.063 1 1 0
0.0224432 152.679 152.679 1 1 0
0.0224429 152.295 152.295 1 1 0
0.0224427 151.912 151.912 1 1 0
0.0224426 151.528 151.528 1 1 0
0.0224424 151.145 151.145 1 1 0
0.0224424 150.761 150.761 1 1 0
0.0224424 150.573 150.573 2 1 0
0.0224424 150.19 150.19 2 1 0
0.0224425 149.807 149.807 2 1 0
0.0224426 149.424 149.424 2 1 0
0.0224428 149.041 149.041 2 1 0
0.0224431 148.658 148.658 2 1 0
0.0224434 148.275 148.275 2 1 0
0.0224438 147.893 147.893 2 1 0
0.0224442 147.51 147.51 2 1 0
0.0224447 147.128 147.128 2 1 0
0.0224452 146.746 146.746 2 1 0
0.0224458 146.363 146.363 2 1 0
0.0224465 145.981 145.981 2 1 0
0.0224472 145.599 145.599 2 1 0
0.0224479 145.218 145.218 2 1 0
0.0224488 144.836 144.836 2 1 0
0.0224497 144.454 144.454 2 1 0
0.0224506 144.073 144.073 2 1 0
0.0224516 143.691 143.691 2 1 0
0.0224527 143.31 143.31 2 1 0
0.0224539 142.929 142.929 2 1 0
0.0224551 142.547 142.547 2 1 0
0.0224563 142.166 142.166 2 1 0
0.0224576 141.786 141.786 2 1 0
0.022459 141.405 141.405 2 1 0
0.0224605 141.024 141.024 2 1 0
0.022462 140.643 140.643 2 1 0
0.0224636 140.263 140.263 2 1 0
0.0224652 139.882 139.882 2 1 0
0.0224669 139.502 139.502 2 1 0
0.0224687 139.122 139.122 2 1 0
0.0224706 138.742 138.742 2 1 0
0.0224725 138.362 138.362 2 1 0
0.0224744 137.982 137.982 2 1 0
0.0224765 137.602 137.602 2 1 0
0.0224786 137.223 137.223 2 1 0
0.0224808 136.843 136.843 2 1 0
0.022483 136.464 136.464 2 1 0
0.0224853 136.084 136.084 2 1 0
0.0224877 135.705 135.705 2 1 0
0.0224902 135.326 135.326 2 1 0
0.0224927 134.947 134.947 2 1 0
0.0224953 134.568 134.568 2 1 0
0.0224979 134.189 134.189 2 1 0
0.0225007 133.81 133.81 2 1 0
0.0225035 133.432 133.432 2 1 0
0.0225064 133.053 133.053 2 1 0
0.0225093 132.675 132.675 2 1 0
0.0225123 132.297 132.297 2 1 0
0.0225154 131.919 131.919 2 1 0
0.0225186 131.541 131.541 2 1 0
0.0225219 131.163 131.163 2 1 0
0.0225252 130.785 130.785 2 1 0
0.0225286 130.407 130.407 2 1 0
0.0225321 130.03 130.03 2 1 0
0.0225356 129.652 129.652 2 1 0
0.0225393 129.275 129.275 2 1 0
0.022543 128.897 128.897 2 1 0
0.0225468 128.52 128.52 2 1 0
0.0225506 128.143 128.143 2 1 0
0.0225546 127.766 127.766 2 1 0
0.0225586 127.389 127.389 2 1 0
0.0225627 127.013 127.013 2 1 0
0.0225669 126.636 126.636 2 1 0
0.0225712 126.26 126.26 2 1 0
0.0225755 125.883 125.883 2 1 0
0.02258 125.507 125.507 2 1 0
0.0225845 125.131 125.131 2 1 0
0.0225891 124.755 124.755 2 1 0
0.0225938 124.379 124.379 2 1 0
0.0225986 124.003 124.003 2 1 0
0.0226034 123.628 123.628 2 1 0
0.0226084 123.252 123.252 2 1 0
0.0226134 122.877 122.877 2 1 0
0.0226185 122.501 122.501 2 1 0
0.0226238 122.126 122.126 2 1 0
0.0226291 121.751 121.751 2 1 0
0.0226345 121.376 121.376 2 1 0
0.0226399 121.001 121.001 2 1 0
0.0226455 120.626 120.626 2 1 0
0.0226512 120.252 120.252 2 1 0
0.0226569 119.877 119.877 2 1 0
0.0226628 119.503 119.503 2 1 0
0.0226687 119.128 119.128 2 1 0
0.0226748 118.754 118.754 2 1 0
0.0226809 118.38 118.38 2 1 0
0.0226872 118.006 118.006 2 1 0
0.0226935 117.632 117.632 2 1 0
0.0226999 117.259 117.259 2 1 0
0.0227065 116.885 116.885 2 1 0
0.0227131 116.512 116.512 2 1 0
0.0227198 116.138 116.138 2 1 0
0.0227266 115.765 115.765 2 1 0
0.0227336 115.392 115.392 2 1 0
0.0227406 115.019 115.019 2 1 0
0.0227477 114.646 114.646 2 1 0
0.022755 114.273 114.273 2 1 0
0.0227623 113.901 113.901 2 1 0
0.0227698 113.528 113.528 2 1 0
0.0227773 113.156 113.156 2 1 0
0.022785 112.783 112.783 2 1 0
0.0227928 112.411 112.411 2 1 0
0.0228007 112.039 112.039 2 1 0
0.0228087 111.667 111.667 2 1 0
0.0228168 111.296 111.296 2 1 0
0.022825 110.924 110.924 2 1 0
0.0228333 110.552 110.552 2 1 0
0.0228418 110.181 110.181 2 1 0
0.0228503 109.81 109.81 2 1 0
0.0228503 109.81 109.81 2 1 0
0.022851 109.78 109.78 2 1 0
0.0228517 109.75 109.75 2 1 0
0.0228531 109.691 109.691 2 1 0
0.0228559 109.572 109.572 2 1 0
0.0228614 109.335 109.335 2 1 0
0.0228703 108.964 108.964 2 1 0
0.0228792 108.593 108.593 2 1 0
0.0228883 108.222 108.222 2 1 0
0.0228975 107.851 107.851 2 1 0
0.0229068 107.481 107.481 2 1 0
0.0229162 107.11 107.11 2 1 0
0.0229257 106.74 106.74 2 1 0
0.0229354 106.37 106.37 2 1 0
0.0229452 106 106 2 1 0
0.0229551 105.63 105.63 2 1 0
0.0229652 105.26 105.26 2 1 0
0.0229754 104.891 104.891 2 1 0
0.0229857 104.521 104.521 2 1 0
0.0229961 104.152 104.152 2 1 0
0.0230067 103.783 103.783 2 1 0
0.0230174 103.414 103.414 2 1 0
0.0230282 103.045 103.045 2 1 0
0.0230392 102.676 102.676 2 1 0
0.0230503 102.307 102.307 2 1 0
0.0230616 101.938 101.938 2 1 0
0.023073 101.57 101.57 2 1 0
0.0230845 101.201 101.201 2 1 0
0.0230962 100.833 100.833 2 1 0
0.023108 100.465 100.465 2 1 0
0.02312 100.097 100.097 2 1 0
0.0231321 99.7293 99.7293 2 1 0
0.0231443 99.3616 99.3616 2 1 0
0.0231567 98.9941 98.9941 2 1 0
0.0231693 98.6266 98.6266 2 1 0
0.023182 98.2593 98.2593 2 1 0
0.0231948 97.8921 97.8921 2 1 0
0.0232078 97.5251 97.5251 2 1 0
0.023221 97.1582 97.1582 2 1 0
0.0232343 96.7914 96.7914 2 1 0
0.0232478 96.4247 96.4247 2 1 0
0.0232615 96.0582 96.0582 2 1 0
0.0232753 95.6918 95.6918 2 1 0
0.0232892 95.3256 95.3256 2 1 0
0.0233034 94.9594 94.9594 2 1 0
0.0233177 94.5935 94.5935 2 1 0
0.0233322 94.2276 94.2276 2 1 0
0.0233468 93.8619 93.8619 2 1 0
0.0233616 93.4963 93.4963 2 1 0
0.0233766 93.1309 93.1309 2 1 0
0.0233917 92.7656 92.7656 2 1 0
0.0234071 92.4004 92.4004 2 1 0
0.0234226 92.0354 92.0354 2 1 0
0.0234383 91.6705 91.6705 2 1 0
0.0234542 91.3057 91.3057 2 1 0
0.0234702 90.9411 90.9411 2 1 0
0.0234865 90.5766 90.5766 2 1 0
0.0235029 90.2122 90.2122 2 1 0
0.0235195 89.848 89.848 2 1 0
0.0235363 89.4839 89.4839 2 1 0
0.0235534 89.12 89.12 2 1 0
0.0235706 88.7562 88.7562 2 1 0
0.023588 88.3925 88.3925 2 1 0
0.0236056 88.029 88.029 2 1 0
0.0236234 87.6656 87.6656 2 1 0
0.0236414 87.3024 87.3024 2 1 0
0.0236596 86.9393 86.9393 2 1 0
0.023678 86.5764 86.5764 2 1 0
0.0236967 86.2135 86.2135 2 1 0
0.0237155 85.8509 85.8509 2 1 0
0.0237346 85.4883 85.4883 2 1 0
0.0237538 85.126 85.126 2 1 0
0.0237733 84.7637 84.7637 2 1 0
0.0237931 84.4016 84.4016 2 1 0
0.023813 84.0396 84.0396 2 1 0
0.0238332 83.6778 83.6778 2 1 0
0.0238536 83.3162 83.3162 2 1 0
0.0238742 82.9546 82.9546 2 1 0
0.0238951 82.5932 82.5932 2 1 0
0.0239162 82.232 82.232 2 1 0
0.0239376 81.8709 81.8709 2 1 0
0.0239591 81.51 81.51 2 1 0
0.023981 81.1492 81.1492 2 1 0
0.0240031 80.7885 80.7885 2 1 0
0.0240254 80.428 80.428 2 1 0
0.024048 80.0677 80.0677 2 1 0
0.0240708 79.7074 79.7074 2 1 0
0.024094 79.3474 79.3474 2 1 0
0.0241173 78.9875 78.9875 2 1 0
0.024141 78.6277 78.6277 2 1 0
0.0241649 78.2681 78.2681 2 1 0
0.0241891 77.9086 77.9086 2 1 0
0.0242135 77.5493 77.5493 2 1 0
0.0242382 77.1901 77.1901 2 1 0
0.0242633 76.8311 76.8311 2 1 0
0.0242886 76.4723 76.4723 2 1 0
0.0243142 76.1136 76.1136 2 1 0
0.0243401 75.755 75.755 2 1 0
0.0243662 75.3966 75.3966 2 1 0
0.0243927 75.0383 75.0383 2 1 0
0.0244195 74.6802 74.6802 2 1 0
0.0244466 74.3223 74.3223 2 1 0
0.024474 73.9645 73.9645 2 1 0
0.0245017 73.6069 73.6069 2 1 0
0.0245298 73.2494 73.2494 2 1 0
0.0245581 72.8921 72.8921 2 1 0
0.0245868 72.5349 72.5349 2 1 0
0.0246158 72.1779 72.1779 2 1 0
0.0246452 71.821 71.821 2 1 0
0.0246749 71.4643 71.4643 2 1 0
0.0247049 71.1078 71.1078 2 1 0
0.0247353 70.7514 70.7514 2 1 0
0.0247661 70.3952 70.3952 2 1 0
0.0247972 70.0391 70.0391 2 1 0
0.0248286 69.6832 69.6832 2 1 0
0.0248605 69.3275 69.3275 2 1 0
0.0248927 68.9719 68.9719 2 1 0
0.0249253 68.6165 68.6165 2 1 0
0.0249582 68.2612 68.2612 2 1 0
0.0249916 67.9061 67.9061 2 1 0
0.0250253 67.5512 67.5512 2 1 0
0.0250595 67.1964 67.1964 2 1 0
0.025094 66.8418 66.8418 2 1 0
0.025129 66.4874 66.4874 2 1 0
0.0251643 66.1331 66.1331 2 1 0
0.0252001 65.779 65.779 2 1 0
0.0252364 65.425 65.425 2 1 0
0.025273 65.0712 65.0712 2 1 0
0.0253101 64.7176 64.7176 2 1 0
0.0253476 64.3642 64.3642 2 1 0
0.0253856 64.0109 64.0109 2 1 0
0.025424 63.6578 63.6578 2 1 0
0.025463 63.3049 63.3049 2 1 0
0.0255023 62.9521 62.9521 2 1 0
0.0255422 62.5995 62.5995 2 1 0
0.0255825 62.2471 62.2471 2 1 0
0.0256233 61.8948 61.8948 2 1 0
0.0256647 61.5428 61.5428 2 1 0
0.0257065 61.1909 61.1909 2 1 0
0.0257488 60.8391 60.8391 2 1 0
0.0257917 60.4876 60.4876 2 1 0
0.0258351 60.1362 60.1362 2 1 0
0.025879 59.785 59.785 2 1 0
0.0259235 59.4339 59.4339 2 1 0
0.0259686 59.0831 59.0831 2 1 0
0.0260142 58.7324 58.7324 2 1 0
0.0260603 58.3819 58.3819 2 1 0
0.0261071 58.0316 58.0316 2 1 0
0.0261544 57.6815 57.6815 2 1 0
0.0262023 57.3315 57.3315 2 1 0
0.0262509 56.9818 56.9818 2 1 0
0.0263 56.6322 56.6322 2 1 0
0.0263498 56.2828 56.2828 2 1 0
0.0264002 55.9335 55.9335 2 1 0
0.0264513 55.5845 55.5845 2 1 0
0.026503 55.2356 55.2356 2 1 0
0.0265554 54.887 54.887 2 1 0
0.0266085 54.5385 54.5385 2 1 0
0.0266623 54.1902 54.1902 2 1 0
0.0267167 53.8421 53.8421 2 1 0
0.0267719 53.4942 53.4942 2 1 0
0.0268278 53.1465 53.1465 2 1 0
0.0268845 52.7989 52.7989 2 1 0
0.0269419 52.4516 52.4516 2 1 0
0.027 52.1045 52.1045 2 1 0
0.027059 51.7575 51.7575 2 1 0
0.0271187 51.4108 51.4108 2 1 0
0.0271792 51.0642 51.0642 2 1 0
0.0272406 50.7179 50.7179 2 1 0
0.0273028 50.3717 50.3717 2 1 0
0.0273658 50.0257 50.0257 2 1 0
0.0274297 49.68 49.68 2 1 0
0.0274945 49.3344 49.3344 2 1 0
0.0275601 48.9891 48.9891 2 1 0
0.0276267 48.6439 48.6439 2 1 0
0.0276942 48.299 48.299 2 1 0
0.0277627 47.9542 47.9542 2 1 0
0.0278321 47.6097 47.6097 2 1 0
0.0279025 47.2654 47.2654 2 1 0
0.0279739 46.9213 46.9213 2 1 0
0.0280463 46.5773 46.5773 2 1 0
0.0281197 46.2337 46.2337 2 1 0
0.0281942 45.8902 45.8902 2 1 0
0.0282698 45.5469 45.5469 2 1 0
0.0283465 45.2039 45.2039 2 1 0
0.0284243 44.861 44.861 2 1 0
0.0285032 44.5184 44.5184 2 1 0
0.0285833 44.176 44.176 2 1 0
0.0286646 43.8339 43.8339 2 1 0
0.0287471 43.4919 43.4919 2 1 0
0.0288308 43.1502 43.1502 2 1 0
0.0289158 42.8087 42.8087 2 1 0
0.0290021 42.4675 42.4675 2 1 0
0.0290897 42.1264 42.1264 2 1 0
0.0291786 41.7856 41.7856 2 1 0
0.0292689 41.445 41.445 2 1 0
0.0293606 41.1047 41.1047 2 1 0
0.0294538 40.7646 40.7646 2 1 0
0.0295484 40.4247 40.4247 2 1 0
0.0296444 40.0851 40.0851 2 1 0
0.0297421 39.7457 39.7457 2 1 0
0.0298412 39.4066 39.4066 2 1 0
0.029942 39.0677 39.0677 2 1 0
0.0300443 38.7291 38.7291 2 1 0
0.0301484 38.3907 38.3907 2 1 0
0.0302541 38.0526 38.0526 2 1 0
0.0303616 37.7147 37.7147 2 1 0
0.0304708 37.377 37.377 2 1 0
0.0305819 37.0397 37.0397 2 1 0
0.0306949 36.7026 36.7026 2 1 0
0.0308097 36.3657 36.3657 2 1 0
0.0309265 36.0291 36.0291 2 1 0
0.0310453 35.6928 35.6928 2 1 0
0.0311661 35.3568 35.3568 2 1 0
0.0312891 35.021 35.021 2 1 0
0.0314141 34.6855 34.6855 2 1 0
0.0315414 34.3503 34.3503 2 1 0
0.031671 34.0154 34.0154 2 1 0
0.0318028 33.6808 33.6808 2 1 0
0.031937 33.3464 33.3464 2 1 0
0.0320737 33.0124 33.0124 2 1 0
0.0322128 32.6786 32.6786 2 1 0
0.0323545 32.3451 32.3451 2 1 0
0.0324989 32.012 32.012 2 1 0
0.0326459 31.6791 31.6791 2 1 0
0.0327957 31.3466 31.3466 2 1 0
0.0329483 31.0143 31.0143 2 1 0
0.0331039 30.6824 30.6824 2 1 0
0.0332625 30.3508 30.3508 2 1 0
0.0334241 30.0195 30.0195 2 1 0
0.0335889 29.6886 29.6886 2 1 0
0.033757 29.3579 29.3579 2 1 0
0.0339284 29.0277 29.0277 2 1 0
0.0341033 28.6977 28.6977 2 1 0
0.0342817 28.3681 28.3681 2 1 0
0.0344638 28.0389 28.0389 2 1 0
0.0346497 27.71 27.71 2 1 0
0.0348394 27.3815 27.3815 2 1 0
0.0350331 27.0533 27.0533 2 1 0
0.0352309 26.7255 26.7255 2 1 0
0.035433 26.3981 26.3981 2 1 0
0.0356394 26.0711 26.0711 2 1 0
0.0358504 25.7445 25.7445 2 1 0
0.036066 25.4182 25.4182 2 1 0
0.0362864 25.0924 25.0924 2 1 0
0.0365118 24.767 24.767 2 1 0
0.0367423 24.442 24.442 2 1 0
0.0369781 24.1174 24.1174 2 1 0
0.0372194 23.7933 23.7933 2 1 0
0.0374664 23.4696 23.4696 2 1 0
0.0377192 23.1463 23.1463 2 1 0
0.037978 22.8235 22.8235 2 1 0
0.0382432 22.5012 22.5012 2 1 0
0.0385148 22.1793 22.1793 2 1 0
0.0387932 21.8579 21.8579 2 1 0
0.0390785 21.5371 21.5371 2 1 0
0.0393711 21.2167 21.2167 2 1 0
0.0396712 20.8968 20.8968 2 1 0
0.0399791 20.5775 20.5775 2 1 0
0.0402951 20.2587 20.2587 2 1 0
0.0406195 19.9405 19.9405 2 1 0
0.0409526 19.6228 19.6228 2 1 0
0.0412948 19.3057 19.3057 2 1 0
0.0416464 18.9892 18.9892 2 1 0
0.0420079 18.6733 18.6733 2 1 0
0.0423796 18.358 18.358 2 1 0
0.042762 18.0434 18.0434 2 1 0
0.0431555 17.7294 17.7294 2 1 0
0.0435606 17.416 17.416 2 1 0
0.0439779 17.1034 17.1034 2 1 0
0.0444077 16.7915 16.7915 2 1 0
0.0448508 16.4803 16.4803 2 1 0
0.0453077 16.1698 16.1698 2 1 0
0.0457791 15.8601 15.8601 2 1 0
0.0462655 15.5512 15.5512 2 1 0
0.0467679 15.2431 15.2431 2 1 0
0.0472868 14.9359 14.9359 2 1 0
0.0478232 14.6295 14.6295 2 1 0
0.0483779 14.324 14.324 2 1 0
0.0489518 14.0194 14.0194 2 1 0
0.049546 13.7158 13.7158 2 1 0
0.0501614 13.4132 13.4132 2 1 0
0.0507992 13.1116 13.1116 2 1 0
0.0514606 12.811 12.811 2 1 0
0.0521469 12.5116 12.5116 2 1 0
0.0528595 12.2133 12.2133 2 1 0
0.0535999 11.9161 11.9161 2 1 0
0.0543696 11.6202 11.6202 2 1 0
0.0551704 11.3255 11.3255 2 1 0
0.0560042 11.0321 11.0321 2 1 0
0.0568729 10.7401 10.7401 2 1 0
0.0577787 10.4496 10.4496 2 1 0
0.0587239 10.1605 10.1605 2 1 0
0.0597111 9.87293 9.87293 2 1 0
0.0607429 9.58699 9.58699 2 1 0
0.0618224 9.30272 9.30272 2 1 0
0.0629527 9.0202 9.0202 2 1 0
0.0641374 8.73951 8.73951 2 1 0
0.0653803 8.46073 8.46073 2 1 0
0.0666855 8.18395 8.18395 2 1 0
0.0680575 7.90925 7.90925 2 1 0
0.0695014 7.63674 7.63674 2 1 0
0.0710226 7.36653 7.36653 2 1 0
0.0726271 7.09871 7.09871 2 1 0
0.0743213 6.83341 6.83341 2 1 0
0.0761127 6.57075 6.57075 2 1 0
0.078009 6.31086 6.31086 2 1 0
0.0800189 6.0539 6.0539 2 1 0
0.0821524 5.8 5.8 2 1 0
0.0844202 5.5493 5.5493 2 1 0
0.0868342 5.30198 5.30198 2 1 0
0.0894078 5.05819 5.05819 2 1 0
0.0921557 4.81811 4.81811 2 1 0
0.0950946 4.58194 4.58194 2 1 0
0.098243 4.34986 4.34986 2 1 0
0.101622 4.12207 4.12207 2 1 0
0.105254 3.89878 3.89878 2 1 0
0.109165 3.68021 3.68021 2 1 0
0.113387 3.46658 3.46658 2 1 0
0.117951 3.2581 3.2581 2 1 0
0.122895 3.055 3.055 2 1 0
0.128264 2.85751 2.85751 2 1 0
0.134106 2.66586 2.66586 2 1 0
0.140478 2.48027 2.48027 2 1 0
0.147444 2.30094 2.30094 2 1 0
0.155078 2.1281 2.1281 2 1 0
0.163466 1.96193 1.96193 2 1 0
0.172709 1.80261 1.80261 2 1 0
0.182922 1.65031 1.65031 2 1 0
0.194242 1.50516 1.50516 2 1 0
0.206828 1.36728 1.36728 2 1 0
0.22087 1.23675 1.23675 2 1 0
0.236594 1.11364 1.11364 2 1 0
0.254268 0.997967 0.997967 2 1 0
0.274219 0.889728 0.889728 2 1 0
0.29684 0.788882 0.788882 2 1 0
0.322615 0.695353 0.695353 2 1 0
0.352138 0.609035 0.609035 2 1 0
0.386149 0.529787 0.529787 2 1 0
0.425575 0.457439 0.457439 2 1 0
0.471588 0.391794 0.391794 2 1 0
0.525683 0.332627 0.332627 2 1 0
0.1 0 0 2 1 0
0.14 0 0 1 1 0
0.18 0 0 1 1 0
0.26 0 0 1 1 0
0.42 0 0 1 1 0
0.74 0 0 1 1 0
0.1 0 0 1 1 0
0.06 0 0 1 1 0
0.02 7.44551e-31 7.44551e-31 1 1 0
-0.06 3.30706e-43 3.30706e-43 1 1 0