0.1 304.703 304.703 2 1 0
0.100008 304.703 304.703 1 1 0
0.100017 304.704 304.704 1 1 0
0.100034 304.704 304.704 1 1 0
0.100067 304.706 304.706 1 1 0
0.100135 304.709 304.709 1 1 0
0.10024 304.714 304.714 1 1 0
0.100346 304.719 304.719 1 1 0
0.100451 304.724 304.724 1 1 0
0.100557 304.728 304.728 1 1 0
0.100662 304.733 304.733 1 1 0
0.100768 304.738 304.738 1 1 0
0.100873 304.743 304.743 1 1 0
0.100979 304.747 304.747 1 1 0
0.101084 304.752 304.752 1 1 0
0.101189 304.757 304.757 1 1 0
0.101295 304.761 304.761 1 1 0
0.1014 304.766 304.766 1 1 0
0.101506 304.771 304.771 1 1 0
0.101611 304.775 304.775 1 1 0
0.101717 304.78 304.78 1 1 0
0.101822 304.784 304.784 1 1 0
0.101928 304.789 304.789 1 1 0
0.102033 304.793 304.793 1 1 0
0.102139 304.798 304.798 1 1 0
0.102244 304.802 304.802 1 1 0
0.10235 304.807 304.807 1 1 0
0.102455 304.811 304.811 1 1 0
0.102561 304.816 304.816 1 1 0
0.102666 304.82 304.82 1 1 0
0.102771 304.825 304.825 1 1 0
0.102877 304.829 304.829 1 1 0
0.102982 304.833 304.833 1 1 0
0.103088 304.838 304.838 1 1 0
0.103193 304.842 304.842 1 1 0
0.103299 304.846 304.846 1 1 0
0.103404 304.851 304.851 1 1 0
0.10351 304.855 304.855 1 1 0
0.103615 304.859 304.859 1 1 0
0.103721 304.863 304.863 1 1 0
0.103826 304.868 304.868 1 1 0
0.103932 304.872 304.872 1 1 0
0.104037 304.876 304.876 1 1 0
0.104143 304.88 304.88 1 1 0
0.104248 304.884 304.884 1 1 0
0.104354 304.889 304.889 1 1 0
0.104459 304.893 304.893 1 1 0
0.104565 304.897 304.897 1 1 0
0.10467 304.901 304.901 1 1 0
0.104776 304.905 304.905 1 1 0
0.104881 304.909 304.909 1 1 0
0.104987 304.913 304.913 1 1 0
0.105092 304.917 304.917 1 1 0
0.105198 304.921 304.921 1 1 0
0.105304 304.925 304.925 1 1 0
0.105409 304.929 304.929 1 1 0
0.105515 304.933 304.933 1 1 0
0.10562 304.937 304.937 1 1 0
0.105726 304.941 304.941 1 1 0
0.105831 304.945 304.945 1 1 0
0.105937 304.949 304.949 1 1 0
0.106042 304.953 304.953 1 1 0
0.106148 304.956 304.956 1 1 0
0.106253 304.96 304.96 1 1 0
0.106359 304.964 304.964 1 1 0
0.106464 304.968 304.968 1 1 0
0.10657 304.972 304.972 1 1 0
0.106675 304.975 304.975 1 1 0
0.106781 304.979 304.979 1 1 0
0.106886 304.983 304.983 1 1 0
0.106992 304.987 304.987 1 1 0
0.107098 304.991 304.991 1 1 0
0.107203 304.994 304.994 1 1 0
0.107309 304.998 304.998 1 1 0
0.107414 305.002 305.002 1 1 0
0.10752 305.005 305.005 1 1 0
0.107625 305.009 305.009 1 1 0
0.107731 305.013 305.013 1 1 0
0.107836 305.016 305.016 1 1 0
0.107942 305.02 305.02 1 1 0
0.108047 305.023 305.023 1 1 0
0.108153 305.027 305.027 1 1 0
0.108259 305.031 305.031 1 1 0
0.108364 305.034 305.034 1 1 0
0.10847 305.038 305.038 1 1 0
0.108575 305.041 305.041 1 1 0
0.108681 305.045 305.045 1 1 0
0.108786 305.048 305.048 1 1 0
0.108892 305.052 305.052 1 1 0
0.108998 305.055 305.055 1 1 0
0.109103 305.059 305.059 1 1 0
0.109209 305.062 305.062 1 1 0
0.109314 305.066 305.066 1 1 0
0.10942 305.069 305.069 1 1 0
0.109525 305.072 305.072 1 1 0
0.109631 305.076 305.076 1 1 0
0.109736 305.079 305.079 1 1 0
0.109842 305.083 305.083 1 1 0
0.109948 305.086 305.086 1 1 0
0.110053 305.089 305.089 1 1 0
0.110159 305.093 305.093 1 1 0
0.110264 305.096 305.096 1 1 0
0.11037 305.099 305.099 1 1 0
0.110476 305.103 305.103 1 1 0
0.110581 305.106 305.106 1 1 0
0.110687 305.109 305.109 1 1 0
0.110792 305.112 305.112 1 1 0
0.110898 305.116 305.116 1 1 0
0.111003 305.119 305.119 1 1 0
0.111109 305.122 305.122 1 1 0
0.111215 305.125 305.125 1 1 0
0.11132 305.128 305.128 1 1 0
0.111426 305.132 305.132 1 1 0
0.111531 305.135 305.135 1 1 0
0.111637 305.138 305.138 1 1 0
0.111743 305.141 305.141 1 1 0
0.111848 305.144 305.144 1 1 0
0.111954 305.147 305.147 1 1 0
0.112059 305.151 305.151 1 1 0
0.112165 305.154 305.154 1 1 0
0.112271 305.157 305.157 1 1 0
0.112376 305.16 305.16 1 1 0
0.112482 305.163 305.163 1 1 0
0.112587 305.166 305.166 1 1 0
0.112693 305.169 305.169 1 1 0
0.112799 305.172 305.172 1 1 0
0.112904 305.175 305.175 1 1 0
0.11301 305.178 305.178 1 1 0
0.113115 305.181 305.181 1 1 0
0.113221 305.184 305.184 1 1 0
0.113327 305.187 305.187 1 1 0
0.113432 305.19 305.19 1 1 0
0.113538 305.193 305.193 1 1 0
0.113643 305.196 305.196 1 1 0
0.113749 305.199 305.199 1 1 0
0.113855 305.202 305.202 1 1 0
0.11396 305.205 305.205 1 1 0
0.114066 305.208 305.208 1 1 0
0.114171 305.21 305.21 1 1 0
0.114277 305.213 305.213 1 1 0
0.114383 305.216 305.216 1 1 0
0.114488 305.219 305.219 1 1 0
0.114594 305.222 305.222 1 1 0
0.1 304.703 304.703 2 1 0
0.0999916 304.702 304.702 1 1 0
0.0999831 304.702 304.702 1 1 0
0.0999663 304.701 304.701 1 1 0
0.0999325 304.7 304.7 1 1 0
0.099865 304.697 304.697 1 1 0
0.0997596 304.692 304.692 1 1 0
0.0996542 304.687 304.687 1 1 0
0.0995488 304.682 304.682 1 1 0
0.0994433 304.677 304.677 1 1 0
0.0993379 304.672 304.672 1 1 0
0.0992325 304.667 304.667 1 1 0
0.0991271 304.662 304.662 1 1 0
0.0990216 304.656 304.656 1 1 0
0.0989162 304.651 304.651 1 1 0
0.0988108 304.646 304.646 1 1 0
0.0987054 304.641 304.641 1 1 0
0.0986 304.636 304.636 1 1 0
0.0984946 304.631 304.631 1 1 0
0.0983892 304.626 304.626 1 1 0
0.0982838 304.62 304.62 1 1 0
0.0981784 304.615 304.615 1 1 0
0.098073 304.61 304.61 1 1 0
0.0979676 304.604 304.604 1 1 0
0.0978622 304.599 304.599 1 1 0
0.0977568 304.594 304.594 1 1 0
0.0976514 304.588 304.588 1 1 0
0.097546 304.583 304.583 1 1 0
0.0974407 304.578 304.578 1 1 0
0.0973353 304.572 304.572 1 1 0
0.0972299 304.567 304.567 1 1 0
0.0971245 304.561 304.561 1 1 0
0.0970191 304.556 304.556 1 1 0
0.0969138 304.55 304.55 1 1 0
0.0968084 304.545 304.545 1 1 0
0.096703 304.539 304.539 1 1 0
0.0965977 304.533 304.533 1 1 0
0.0964923 304.528 304.528 1 1 0
0.0963869 304.522 304.522 1 1 0
0.0962816 304.517 304.517 1 1 0
0.0961762 304.511 304.511 1 1 0
0.0960709 304.505 304.505 1 1 0
0.0959655 304.499 304.499 1 1 0
0.0958602 304.494 304.494 1 1 0
0.0957548 304.488 304.488 1 1 0
0.0956495 304.482 304.482 1 1 0
0.0955441 304.476 304.476 1 1 0
0.0954388 304.47 304.47 1 1 0
0.0953335 304.464 304.464 1 1 0
0.0952281 304.458 304.458 1 1 0
0.0951228 304.452 304.452 1 1 0
0.0950175 304.446 304.446 1 1 0
0.0949122 304.44 304.44 1 1 0
0.0948068 304.434 304.434 1 1 0
0.0947015 304.428 304.428 1 1 0
0.0945962 304.422 304.422 1 1 0
0.0944909 304.416 304.416 1 1 0
0.0943856 304.41 304.41 1 1 0
0.0942803 304.404 304.404 1 1 0
0.094175 304.398 304.398 1 1 0
0.0940697 304.391 304.391 1 1 0
0.0939644 304.385 304.385 1 1 0
0.0938591 304.379 304.379 1 1 0
0.0937538 304.372 304.372 1 1 0
0.0936485 304.366 304.366 1 1 0
0.0935432 304.36 304.36 1 1 0
0.0934379 304.353 304.353 1 1 0
0.0933326 304.347 304.347 1 1 0
0.0932274 304.34 304.34 1 1 0
0.0931221 304.334 304.334 1 1 0
0.0930168 304.327 304.327 1 1 0
0.0929116 304.321 304.321 1 1 0
0.0928063 304.314 304.314 1 1 0
0.092701 304.308 304.308 1 1 0
0.0925958 304.301 304.301 1 1 0
0.0924905 304.294 304.294 1 1 0
0.0923853 304.288 304.288 1 1 0
0.09228 304.281 304.281 1 1 0
0.0921748 304.274 304.274 1 1 0
0.0920695 304.267 304.267 1 1 0
0.0919643 304.261 304.261 1 1 0
0.091859 304.254 304.254 1 1 0
0.0917538 304.247 304.247 1 1 0
0.0916486 304.24 304.24 1 1 0
0.0915434 304.233 304.233 1 1 0
0.0914381 304.226 304.226 1 1 0
0.0913329 304.219 304.219 1 1 0
0.0912277 304.212 304.212 1 1 0
0.0911225 304.205 304.205 1 1 0
0.0910173 304.198 304.198 1 1 0
0.0909121 304.191 304.191 1 1 0
0.0908069 304.184 304.184 1 1 0
0.0907017 304.176 304.176 1 1 0
0.0905965 304.169 304.169 1 1 0
0.0904913 304.162 304.162 1 1 0
0.0903861 304.155 304.155 1 1 0
0.0902809 304.147 304.147 1 1 0
0.0901758 304.14 304.14 1 1 0
0.0900706 304.133 304.133 1 1 0
0.0899654 304.125 304.125 1 1 0
0.0898603 304.118 304.118 1 1 0
0.0897551 304.11 304.11 1 1 0
0.0896499 304.103 304.103 1 1 0
0.0895448 304.095 304.095 1 1 0
0.0894396 304.087 304.087 1 1 0
0.0893345 304.08 304.08 1 1 0
0.0892293 304.072 304.072 1 1 0
0.0891242 304.064 304.064 1 1 0
0.0890191 304.057 304.057 1 1 0
0.0889139 304.049 304.049 1 1 0
0.0888088 304.041 304.041 1 1 0
0.0887037 304.033 304.033 1 1 0
0.0885986 304.025 304.025 1 1 0
0.0884935 304.017 304.017 1 1 0
0.0883884 304.009 304.009 1 1 0
0.0882833 304.001 304.001 1 1 0
0.0881782 303.993 303.993 1 1 0
0.0880731 303.985 303.985 1 1 0
0.087968 303.977 303.977 1 1 0
0.0878629 303.969 303.969 1 1 0
0.0877578 303.961 303.961 1 1 0
0.0876527 303.952 303.952 1 1 0
0.0875477 303.944 303.944 1 1 0
0.0874426 303.936 303.936 1 1 0
0.0873375 303.927 303.927 1 1 0
0.0872325 303.919 303.919 1 1 0
0.0871274 303.911 303.911 1 1 0
0.0870224 303.902 303.902 1 1 0
0.0869173 303.894 303.894 1 1 0
0.0868123 303.885 303.885 1 1 0
0.0867073 303.876 303.876 1 1 0
0.0866022 303.868 303.868 1 1 0
0.0864972 303.859 303.859 1 1 0
0.0863922 303.85 303.85 1 1 0
0.0862872 303.842 303.842 1 1 0
0.0861822 303.833 303.833 1 1 0
0.0860772 303.824 303.824 1 1 0
0.0859722 303.815 303.815 1 1 0
0.0858672 303.806 303.806 1 1 0
0.0857622 303.797 303.797 1 1 0
0.0856572 303.788 303.788 1 1 0
0.0855523 303.779 303.779 1 1 0
0.0854473 303.77 303.77 1 1 0
0.0853423 303.761 303.761 1 1 0
0.0852374 303.751 303.751 1 1 0
0.0851324 303.742 303.742 1 1 0
0.0850275 303.733 303.733 1 1 0
0.0849225 303.724 303.724 1 1 0
0.0848176 303.714 303.714 1 1 0
0.0847127 303.705 303.705 1 1 0
0.0846077 303.695 303.695 1 1 0
0.0845028 303.686 303.686 1 1 0
0.0843979 303.676 303.676 1 1 0
0.084293 303.666 303.666 1 1 0
0.0841881 303.657 303.657 1 1 0
0.0840832 303.647 303.647 1 1 0
0.0839783 303.637 303.637 1 1 0
0.0838735 303.628 303.628 1 1 0
0.0837686 303.618 303.618 1 1 0
0.0836637 303.608 303.608 1 1 0
0.0835589 303.598 303.598 1 1 0
0.083454 303.588 303.588 1 1 0
0.0833492 303.578 303.578 1 1 0
0.0832443 303.568 303.568 1 1 0
0.0831395 303.557 303.557 1 1 0
0.0830347 303.547 303.547 1 1 0
0.0829298 303.537 303.537 1 1 0
0.082825 303.527 303.527 1 1 0
0.0827202 303.516 303.516 1 1 0
0.0826154 303.506 303.506 1 1 0
0.0825106 303.495 303.495 1 1 0
0.0824058 303.485 303.485 1 1 0
0.0823011 303.474 303.474 1 1 0
0.0821963 303.464 303.464 1 1 0
0.0820915 303.453 303.453 1 1 0
0.0819868 303.442 303.442 1 1 0
0.081882 303.431 303.431 1 1 0
0.0817773 303.421 303.421 1 1 0
0.0816726 303.41 303.41 1 1 0
0.0815678 303.399 303.399 1 1 0
0.0814631 303.388 303.388 1 1 0
0.0813584 303.377 303.377 1 1 0
0.0812537 303.366 303.366 1 1 0
0.081149 303.354 303.354 1 1 0
0.0810443 303.343 303.343 1 1 0
0.0809397 303.332 303.332 1 1 0
0.080835 303.32 303.32 1 1 0
0.0807303 303.309 303.309 1 1 0
0.0806257 303.298 303.298 1 1 0
0.080521 303.286 303.286 1 1 0
0.0804164 303.274 303.274 1 1 0
0.0803118 303.263 303.263 1 1 0
0.0802072 303.251 303.251 1 1 0
0.0801025 303.239 303.239 1 1 0
0.0799979 303.228 303.228 1 1 0
0.0798934 303.216 303.216 1 1 0
0.0797888 303.204 303.204 1 1 0
0.0796842 303.192 303.192 1 1 0
0.0795796 303.18 303.18 1 1 0
0.0794751 303.167 303.167 1 1 0
0.0794751 303.167 303.167 2 1 0
0.0794667 303.166 303.166 1 1 0
0.0794584 303.165 303.165 1 1 0
0.0794416 303.164 303.164 1 1 0
0.0794082 303.16 303.16 1 1 0
0.0793413 303.152 303.152 1 1 0
0.0792367 303.14 303.14 1 1 0
0.0791322 303.127 303.127 1 1 0
0.0790277 303.115 303.115 1 1 0
0.0789232 303.102 303.102 1 1 0
0.0788187 303.09 303.09 1 1 0
0.0787142 303.077 303.077 1 1 0
0.0786097 303.064 303.064 1 1 0
0.0785053 303.052 303.052 1 1 0
0.0784008 303.039 303.039 1 1 0
0.0782964 303.026 303.026 1 1 0
0.078192 303.013 303.013 1 1 0
0.0780875 303 303 1 1 0
0.0779831 302.987 302.987 1 1 0
0.0778787 302.974 302.974 1 1 0
0.0777743 302.961 302.961 1 1 0
0.07767 302.947 302.947 1 1 0
0.0775656 302.934 302.934 1 1 0
0.0774612 302.921 302.921 1 1 0
0.0773569 302.907 302.907 1 1 0
0.0772526 302.894 302.894 1 1 0
0.0771482 302.88 302.88 1 1 0
0.0770439 302.866 302.866 1 1 0
0.0769396 302.852 302.852 1 1 0
0.0768353 302.839 302.839 1 1 0
0.0767311 302.825 302.825 1 1 0
0.0766268 302.811 302.811 1 1 0
0.0765226 302.797 302.797 1 1 0
0.0764183 302.782 302.782 1 1 0
0.0763141 302.768 302.768 1 1 0
0.0762099 302.754 302.754 1 1 0
0.0761057 302.739 302.739 1 1 0
0.0760015 302.725 302.725 1 1 0
0.0758973 302.71 302.71 1 1 0
0.0757932 302.696 302.696 1 1 0
0.075689 302.681 302.681 1 1 0
0.0755849 302.666 302.666 1 1 0
0.0754808 302.652 302.652 1 1 0
0.0753767 302.637 302.637 1 1 0
0.0752726 302.622 302.622 1 1 0
0.0751685 302.606 302.606 1 1 0
0.0750644 302.591 302.591 1 1 0
0.0749604 302.576 302.576 1 1 0
0.0748563 302.561 302.561 1 1 0
0.0747523 302.545 302.545 1 1 0
0.0746483 302.53 302.53 1 1 0
0.0745443 302.514 302.514 1 1 0
0.0744404 302.498 302.498 1 1 0
0.0743364 302.483 302.483 1 1 0
0.0742324 302.467 302.467 1 1 0
0.0741285 302.451 302.451 1 1 0
0.0740246 302.435 302.435 1 1 0
0.0739207 302.419 302.419 1 1 0
0.0738168 302.403 302.403 1 1 0
0.073713 302.386 302.386 1 1 0
0.0736091 302.37 302.37 1 1 0
0.0735053 302.353 302.353 1 1 0
0.0734015 302.337 302.337 1 1 0
0.0732977 302.32 302.32 1 1 0
0.0731939 302.303 302.303 1 1 0
0.0730901 302.287 302.287 1 1 0
0.0729864 302.27 302.27 1 1 0
0.0728826 302.253 302.253 1 1 0
0.0727789 302.236 302.236 1 1 0
0.0726752 302.218 302.218 1 1 0
0.0725716 302.201 302.201 1 1 0
0.0724679 302.184 302.184 1 1 0
0.0723643 302.166 302.166 1 1 0
0.0722606 302.149 302.149 1 1 0
0.072157 302.131 302.131 1 1 0
0.0720534 302.113 302.113 1 1 0
0.0719499 302.095 302.095 1 1 0
0.0718463 302.077 302.077 1 1 0
0.0717428 302.059 302.059 1 1 0
0.0716393 302.041 302.041 1 1 0
0.0715358 302.023 302.023 1 1 0
0.0714324 302.004 302.004 1 1 0
0.0713289 301.986 301.986 1 1 0
0.0712255 301.967 301.967 1 1 0
0.0711221 301.948 301.948 1 1 0
0.0710187 301.929 301.929 1 1 0
0.0709154 301.911 301.911 1 1 0
0.070812 301.891 301.891 1 1 0
0.0707087 301.872 301.872 1 1 0
0.0706054 301.853 301.853 1 1 0
0.0705021 301.834 301.834 1 1 0
0.0703989 301.814 301.814 1 1 0
0.0702957 301.795 301.795 1 1 0
0.0701925 301.775 301.775 1 1 0
0.0700893 301.755 301.755 1 1 0
0.0699861 301.735 301.735 1 1 0
0.069883 301.715 301.715 1 1 0
0.0697799 301.695 301.695 1 1 0
0.0696768 301.675 301.675 1 1 0
0.0695738 301.654 301.654 1 1 0
0.0694707 301.634 301.634 1 1 0
0.0693677 301.613 301.613 1 1 0
0.0692647 301.593 301.593 1 1 0
0.0691618 301.572 301.572 1 1 0
0.0690589 301.551 301.551 1 1 0
0.068956 301.53 301.53 1 1 0
0.0688531 301.509 301.509 1 1 0
0.0687502 301.487 301.487 1 1 0
0.0686474 301.466 301.466 1 1 0
0.0685446 301.444 301.444 1 1 0
0.0684419 301.423 301.423 1 1 0
0.0683391 301.401 301.401 1 1 0
0.0682364 301.379 301.379 1 1 0
0.0681337 301.357 301.357 1 1 0
0.0680311 301.335 301.335 1 1 0
0.0679284 301.312 301.312 1 1 0
0.0678259 301.29 301.29 1 1 0
0.0677233 301.267 301.267 1 1 0
0.0676208 301.244 301.244 1 1 0
0.0675183 301.222 301.222 1 1 0
0.0674158 301.199 301.199 1 1 0
0.0673134 301.176 301.176 1 1 0
0.0672109 301.152 301.152 1 1 0
0.0671086 301.129 301.129 1 1 0
0.0670062 301.105 301.105 1 1 0
0.0669039 301.082 301.082 1 1 0
0.0668016 301.058 301.058 1 1 0
0.0666994 301.034 301.034 1 1 0
0.0665972 301.01 301.01 1 1 0
0.066495 300.986 300.986 1 1 0
0.0663929 300.961 300.961 1 1 0
0.0662908 300.937 300.937 1 1 0
0.0661887 300.912 300.912 1 1 0
0.0660867 300.888 300.888 1 1 0
0.0659847 300.863 300.863 1 1 0
0.0658827 300.838 300.838 1 1 0
0.0657808 300.812 300.812 1 1 0
0.0656789 300.787 300.787 1 1 0
0.0655771 300.761 300.761 1 1 0
0.0654753 300.736 300.736 1 1 0
0.0653735 300.71 300.71 1 1 0
0.0652718 300.684 300.684 1 1 0
0.0651701 300.658 300.658 1 1 0
0.0650684 300.632 300.632 1 1 0
0.0649668 300.605 300.605 1 1 0
0.0648652 300.579 300.579 1 1 0
0.0647637 300.552 300.552 1 1 0
0.0646622 300.525 300.525 1 1 0
0.0645608 300.498 300.498 1 1 0
0.0644594 300.471 300.471 1 1 0
0.064358 300.443 300.443 1 1 0
0.0642567 300.416 300.416 1 1 0
0.0641555 300.388 300.388 1 1 0
0.0640542 300.36 300.36 1 1 0
0.0639531 300.332 300.332 1 1 0
0.0638519 300.304 300.304 1 1 0
0.0637508 300.276 300.276 1 1 0
0.0636498 300.247 300.247 1 1 0
0.0635488 300.219 300.219 1 1 0
0.0634479 300.19 300.19 1 1 0
0.063347 300.161 300.161 1 1 0
0.0632461 300.132 300.132 1 1 0
0.0631453 300.102 300.102 1 1 0
0.0630446 300.073 300.073 1 1 0
0.0629439 300.043 300.043 1 1 0
0.0628432 300.013 300.013 1 1 0
0.0627426 299.983 299.983 1 1 0
0.0626421 299.953 299.953 1 1 0
0.0625416 299.922 299.922 1 1 0
0.0624412 299.892 299.892 1 1 0
0.0623408 299.861 299.861 1 1 0
0.0622405 299.83 299.83 1 1 0
0.0621402 299.799 299.799 1 1 0
0.06204 299.767 299.767 1 1 0
0.0619398 299.736 299.736 1 1 0
0.0618397 299.704 299.704 1 1 0
0.0617397 299.672 299.672 1 1 0
0.0616397 299.64 299.64 1 1 0
0.0615398 299.608 299.608 1 1 0
0.0614399 299.576 299.576 1 1 0
0.0613401 299.543 299.543 1 1 0
0.0612404 299.51 299.51 1 1 0
0.0611407 299.477 299.477 1 1 0
0.0610411 299.444 299.444 1 1 0
0.0609415 299.41 299.41 1 1 0
0.060842 299.377 299.377 1 1 0
0.0607426 299.343 299.343 1 1 0
0.0606433 299.309 299.309 1 1 0
0.060544 299.275 299.275 1 1 0
0.0604447 299.24 299.24 1 1 0
0.0603456 299.205 299.205 1 1 0
0.0602465 299.171 299.171 1 1 0
0.0601474 299.136 299.136 1 1 0
0.0600485 299.1 299.1 1 1 0
0.0599496 299.065 299.065 1 1 0
0.0598508 299.029 299.029 1 1 0
0.059752 298.993 298.993 1 1 0
0.0596534 298.957 298.957 1 1 0
0.0595548 298.921 298.921 1 1 0
0.0594563 298.884 298.884 1 1 0
0.0593578 298.848 298.848 1 1 0
0.0592594 298.811 298.811 1 1 0
0.0591611 298.773 298.773 1 1 0
0.0590629 298.736 298.736 1 1 0
0.0589648 298.698 298.698 1 1 0
0.0588667 298.661 298.661 1 1 0
0.0587688 298.623 298.623 1 1 0
0.0586709 298.584 298.584 1 1 0
0.058573 298.546 298.546 1 1 0
0.0584753 298.507 298.507 1 1 0
0.0583776 298.468 298.468 1 1 0
0.0582801 298.429 298.429 1 1 0
0.0581826 298.389 298.389 1 1 0
0.0580852 298.35 298.35 1 1 0
0.0579879 298.31 298.31 1 1 0
0.0578907 298.27 298.27 1 1 0
0.0577935 298.229 298.229 1 1 0
0.0576965 298.189 298.189 1 1 0
0.0575995 298.148 298.148 1 1 0
0.0575027 298.107 298.107 1 1 0
0.0574059 298.066 298.066 1 1 0
0.0573092 298.024 298.024 1 1 0
0.0572126 297.982 297.982 1 1 0
0.0571161 297.94 297.94 1 1 0
0.0570198 297.898 297.898 1 1 0
0.0569235 297.856 297.856 1 1 0
0.0568273 297.813 297.813 1 1 0
0.0567312 297.77 297.77 1 1 0
0.0566352 297.727 297.727 1 1 0
0.0565393 297.683 297.683 1 1 0
0.0564435 297.639 297.639 1 1 0
0.0563478 297.595 297.595 1 1 0
0.0562522 297.551 297.551 1 1 0
0.0561567 297.507 297.507 1 1 0
0.0560613 297.462 297.462 1 1 0
0.0559661 297.417 297.417 1 1 0
0.0558709 297.372 297.372 1 1 0
0.0557758 297.326 297.326 1 1 0
0.0556809 297.28 297.28 1 1 0
0.0555861 297.234 297.234 1 1 0
0.0554913 297.188 297.188 1 1 0
0.0553967 297.141 297.141 1 1 0
0.0553022 297.095 297.095 1 1 0
0.0552079 297.047 297.047 1 1 0
0.0551136 297 297 1 1 0
0.0550195 296.952 296.952 1 1 0
0.0549254 296.905 296.905 1 1 0
0.0548315 296.856 296.856 1 1 0
0.0547377 296.808 296.808 1 1 0
0.0546441 296.759 296.759 1 1 0
0.0545505 296.71 296.71 1 1 0
0.0544571 296.661 296.661 1 1 0
0.0543638 296.612 296.612 1 1 0
0.0542707 296.562 296.562 1 1 0
0.0541776 296.512 296.512 1 1 0
0.0540847 296.461 296.461 1 1 0
0.0539919 296.411 296.411 1 1 0
0.0538993 296.36 296.36 1 1 0
0.0538068 296.309 296.309 1 1 0
0.0537144 296.257 296.257 1 1 0
0.0536221 296.205 296.205 1 1 0
0.05353 296.153 296.153 1 1 0
0.053438 296.101 296.101 1 1 0
0.0533462 296.049 296.049 1 1 0
0.0532545 295.996 295.996 1 1 0
0.0531629 295.942 295.942 1 1 0
0.0530715 295.889 295.889 1 1 0
0.0529802 295.835 295.835 1 1 0
0.0528891 295.781 295.781 1 1 0
0.0527981 295.727 295.727 1 1 0
0.0527072 295.672 295.672 1 1 0
0.0526165 295.618 295.618 1 1 0
0.052526 295.562 295.562 1 1 0
0.0524355 295.507 295.507 1 1 0
0.0523453 295.451 295.451 1 1 0
0.0522552 295.395 295.395 1 1 0
0.0521652 295.339 295.339 1 1 0
0.0520754 295.282 295.282 1 1 0
0.0519858 295.225 295.225 1 1 0
0.0518963 295.168 295.168 1 1 0
0.051807 295.11 295.11 1 1 0
0.0517178 295.053 295.053 1 1 0
0.0516288 294.994 294.994 1 1 0
0.0515399 294.936 294.936 1 1 0
0.0514512 294.877 294.877 1 1 0
0.0513627 294.818 294.818 1 1 0
0.0512743 294.759 294.759 1 1 0
0.0511861 294.699 294.699 1 1 0
0.0510981 294.639 294.639 1 1 0
0.0510102 294.579 294.579 1 1 0
0.0509225 294.519 294.519 1 1 0
0.050835 294.458 294.458 1 1 0
0.0507476 294.397 294.397 1 1 0
0.0506604 294.335 294.335 1 1 0
0.0505734 294.274 294.274 1 1 0
0.0504865 294.212 294.212 1 1 0
0.0503999 294.149 294.149 1 1 0
0.0503134 294.087 294.087 1 1 0
0.050227 294.024 294.024 1 1 0
0.0501409 293.96 293.96 1 1 0
0.0500549 293.897 293.897 1 1 0
0.0499691 293.833 293.833 1 1 0
0.0498835 293.769 293.769 1 1 0
0.0497981 293.704 293.704 1 1 0
0.0497129 293.64 293.64 1 1 0
0.0496278 293.575 293.575 1 1 0
0.0495429 293.509 293.509 1 1 0
0.0494583 293.443 293.443 1 1 0
0.0493738 293.377 293.377 1 1 0
0.0492894 293.311 293.311 1 1 0
0.0492053 293.245 293.245 1 1 0
0.0491214 293.178 293.178 1 1 0
0.0490376 293.11 293.11 1 1 0
0.0489541 293.043 293.043 1 1 0
0.0488707 292.975 292.975 1 1 0
0.0487876 292.907 292.907 1 1 0
0.0487046 292.838 292.838 1 1 0
0.0486218 292.77 292.77 1 1 0
0.0485392 292.7 292.7 1 1 0
0.0484569 292.631 292.631 1 1 0
0.0483747 292.561 292.561 1 1 0
0.0482927 292.491 292.491 1 1 0
0.0482109 292.421 292.421 1 1 0
0.0481293 292.35 292.35 1 1 0
0.0480479 292.28 292.28 1 1 0
0.0479667 292.208 292.208 1 1 0
0.0478858 292.137 292.137 1 1 0
0.047805 292.065 292.065 1 1 0
0.0477244 291.993 291.993 1 1 0
0.047644 291.92 291.92 1 1 0
0.0475639 291.848 291.848 1 1 0
0.0474839 291.775 291.775 1 1 0
0.0474042 291.701 291.701 1 1 0
0.0473246 291.627 291.627 1 1 0
0.0472453 291.554 291.554 1 1 0
0.0471662 291.479 291.479 1 1 0
0.0470873 291.405 291.405 1 1 0
0.0470086 291.33 291.33 1 1 0
0.0469301 291.255 291.255 1 1 0
0.0468518 291.179 291.179 1 1 0
0.0467737 291.103 291.103 1 1 0
0.0466959 291.027 291.027 1 1 0
0.0466182 290.951 290.951 1 1 0
0.0465408 290.874 290.874 1 1 0
0.0464636 290.797 290.797 1 1 0
0.0463866 290.72 290.72 1 1 0
0.0463098 290.642 290.642 1 1 0
0.0462333 290.564 290.564 1 1 0
0.0461569 290.486 290.486 1 1 0
0.0460808 290.408 290.408 1 1 0
0.0460049 290.329 290.329 1 1 0
0.0459292 290.25 290.25 1 1 0
0.0458537 290.17 290.17 1 1 0
0.0457784 290.091 290.091 1 1 0
0.0457034 290.011 290.011 1 1 0
0.0456286 289.93 289.93 1 1 0
0.045554 289.85 289.85 1 1 0
0.0454796 289.769 289.769 1 1 0
0.0454055 289.688 289.688 1 1 0
0.0453315 289.606 289.606 1 1 0
0.0452578 289.525 289.525 1 1 0
0.0451843 289.443 289.443 1 1 0
0.045111 289.36 289.36 1 1 0
0.045038 289.278 289.278 1 1 0
0.0449652 289.195 289.195 1 1 0
0.0448925 289.112 289.112 1 1 0
0.0448202 289.028 289.028 1 1 0
0.044748 288.945 288.945 1 1 0
0.0446761 288.861 288.861 1 1 0
0.0446044 288.776 288.776 1 1 0
0.0445329 288.692 288.692 1 1 0
0.0444616 288.607 288.607 1 1 0
0.0443906 288.522 288.522 1 1 0
0.0443197 288.436 288.436 1 1 0
0.0442491 288.35 288.35 1 1 0
0.0441788 288.264 288.264 1 1 0
0.0441086 288.178 288.178 1 1 0
0.0440387 288.092 288.092 1 1 0
0.043969 288.005 288.005 1 1 0
0.0438995 287.918 287.918 1 1 0
0.0438303 287.83 287.83 1 1 0
0.0437612 287.743 287.743 1 1 0
0.0436924 287.655 287.655 1 1 0
0.0436238 287.567 287.567 1 1 0
0.0435555 287.478 287.478 1 1 0
0.0434873 287.389 287.389 1 1 0
0.0434194 287.3 287.3 1 1 0
0.0433517 287.211 287.211 1 1 0
0.0432843 287.122 287.122 1 1 0
0.043217 287.032 287.032 1 1 0
0.04315 286.942 286.942 1 1 0
0.0430832 286.851 286.851 1 1 0
0.0430166 286.761 286.761 1 1 0
0.0429503 286.67 286.67 1 1 0
0.0428842 286.579 286.579 1 1 0
0.0428182 286.487 286.487 1 1 0
0.0427526 286.396 286.396 1 1 0
0.0426871 286.304 286.304 1 1 0
0.0426219 286.212 286.212 1 1 0
0.0425568 286.119 286.119 1 1 0
0.042492 286.027 286.027 1 1 0
0.0424274 285.934 285.934 1 1 0
0.0423631 285.841 285.841 1 1 0
0.0422989 285.747 285.747 1 1 0
0.042235 285.654 285.654 1 1 0
0.0421713 285.56 285.56 1 1 0
0.0421078 285.465 285.465 1 1 0
0.0420446 285.371 285.371 1 1 0
0.0419815 285.276 285.276 1 1 0
0.0419187 285.181 285.181 1 1 0
0.0418561 285.086 285.086 1 1 0
0.0417937 284.991 284.991 1 1 0
0.0417315 284.895 284.895 1 1 0
0.0416695 284.799 284.799 1 1 0
0.0416078 284.703 284.703 1 1 0
0.0415462 284.607 284.607 1 1 0
0.0414849 284.51 284.51 1 1 0
0.0414238 284.413 284.413 1 1 0
0.0413629 284.316 284.316 1 1 0
0.0413022 284.219 284.219 1 1 0
0.0412417 284.121 284.121 1 1 0
0.0411815 284.024 284.024 1 1 0
0.0411214 283.926 283.926 1 1 0
0.0410616 283.827 283.827 1 1 0
0.041002 283.729 283.729 1 1 0
0.0409426 283.63 283.63 1 1 0
0.0408834 283.531 283.531 1 1 0
0.0408244 283.432 283.432 1 1 0
0.0407656 283.333 283.333 1 1 0
0.040707 283.233 283.233 1 1 0
0.0406487 283.133 283.133 1 1 0
0.0405905 283.033 283.033 1 1 0
0.0405325 282.933 282.933 1 1 0
0.0404748 282.832 282.832 1 1 0
0.0404172 282.731 282.731 1 1 0
0.0403599 282.63 282.63 1 1 0
0.0403028 282.529 282.529 1 1 0
0.0402458 282.428 282.428 1 1 0
0.0401891 282.326 282.326 1 1 0
0.0401326 282.224 282.224 1 1 0
0.0400762 282.122 282.122 1 1 0
0.0400201 282.02 282.02 1 1 0
0.0399642 281.917 281.917 1 1 0
0.0399085 281.815 281.815 1 1 0
0.0398529 281.712 281.712 1 1 0
0.0397976 281.608 281.608 1 1 0
0.0397425 281.505 281.505 1 1 0
0.0396875 281.402 281.402 1 1 0
0.0396328 281.298 281.298 1 1 0
0.0395783 281.194 281.194 1 1 0
0.0395239 281.09 281.09 1 1 0
0.0394697 280.985 280.985 1 1 0
0.0394158 280.881 280.881 1 1 0
0.039362 280.776 280.776 1 1 0
0.0393084 280.671 280.671 1 1 0
0.0392551 280.565 280.565 1 1 0
0.0392019 280.46 280.46 1 1 0
0.0391489 280.354 280.354 1 1 0
0.0390961 280.249 280.249 1 1 0
0.0390434 280.143 280.143 1 1 0
0.038991 280.036 280.036 1 1 0
0.0389387 279.93 279.93 1 1 0
0.0388867 279.823 279.823 1 1 0
0.0388348 279.716 279.716 1 1 0
0.0387831 279.609 279.609 1 1 0
0.0387316 279.502 279.502 1 1 0
0.0386803 279.395 279.395 1 1 0
0.0386292 279.287 279.287 1 1 0
0.0385782 279.179 279.179 1 1 0
0.0385274 279.071 279.071 1 1 0
0.0384768 278.963 278.963 1 1 0
0.0384264 278.855 278.855 1 1 0
0.0383762 278.746 278.746 1 1 0
0.0383261 278.637 278.637 1 1 0
0.0382763 278.529 278.529 1 1 0
0.0382266 278.419 278.419 1 1 0
0.038177 278.31 278.31 1 1 0
0.0381277 278.201 278.201 1 1 0
0.0380785 278.091 278.091 1 1 0
0.0380295 277.981 277.981 1 1 0
0.0379807 277.871 277.871 1 1 0
0.0379321 277.761 277.761 1 1 0
0.0378836 277.65 277.65 1 1 0
0.0378353 277.54 277.54 1 1 0
0.0377872 277.429 277.429 1 1 0
0.0377392 277.318 277.318 1 1 0
0.0376914 277.207 277.207 1 1 0
0.0376438 277.095 277.095 1 1 0
0.0375963 276.984 276.984 1 1 0
0.0375491 276.872 276.872 1 1 0
0.0375019 276.76 276.76 1 1 0
0.037455 276.648 276.648 1 1 0
0.0374082 276.536 276.536 1 1 0
0.0373616 276.424 276.424 1 1 0
0.0373151 276.311 276.311 1 1 0
0.0372688 276.198 276.198 1 1 0
0.0372227 276.085 276.085 1 1 0
0.0371767 275.972 275.972 1 1 0
0.0371309 275.859 275.859 1 1 0
0.0370853 275.745 275.745 1 1 0
0.0370853 275.745 275.745 2 1 0
0.0370816 275.736 275.736 1 1 0
0.037078 275.727 275.727 1 1 0
0.0370707 275.709 275.709 1 1 0
0.0370561 275.673 275.673 1 1 0
0.0370271 275.6 275.6 1 1 0
0.0369818 275.486 275.486 1 1 0
0.0369366 275.372 275.372 1 1 0
0.0368917 275.258 275.258 1 1 0
0.0368469 275.144 275.144 1 1 0
0.0368022 275.029 275.029 1 1 0
0.0367577 274.914 274.914 1 1 0
0.0367134 274.799 274.799 1 1 0
0.0366692 274.684 274.684 1 1 0
0.0366251 274.569 274.569 1 1 0
0.0365812 274.454 274.454 1 1 0
0.0365375 274.338 274.338 1 1 0
0.0364939 274.223 274.223 1 1 0
0.0364505 274.107 274.107 1 1 0
0.0364072 273.991 273.991 1 1 0
0.0363641 273.875 273.875 1 1 0
0.0363211 273.758 273.758 1 1 0
0.0362782 273.642 273.642 1 1 0
0.0362355 273.525 273.525 1 1 0
0.036193 273.408 273.408 1 1 0
0.0361506 273.291 273.291 1 1 0
0.0361083 273.174 273.174 1 1 0
0.0360662 273.057 273.057 1 1 0
0.0360243 272.939 272.939 1 1 0
0.0359825 272.822 272.822 1 1 0
0.0359408 272.704 272.704 1 1 0
0.0358992 272.586 272.586 1 1 0
0.0358578 272.468 272.468 1 1 0
0.0358166 272.35 272.35 1 1 0
0.0357755 272.231 272.231 1 1 0
0.0357345 272.113 272.113 1 1 0
0.0356936 271.994 271.994 1 1 0
0.0356529 271.875 271.875 1 1 0
0.0356124 271.756 271.756 1 1 0
0.035572 271.637 271.637 1 1 0
0.0355317 271.518 271.518 1 1 0
0.0354915 271.398 271.398 1 1 0
0.0354515 271.278 271.278 1 1 0
0.0354116 271.159 271.159 1 1 0
0.0353718 271.039 271.039 1 1 0
0.0353322 270.918 270.918 1 1 0
0.0352927 270.798 270.798 1 1 0
0.0352534 270.678 270.678 1 1 0
0.0352142 270.557 270.557 1 1 0
0.0351751 270.437 270.437 1 1 0
0.0351361 270.316 270.316 1 1 0
0.0350973 270.195 270.195 1 1 0
0.0350585 270.073 270.073 1 1 0
0.03502 269.952 269.952 1 1 0
0.0349815 269.831 269.831 1 1 0
0.0349432 269.709 269.709 1 1 0
0.034905 269.587 269.587 1 1 0
0.0348669 269.465 269.465 1 1 0
0.034829 269.343 269.343 1 1 0
0.0347911 269.221 269.221 1 1 0
0.0347534 269.099 269.099 1 1 0
0.0347159 268.976 268.976 1 1 0
0.0346784 268.854 268.854 1 1 0
0.0346411 268.731 268.731 1 1 0
0.0346039 268.608 268.608 1 1 0
0.0345668 268.485 268.485 1 1 0
0.0345298 268.362 268.362 1 1 0
0.034493 268.238 268.238 1 1 0
0.0344562 268.115 268.115 1 1 0
0.0344196 267.991 267.991 1 1 0
0.0343831 267.867 267.867 1 1 0
0.0343467 267.743 267.743 1 1 0
0.0343105 267.619 267.619 1 1 0
0.0342743 267.495 267.495 1 1 0
0.0342383 267.371 267.371 1 1 0
0.0342024 267.246 267.246 1 1 0
0.0341666 267.121 267.121 1 1 0
0.0341309 266.997 266.997 1 1 0
0.0340954 266.872 266.872 1 1 0
0.0340599 266.747 266.747 1 1 0
0.0340246 266.621 266.621 1 1 0
0.0339893 266.496 266.496 1 1 0
0.0339542 266.37 266.37 1 1 0
0.0339192 266.245 266.245 1 1 0
0.0338843 266.119 266.119 1 1 0
0.0338495 265.993 265.993 1 1 0
0.0338148 265.867 265.867 1 1 0
0.0337803 265.741 265.741 1 1 0
0.0337458 265.614 265.614 1 1 0
0.0337115 265.488 265.488 1 1 0
0.0336772 265.361 265.361 1 1 0
0.0336431 265.235 265.235 1 1 0
0.033609 265.108 265.108 1 1 0
0.0335751 264.981 264.981 1 1 0
0.0335413 264.853 264.853 1 1 0
0.0335076 264.726 264.726 1 1 0
0.033474 264.599 264.599 1 1 0
0.0334405 264.471 264.471 1 1 0
0.0334071 264.343 264.343 1 1 0
0.0333738 264.215 264.215 1 1 0
0.0333406 264.087 264.087 1 1 0
0.0333075 263.959 263.959 1 1 0
0.0332745 263.831 263.831 1 1 0
0.0332416 263.703 263.703 1 1 0
0.0332088 263.574 263.574 1 1 0
0.0331761 263.445 263.445 1 1 0
0.0331435 263.317 263.317 1 1 0
0.033111 263.188 263.188 1 1 0
0.0330786 263.059 263.059 1 1 0
0.0330463 262.929 262.929 1 1 0
0.0330141 262.8 262.8 1 1 0
0.032982 262.67 262.67 1 1 0
0.03295 262.541 262.541 1 1 0
0.0329181 262.411 262.411 1 1 0
0.0328863 262.281 262.281 1 1 0
0.0328546 262.151 262.151 1 1 0
0.032823 262.021 262.021 1 1 0
0.0327915 261.891 261.891 1 1 0
0.03276 261.76 261.76 1 1 0
0.0327287 261.63 261.63 1 1 0
0.0326975 261.499 261.499 1 1 0
0.0326663 261.368 261.368 1 1 0
0.0326353 261.237 261.237 1 1 0
0.0326043 261.106 261.106 1 1 0
0.0325734 260.975 260.975 1 1 0
0.0325427 260.844 260.844 1 1 0
0.032512 260.712 260.712 1 1 0
0.0324814 260.58 260.58 1 1 0
0.0324509 260.449 260.449 1 1 0
0.0324204 260.317 260.317 1 1 0
0.0323901 260.185 260.185 1 1 0
0.0323599 260.053 260.053 1 1 0
0.0323297 259.92 259.92 1 1 0
0.0322997 259.788 259.788 1 1 0
0.0322697 259.655 259.655 1 1 0
0.0322398 259.523 259.523 1 1 0
0.03221 259.39 259.39 1 1 0
0.0321803 259.257 259.257 1 1 0
0.0321507 259.124 259.124 1 1 0
0.0321211 258.991 258.991 1 1 0
0.0320917 258.857 258.857 1 1 0
0.0320623 258.724 258.724 1 1 0
0.032033 258.59 258.59 1 1 0
0.0320038 258.457 258.457 1 1 0
0.0319747 258.323 258.323 1 1 0
0.0319456 258.189 258.189 1 1 0
0.0319167 258.055 258.055 1 1 0
0.0318878 257.92 257.92 1 1 0
0.031859 257.786 257.786 1 1 0
0.0318303 257.652 257.652 1 1 0
0.0318017 257.517 257.517 1 1 0
0.0317732 257.382 257.382 1 1 0
0.0317447 257.247 257.247 1 1 0
0.0317163 257.112 257.112 1 1 0
0.031688 256.977 256.977 1 1 0
0.0316598 256.842 256.842 1 1 0
0.0316317 256.706 256.706 1 1 0
0.0316036 256.571 256.571 1 1 0
0.0315756 256.435 256.435 1 1 0
0.0315477 256.299 256.299 1 1 0
0.0315199 256.164 256.164 1 1 0
0.0314922 256.027 256.027 1 1 0
0.0314645 255.891 255.891 1 1 0
0.0314369 255.755 255.755 1 1 0
0.0314094 255.619 255.619 1 1 0
0.031382 255.482 255.482 1 1 0
0.0313546 255.345 255.345 1 1 0
0.0313273 255.208 255.208 1 1 0
0.0313001 255.072 255.072 1 1 0
0.031273 254.934 254.934 1 1 0
0.0312459 254.797 254.797 1 1 0
0.0312189 254.66 254.66 1 1 0
0.031192 254.522 254.522 1 1 0
0.0311652 254.385 254.385 1 1 0
0.0311384 254.247 254.247 1 1 0
0.0311117 254.109 254.109 1 1 0
0.0310851 253.971 253.971 1 1 0
0.0310586 253.833 253.833 1 1 0
0.0310321 253.695 253.695 1 1 0
0.0310057 253.557 253.557 1 1 0
0.0309794 253.418 253.418 1 1 0
0.0309531 253.28 253.28 1 1 0
0.0309269 253.141 253.141 1 1 0
0.0309008 253.002 253.002 1 1 0
0.0308748 252.863 252.863 1 1 0
0.0308488 252.724 252.724 1 1 0
0.0308229 252.585 252.585 1 1 0
0.0307971 252.445 252.445 1 1 0
0.0307713 252.306 252.306 1 1 0
0.0307456 252.166 252.166 1 1 0
0.03072 252.026 252.026 1 1 0
0.0306944 251.886 251.886 1 1 0
0.0306689 251.746 251.746 1 1 0
0.0306435 251.606 251.606 1 1 0
0.0306181 251.466 251.466 1 1 0
0.0305929 251.326 251.326 1 1 0
0.0305676 251.185 251.185 1 1 0
0.0305425 251.044 251.044 1 1 0
0.0305174 250.904 250.904 1 1 0
0.0304924 250.763 250.763 1 1 0
0.0304674 250.622 250.622 1 1 0
0.0304426 250.481 250.481 1 1 0
0.0304177 250.339 250.339 1 1 0
0.030393 250.198 250.198 1 1 0
0.0303683 250.056 250.056 1 1 0
0.0303437 249.915 249.915 1 1 0
0.0303191 249.773 249.773 1 1 0
0.0302946 249.631 249.631 1 1 0
0.0302702 249.489 249.489 1 1 0
0.0302458 249.347 249.347 1 1 0
0.0302215 249.204 249.204 1 1 0
0.0301972 249.062 249.062 1 1 0
0.0301731 248.919 248.919 1 1 0
0.0301489 248.777 248.777 1 1 0
0.0301249 248.634 248.634 1 1 0
0.0301009 248.491 248.491 1 1 0
0.030077 248.348 248.348 1 1 0
0.0300531 248.205 248.205 1 1 0
0.0300293 248.061 248.061 1 1 0
0.0300055 247.918 247.918 1 1 0
0.0299819 247.774 247.774 1 1 0
0.0299582 247.631 247.631 1 1 0
0.0299347 247.487 247.487 1 1 0
0.0299112 247.343 247.343 1 1 0
0.0298877 247.199 247.199 1 1 0
0.0298643 247.055 247.055 1 1 0
0.029841 246.91 246.91 1 1 0
0.0298178 246.766 246.766 1 1 0
0.0297945 246.621 246.621 1 1 0
0.0297714 246.477 246.477 1 1 0
0.0297483 246.332 246.332 1 1 0
0.0297253 246.187 246.187 1 1 0
0.0297023 246.042 246.042 1 1 0
0.0296794 245.897 245.897 1 1 0
0.0296565 245.751 245.751 1 1 0
0.0296337 245.606 245.606 1 1 0
0.029611 245.46 245.46 1 1 0
0.0295883 245.314 245.314 1 1 0
0.0295657 245.169 245.169 1 1 0
0.0295431 245.023 245.023 1 1 0
0.0295206 244.877 244.877 1 1 0
0.0294981 244.73 244.73 1 1 0
0.0294757 244.584 244.584 1 1 0
0.0294534 244.437 244.437 1 1 0
0.0294311 244.291 244.291 1 1 0
0.0294089 244.144 244.144 1 1 0
0.0293867 243.997 243.997 1 1 0
0.0293646 243.85 243.85 1 1 0
0.0293425 243.703 243.703 1 1 0
0.0293205 243.556 243.556 1 1 0
0.0292985 243.409 243.409 1 1 0
0.0292766 243.261 243.261 1 1 0
0.0292548 243.113 243.113 1 1 0
0.029233 242.966 242.966 1 1 0
0.0292112 242.818 242.818 1 1 0
0.0291895 242.67 242.67 1 1 0
0.0291679 242.522 242.522 1 1 0
0.0291463 242.373 242.373 1 1 0
0.0291248 242.225 242.225 1 1 0
0.0291033 242.076 242.076 1 1 0
0.0290819 241.928 241.928 1 1 0
0.0290605 241.779 241.779 1 1 0
0.0290392 241.63 241.63 1 1 0
0.0290179 241.481 241.481 1 1 0
0.0289967 241.332 241.332 1 1 0
0.0289755 241.183 241.183 1 1 0
0.0289544 241.033 241.033 1 1 0
0.0289333 240.884 240.884 1 1 0
0.0289123 240.734 240.734 1 1 0
0.0288913 240.584 240.584 1 1 0
0.0288704 240.434 240.434 1 1 0
0.0288495 240.284 240.284 1 1 0
0.0288287 240.134 240.134 1 1 0
0.028808 239.984 239.984 1 1 0
0.0287873 239.833 239.833 1 1 0
0.0287666 239.683 239.683 1 1 0
0.028746 239.532 239.532 1 1 0
0.0287254 239.381 239.381 1 1 0
0.0287049 239.23 239.23 1 1 0
0.0286844 239.079 239.079 1 1 0
0.028664 238.928 238.928 1 1 0
0.0286436 238.777 238.777 1 1 0
0.0286233 238.625 238.625 1 1 0
0.028603 238.474 238.474 1 1 0
0.0285828 238.322 238.322 1 1 0
0.0285626 238.17 238.17 1 1 0
0.0285425 238.018 238.018 1 1 0
0.0285224 237.866 237.866 1 1 0
0.0285024 237.714 237.714 1 1 0
0.0284824 237.561 237.561 1 1 0
0.0284625 237.409 237.409 1 1 0
0.0284426 237.256 237.256 1 1 0
0.0284227 237.104 237.104 1 1 0
0.0284029 236.951 236.951 1 1 0
0.0283832 236.798 236.798 1 1 0
0.0283635 236.644 236.644 1 1 0
0.0283438 236.491 236.491 1 1 0
0.0283242 236.338 236.338 1 1 0
0.0283046 236.184 236.184 1 1 0
0.0282851 236.031 236.031 1 1 0
0.0282656 235.877 235.877 1 1 0
0.0282462 235.723 235.723 1 1 0
0.0282268 235.569 235.569 1 1 0
0.0282075 235.415 235.415 1 1 0
0.0281882 235.26 235.26 1 1 0
0.0281689 235.106 235.106 1 1 0
0.0281497 234.951 234.951 1 1 0
0.0281305 234.797 234.797 1 1 0
0.0281114 234.642 234.642 1 1 0
0.0280923 234.487 234.487 1 1 0
0.0280733 234.332 234.332 1 1 0
0.0280543 234.177 234.177 1 1 0
0.0280354 234.021 234.021 1 1 0
0.0280165 233.866 233.866 1 1 0
0.0279976 233.71 233.71 1 1 0
0.0279788 233.555 233.555 1 1 0
0.02796 233.399 233.399 1 1 0
0.0279413 233.243 233.243 1 1 0
0.0279226 233.087 233.087 1 1 0
0.027904 232.93 232.93 1 1 0
0.0278854 232.774 232.774 1 1 0
0.0278669 232.618 232.618 1 1 0
0.0278483 232.461 232.461 1 1 0
0.0278299 232.304 232.304 1 1 0
0.0278114 232.147 232.147 1 1 0
0.0277931 231.99 231.99 1 1 0
0.0277747 231.833 231.833 1 1 0
0.0277564 231.676 231.676 1 1 0
0.0277382 231.518 231.518 1 1 0
0.0277199 231.361 231.361 1 1 0
0.0277018 231.203 231.203 1 1 0
0.0276836 231.045 231.045 1 1 0
0.0276655 230.887 230.887 1 1 0
0.0276475 230.729 230.729 1 1 0
0.0276295 230.571 230.571 1 1 0
0.0276115 230.413 230.413 1 1 0
0.0275936 230.254 230.254 1 1 0
0.0275757 230.096 230.096 1 1 0
0.0275578 229.937 229.937 1 1 0
0.02754 229.778 229.778 1 1 0
0.0275222 229.619 229.619 1 1 0
0.0275045 229.46 229.46 1 1 0
0.0274868 229.301 229.301 1 1 0
0.0274692 229.141 229.141 1 1 0
0.0274516 228.982 228.982 1 1 0
0.027434 228.822 228.822 1 1 0
0.0274165 228.662 228.662 1 1 0
0.027399 228.502 228.502 1 1 0
0.0273815 228.342 228.342 1 1 0
0.0273641 228.182 228.182 1 1 0
0.0273467 228.022 228.022 1 1 0
0.0273294 227.861 227.861 1 1 0
0.0273121 227.701 227.701 1 1 0
0.0272948 227.54 227.54 1 1 0
0.0272776 227.379 227.379 1 1 0
0.0272604 227.218 227.218 1 1 0
0.0272433 227.057 227.057 1 1 0
0.0272262 226.896 226.896 1 1 0
0.0272091 226.735 226.735 1 1 0
0.0271921 226.573 226.573 1 1 0
0.0271751 226.411 226.411 1 1 0
0.0271582 226.25 226.25 1 1 0
0.0271412 226.088 226.088 1 1 0
0.0271244 225.926 225.926 1 1 0
0.0271075 225.763 225.763 1 1 0
0.0270907 225.601 225.601 1 1 0
0.027074 225.439 225.439 1 1 0
0.0270572 225.276 225.276 1 1 0
0.0270405 225.113 225.113 1 1 0
0.0270239 224.951 224.951 1 1 0
0.0270073 224.788 224.788 1 1 0
0.0269907 224.624 224.624 1 1 0
0.0269741 224.461 224.461 1 1 0
0.0269576 224.298 224.298 1 1 0
0.0269412 224.134 224.134 1 1 0
0.0269247 223.971 223.971 1 1 0
0.0269083 223.807 223.807 1 1 0
0.026892 223.643 223.643 1 1 0
0.0268756 223.479 223.479 1 1 0
0.0268594 223.315 223.315 1 1 0
0.0268431 223.15 223.15 1 1 0
0.0268269 222.986 222.986 1 1 0
0.0268107 222.821 222.821 1 1 0
0.0267946 222.657 222.657 1 1 0
0.0267784 222.492 222.492 1 1 0
0.0267624 222.327 222.327 1 1 0
0.0267463 222.162 222.162 1 1 0
0.0267303 221.996 221.996 1 1 0
0.0267143 221.831 221.831 1 1 0
0.0266984 221.665 221.665 1 1 0
0.0266825 221.5 221.5 1 1 0
0.0266666 221.334 221.334 1 1 0
0.0266508 221.168 221.168 1 1 0
0.026635 221.002 221.002 1 1 0
0.0266193 220.836 220.836 1 1 0
0.0266035 220.669 220.669 1 1 0
0.0265878 220.503 220.503 1 1 0
0.0265722 220.336 220.336 1 1 0
0.0265566 220.169 220.169 1 1 0
0.026541 220.002 220.002 1 1 0
0.0265254 219.835 219.835 1 1 0
0.0265099 219.668 219.668 1 1 0
0.0264944 219.501 219.501 1 1 0
0.026479 219.333 219.333 1 1 0
0.0264635 219.166 219.166 1 1 0
0.0264482 218.998 218.998 1 1 0
0.0264328 218.83 218.83 1 1 0
0.0264175 218.662 218.662 1 1 0
0.0264022 218.494 218.494 1 1 0
0.0263869 218.326 218.326 1 1 0
0.0263717 218.157 218.157 1 1 0
0.0263565 217.989 217.989 1 1 0
0.0263414 217.82 217.82 1 1 0
0.0263263 217.651 217.651 1 1 0
0.0263112 217.482 217.482 1 1 0
0.0262961 217.313 217.313 1 1 0
0.0262811 217.144 217.144 1 1 0
0.0262661 216.975 216.975 1 1 0
0.0262512 216.805 216.805 1 1 0
0.0262363 216.636 216.636 1 1 0
0.0262214 216.466 216.466 1 1 0
0.0262065 216.296 216.296 1 1 0
0.0261917 216.126 216.126 1 1 0
0.0261769 215.956 215.956 1 1 0
0.0261621 215.785 215.785 1 1 0
0.0261474 215.615 215.615 1 1 0
0.0261327 215.444 215.444 1 1 0
0.026118 215.273 215.273 1 1 0
0.0261034 215.102 215.102 1 1 0
0.0260888 214.931 214.931 1 1 0
0.0260742 214.76 214.76 1 1 0
0.0260597 214.589 214.589 1 1 0
0.0260452 214.417 214.417 1 1 0
0.0260307 214.246 214.246 1 1 0
0.0260163 214.074 214.074 1 1 0
0.0260019 213.902 213.902 1 1 0
0.0259875 213.73 213.73 1 1 0
0.0259732 213.558 213.558 1 1 0
0.0259588 213.386 213.386 1 1 0
0.0259446 213.213 213.213 1 1 0
0.0259303 213.041 213.041 1 1 0
0.0259161 212.868 212.868 1 1 0
0.0259019 212.695 212.695 1 1 0
0.0258877 212.522 212.522 1 1 0
0.0258736 212.349 212.349 1 1 0
0.0258595 212.176 212.176 1 1 0
0.0258454 212.002 212.002 1 1 0
0.0258314 211.829 211.829 1 1 0
0.0258174 211.655 211.655 1 1 0
0.0258034 211.481 211.481 1 1 0
0.0257895 211.307 211.307 1 1 0
0.0257756 211.133 211.133 1 1 0
0.0257617 210.959 210.959 1 1 0
0.0257478 210.784 210.784 1 1 0
0.025734 210.61 210.61 1 1 0
0.0257202 210.435 210.435 1 1 0
0.0257065 210.26 210.26 1 1 0
0.0256927 210.085 210.085 1 1 0
0.025679 209.91 209.91 1 1 0
0.0256653 209.735 209.735 1 1 0
0.0256517 209.56 209.56 1 1 0
0.0256381 209.384 209.384 1 1 0
0.0256245 209.208 209.208 1 1 0
0.025611 209.033 209.033 1 1 0
0.0255974 208.857 208.857 1 1 0
0.0255839 208.68 208.68 1 1 0
0.0255705 208.504 208.504 1 1 0
0.0255571 208.328 208.328 1 1 0
0.0255436 208.151 208.151 1 1 0
0.0255303 207.975 207.975 1 1 0
0.0255169 207.798 207.798 1 1 0
0.0255036 207.621 207.621 1 1 0
0.0254903 207.444 207.444 1 1 0
0.0254771 207.266 207.266 1 1 0
0.0254638 207.089 207.089 1 1 0
0.0254506 206.911 206.911 1 1 0
0.0254375 206.734 206.734 1 1 0
0.0254243 206.556 206.556 1 1 0
0.0254112 206.378 206.378 1 1 0
0.0253981 206.2 206.2 1 1 0
0.0253851 206.021 206.021 1 1 0
0.0253721 205.843 205.843 1 1 0
0.0253591 205.665 205.665 1 1 0
0.0253461 205.486 205.486 1 1 0
0.0253332 205.307 205.307 1 1 0
0.0253203 205.128 205.128 1 1 0
0.0253074 204.949 204.949 1 1 0
0.0252945 204.77 204.77 1 1 0
0.0252817 204.59 204.59 1 1 0
0.0252689 204.411 204.411 1 1 0
0.0252562 204.231 204.231 1 1 0
0.0252434 204.051 204.051 1 1 0
0.0252307 203.871 203.871 1 1 0
0.025218 203.691 203.691 1 1 0
0.0252054 203.511 203.511 1 1 0
0.0251928 203.33 203.33 1 1 0
0.0251802 203.149 203.149 1 1 0
0.0251676 202.969 202.969 1 1 0
0.0251551 202.788 202.788 1 1 0
0.0251425 202.607 202.607 1 1 0
0.0251425 202.607 202.607 2 1 0
0.0251415 202.592 202.592 1 1 0
0.0251405 202.578 202.578 1 1 0
0.0251386 202.549 202.549 1 1 0
0.0251346 202.491 202.491 1 1 0
0.0251266 202.375 202.375 1 1 0
0.0251141 202.194 202.194 1 1 0
0.0251017 202.012 202.012 1 1 0
0.0250893 201.83 201.83 1 1 0
0.025077 201.649 201.649 1 1 0
0.0250646 201.467 201.467 1 1 0
0.0250523 201.285 201.285 1 1 0
0.02504 201.102 201.102 1 1 0
0.0250278 200.92 200.92 1 1 0
0.0250156 200.737 200.737 1 1 0
0.0250034 200.555 200.555 1 1 0
0.0249912 200.372 200.372 1 1 0
0.0249791 200.189 200.189 1 1 0
0.024967 200.006 200.006 1 1 0
0.0249549 199.822 199.822 1 1 0
0.0249428 199.639 199.639 1 1 0
0.0249308 199.455 199.455 1 1 0
0.0249188 199.272 199.272 1 1 0
0.0249068 199.088 199.088 1 1 0
0.0248949 198.904 198.904 1 1 0
0.024883 198.72 198.72 1 1 0
0.0248711 198.535 198.535 1 1 0
0.0248592 198.351 198.351 1 1 0
0.0248474 198.166 198.166 1 1 0
0.0248356 197.981 197.981 1 1 0
0.0248238 197.797 197.797 1 1 0
0.024812 197.612 197.612 1 1 0
0.0248003 197.426 197.426 1 1 0
0.0247886 197.241 197.241 1 1 0
0.0247769 197.055 197.055 1 1 0
0.0247653 196.87 196.87 1 1 0
0.0247536 196.684 196.684 1 1 0
0.0247421 196.498 196.498 1 1 0
0.0247305 196.312 196.312 1 1 0
0.024719 196.126 196.126 1 1 0
0.0247074 195.939 195.939 1 1 0
0.024696 195.753 195.753 1 1 0
0.0246845 195.566 195.566 1 1 0
0.0246731 195.379 195.379 1 1 0
0.0246617 195.192 195.192 1 1 0
0.0246503 195.005 195.005 1 1 0
0.024639 194.818 194.818 1 1 0
0.0246276 194.63 194.63 1 1 0
0.0246163 194.443 194.443 1 1 0
0.0246051 194.255 194.255 1 1 0
0.0245938 194.067 194.067 1 1 0
0.0245826 193.879 193.879 1 1 0
0.0245714 193.691 193.691 1 1 0
0.0245603 193.502 193.502 1 1 0
0.0245491 193.314 193.314 1 1 0
0.024538 193.125 193.125 1 1 0
0.0245269 192.936 192.936 1 1 0
0.0245159 192.747 192.747 1 1 0
0.0245049 192.558 192.558 1 1 0
0.0244939 192.369 192.369 1 1 0
0.0244829 192.179 192.179 1 1 0
0.0244719 191.99 191.99 1 1 0
0.024461 191.8 191.8 1 1 0
0.0244501 191.61 191.61 1 1 0
0.0244392 191.42 191.42 1 1 0
0.0244284 191.23 191.23 1 1 0
0.0244176 191.04 191.04 1 1 0
0.0244068 190.849 190.849 1 1 0
0.024396 190.658 190.658 1 1 0
0.0243853 190.468 190.468 1 1 0
0.0243746 190.277 190.277 1 1 0
0.0243639 190.086 190.086 1 1 0
0.0243533 189.894 189.894 1 1 0
0.0243426 189.703 189.703 1 1 0
0.024332 189.511 189.511 1 1 0
0.0243214 189.32 189.32 1 1 0
0.0243109 189.128 189.128 1 1 0
0.0243004 188.936 188.936 1 1 0
0.0242899 188.743 188.743 1 1 0
0.0242794 188.551 188.551 1 1 0
0.024269 188.359 188.359 1 1 0
0.0242585 188.166 188.166 1 1 0
0.0242481 187.973 187.973 1 1 0
0.0242378 187.78 187.78 1 1 0
0.0242274 187.587 187.587 1 1 0
0.0242171 187.394 187.394 1 1 0
0.0242068 187.2 187.2 1 1 0
0.0241966 187.007 187.007 1 1 0
0.0241863 186.813 186.813 1 1 0
0.0241761 186.619 186.619 1 1 0
0.024166 186.425 186.425 1 1 0
0.0241558 186.231 186.231 1 1 0
0.0241457 186.036 186.036 1 1 0
0.0241356 185.842 185.842 1 1 0
0.0241255 185.647 185.647 1 1 0
0.0241154 185.452 185.452 1 1 0
0.0241054 185.257 185.257 1 1 0
0.0240954 185.062 185.062 1 1 0
0.0240854 184.867 184.867 1 1 0
0.0240755 184.672 184.672 1 1 0
0.0240656 184.476 184.476 1 1 0
0.0240557 184.28 184.28 1 1 0
0.0240458 184.084 184.084 1 1 0
0.024036 183.888 183.888 1 1 0
0.0240262 183.692 183.692 1 1 0
0.0240164 183.496 183.496 1 1 0
0.0240066 183.299 183.299 1 1 0
0.0239969 183.102 183.102 1 1 0
0.0239872 182.905 182.905 1 1 0
0.0239775 182.708 182.708 1 1 0
0.0239678 182.511 182.511 1 1 0
0.0239582 182.314 182.314 1 1 0
0.0239486 182.116 182.116 1 1 0
0.023939 181.919 181.919 1 1 0
0.0239294 181.721 181.721 1 1 0
0.0239199 181.523 181.523 1 1 0
0.0239104 181.325 181.325 1 1 0
0.0239009 181.126 181.126 1 1 0
0.0238915 180.928 180.928 1 1 0
0.0238821 180.729 180.729 1 1 0
0.0238727 180.531 180.531 1 1 0
0.0238633 180.332 180.332 1 1 0
0.023854 180.133 180.133 1 1 0
0.0238447 179.933 179.933 1 1 0
0.0238354 179.734 179.734 1 1 0
0.0238261 179.534 179.534 1 1 0
0.0238169 179.335 179.335 1 1 0
0.0238077 179.135 179.135 1 1 0
0.0237985 178.935 178.935 1 1 0
0.0237893 178.734 178.734 1 1 0
0.0237802 178.534 178.534 1 1 0
0.0237711 178.333 178.333 1 1 0
0.023762 178.133 178.133 1 1 0
0.0237529 177.932 177.932 1 1 0
0.0237439 177.731 177.731 1 1 0
0.0237349 177.53 177.53 1 1 0
0.0237259 177.328 177.328 1 1 0
0.023717 177.127 177.127 1 1 0
0.0237081 176.925 176.925 1 1 0
0.0236992 176.723 176.723 1 1 0
0.0236903 176.521 176.521 1 1 0
0.0236815 176.319 176.319 1 1 0
0.0236727 176.117 176.117 1 1 0
0.0236639 175.915 175.915 1 1 0
0.0236551 175.712 175.712 1 1 0
0.0236464 175.509 175.509 1 1 0
0.0236377 175.306 175.306 1 1 0
0.023629 175.103 175.103 1 1 0
0.0236203 174.9 174.9 1 1 0
0.0236117 174.696 174.696 1 1 0
0.0236031 174.493 174.493 1 1 0
0.0235945 174.289 174.289 1 1 0
0.023586 174.085 174.085 1 1 0
0.0235774 173.881 173.881 1 1 0
0.023569 173.677 173.677 1 1 0
0.0235605 173.472 173.472 1 1 0
0.023552 173.268 173.268 1 1 0
0.0235436 173.063 173.063 1 1 0
0.0235352 172.858 172.858 1 1 0
0.0235269 172.653 172.653 1 1 0
0.0235185 172.448 172.448 1 1 0
0.0235102 172.243 172.243 1 1 0
0.023502 172.037 172.037 1 1 0
0.0234937 171.831 171.831 1 1 0
0.0234855 171.625 171.625 1 1 0
0.0234773 171.419 171.419 1 1 0
0.0234691 171.213 171.213 1 1 0
0.023461 171.007 171.007 1 1 0
0.0234528 170.8 170.8 1 1 0
0.0234448 170.594 170.594 1 1 0
0.0234367 170.387 170.387 1 1 0
0.0234287 170.18 170.18 1 1 0
0.0234206 169.972 169.972 1 1 0
0.0234127 169.765 169.765 1 1 0
0.0234047 169.558 169.558 1 1 0
0.0233968 169.35 169.35 1 1 0
0.0233889 169.142 169.142 1 1 0
0.023381 168.934 168.934 1 1 0
0.0233732 168.726 168.726 1 1 0
0.0233653 168.517 168.517 1 1 0
0.0233575 168.309 168.309 1 1 0
0.0233498 168.1 168.1 1 1 0
0.0233421 167.891 167.891 1 1 0
0.0233343 167.682 167.682 1 1 0
0.0233267 167.473 167.473 1 1 0
0.023319 167.264 167.264 1 1 0
0.0233114 167.054 167.054 1 1 0
0.0233038 166.845 166.845 1 1 0
0.0232962 166.635 166.635 1 1 0
0.0232887 166.425 166.425 1 1 0
0.0232812 166.215 166.215 1 1 0
0.0232737 166.004 166.004 1 1 0
0.0232662 165.794 165.794 1 1 0
0.0232588 165.583 165.583 1 1 0
0.0232514 165.372 165.372 1 1 0
0.023244 165.161 165.161 1 1 0
0.0232367 164.95 164.95 1 1 0
0.0232293 164.739 164.739 1 1 0
0.0232221 164.527 164.527 1 1 0
0.0232148 164.315 164.315 1 1 0
0.0232076 164.104 164.104 1 1 0
0.0232004 163.892 163.892 1 1 0
0.0231932 163.679 163.679 1 1 0
0.023186 163.467 163.467 1 1 0
0.0231789 163.255 163.255 1 1 0
0.0231718 163.042 163.042 1 1 0
0.0231648 162.829 162.829 1 1 0
0.0231577 162.616 162.616 1 1 0
0.0231507 162.403 162.403 1 1 0
0.0231437 162.189 162.189 1 1 0
0.0231368 161.976 161.976 1 1 0
0.0231299 161.762 161.762 1 1 0
0.023123 161.548 161.548 1 1 0
0.0231161 161.334 161.334 1 1 0
0.0231093 161.12 161.12 1 1 0
0.0231025 160.906 160.906 1 1 0
0.0230957 160.691 160.691 1 1 0
0.023089 160.476 160.476 1 1 0
0.0230822 160.261 160.261 1 1 0
0.0230756 160.046 160.046 1 1 0
0.0230689 159.831 159.831 1 1 0
0.0230623 159.616 159.616 1 1 0
0.0230557 159.4 159.4 1 1 0
0.0230491 159.184 159.184 1 1 0
0.0230426 158.968 158.968 1 1 0
0.0230361 158.752 158.752 1 1 0
0.0230296 158.536 158.536 1 1 0
0.0230231 158.32 158.32 1 1 0
0.0230167 158.103 158.103 1 1 0
0.0230103 157.886 157.886 1 1 0
0.023004 157.669 157.669 1 1 0
0.0229976 157.452 157.452 1 1 0
0.0229913 157.235 157.235 1 1 0
0.0229851 157.018 157.018 1 1 0
0.0229788 156.8 156.8 1 1 0
0.0229726 156.582 156.582 1 1 0
0.0229664 156.364 156.364 1 1 0
0.0229603 156.146 156.146 1 1 0
0.0229541 155.928 155.928 1 1 0
0.0229481 155.709 155.709 1 1 0
0.022942 155.491 155.491 1 1 0
0.022936 155.272 155.272 1 1 0
0.02293 155.053 155.053 1 1 0
0.022924 154.834 154.834 1 1 0
0.0229181 154.614 154.614 1 1 0
0.0229122 154.395 154.395 1 1 0
0.0229063 154.175 154.175 1 1 0
0.0229005 153.955 153.955 1 1 0
0.0228946 153.735 153.735 1 1 0
0.0228889 153.515 153.515 1 1 0
0.0228831 153.295 153.295 1 1 0
0.0228774 153.074 153.074 1 1 0
0.0228717 152.853 152.853 1 1 0
0.0228661 152.632 152.632 1 1 0
0.0228604 152.411 152.411 1 1 0
0.0228548 152.19 152.19 1 1 0
0.0228493 151.969 151.969 1 1 0
0.0228438 151.747 151.747 1 1 0
0.0228383 151.525 151.525 1 1 0
0.0228328 151.303 151.303 1 1 0
0.0228274 151.081 151.081 1 1 0
0.022822 150.859 150.859 1 1 0
0.0228166 150.636 150.636 1 1 0
0.0228113 150.414 150.414 1 1 0
0.022806 150.191 150.191 1 1 0
0.0228007 149.968 149.968 1 1 0
0.0227955 149.745 149.745 1 1 0
0.0227903 149.522 149.522 1 1 0
0.0227851 149.298 149.298 1 1 0
0.02278 149.074 149.074 1 1 0
0.0227749 148.85 148.85 1 1 0
0.0227698 148.626 148.626 1 1 0
0.0227648 148.402 148.402 1 1 0
0.0227598 148.178 148.178 1 1 0
0.0227548 147.953 147.953 1 1 0
0.0227499 147.728 147.728 1 1 0
0.022745 147.504 147.504 1 1 0
0.0227401 147.278 147.278 1 1 0
0.0227352 147.053 147.053 1 1 0
0.0227304 146.828 146.828 1 1 0
0.0227257 146.602 146.602 1 1 0
0.022721 146.376 146.376 1 1 0
0.0227163 146.15 146.15 1 1 0
0.0227116 145.924 145.924 1 1 0
0.022707 145.698 145.698 1 1 0
0.0227024 145.471 145.471 1 1 0
0.0226978 145.245 145.245 1 1 0
0.0226933 145.018 145.018 1 1 0
0.0226888 144.791 144.791 1 1 0
0.0226843 144.564 144.564 1 1 0
0.0226799 144.336 144.336 1 1 0
0.0226755 144.109 144.109 1 1 0
0.0226712 143.881 143.881 1 1 0
0.0226669 143.653 143.653 1 1 0
0.0226626 143.425 143.425 1 1 0
0.0226584 143.197 143.197 1 1 0
0.0226542 142.968 142.968 1 1 0
0.02265 142.74 142.74 1 1 0
0.0226459 142.511 142.511 1 1 0
0.0226418 142.282 142.282 1 1 0
0.0226377 142.053 142.053 1 1 0
0.0226337 141.823 141.823 1 1 0
0.0226297 141.594 141.594 1 1 0
0.0226258 141.364 141.364 1 1 0
0.0226218 141.134 141.134 1 1 0
0.022618 140.904 140.904 1 1 0
0.0226141 140.674 140.674 1 1 0
0.0226103 140.443 140.443 1 1 0
0.0226066 140.213 140.213 1 1 0
0.0226028 139.982 139.982 1 1 0
0.0225992 139.751 139.751 1 1 0
0.0225955 139.52 139.52 1 1 0
0.0225919 139.289 139.289 1 1 0
0.0225883 139.057 139.057 1 1 0
0.0225848 138.826 138.826 1 1 0
0.0225813 138.594 138.594 1 1 0
0.0225778 138.362 138.362 1 1 0
0.0225744 138.13 138.13 1 1 0
0.0225711 137.897 137.897 1 1 0
0.0225677 137.665 137.665 1 1 0
0.0225644 137.432 137.432 1 1 0
0.0225612 137.199 137.199 1 1 0
0.0225579 136.966 136.966 1 1 0
0.0225548 136.733 136.733 1 1 0
0.0225516 136.499 136.499 1 1 0
0.0225485 136.265 136.265 1 1 0
0.0225455 136.032 136.032 1 1 0
0.0225424 135.798 135.798 1 1 0
0.0225395 135.563 135.563 1 1 0
0.0225365 135.329 135.329 1 1 0
0.0225336 135.094 135.094 1 1 0
0.0225308 134.86 134.86 1 1 0
0.022528 134.625 134.625 1 1 0
0.0225252 134.39 134.39 1 1 0
0.0225225 134.155 134.155 1 1 0
0.0225198 133.919 133.919 1 1 0
0.0225171 133.683 133.683 1 1 0
0.0225145 133.448 133.448 1 1 0
0.022512 133.212 133.212 1 1 0
0.0225094 132.975 132.975 1 1 0
0.022507 132.739 132.739 1 1 0
0.0225045 132.503 132.503 1 1 0
0.0225021 132.266 132.266 1 1 0
0.0224998 132.029 132.029 1 1 0
0.0224975 131.792 131.792 1 1 0
0.0224952 131.555 131.555 1 1 0
0.022493 131.317 131.317 1 1 0
0.0224908 131.08 131.08 1 1 0
0.0224887 130.842 130.842 1 1 0
0.0224866 130.604 130.604 1 1 0
0.0224846 130.366 130.366 1 1 0
0.0224826 130.127 130.127 1 1 0
0.0224806 129.889 129.889 1 1 0
0.0224787 129.65 129.65 1 1 0
0.0224769 129.411 129.411 1 1 0
0.0224751 129.172 129.172 1 1 0
0.0224733 128.933 128.933 1 1 0
0.0224716 128.693 128.693 1 1 0
0.0224699 128.454 128.454 1 1 0
0.0224683 128.214 128.214 1 1 0
0.0224667 127.974 127.974 1 1 0
0.0224652 127.734 127.734 1 1 0
0.0224637 127.493 127.493 1 1 0
0.0224623 127.253 127.253 1 1 0
0.0224609 127.012 127.012 1 1 0
0.0224595 126.771 126.771 1 1 0
0.0224582 126.53 126.53 1 1 0
0.022457 126.289 126.289 1 1 0
0.0224558 126.047 126.047 1 1 0
0.0224547 125.805 125.805 1 1 0
0.0224536 125.564 125.564 1 1 0
0.0224525 125.322 125.322 1 1 0
0.0224515 125.079 125.079 1 1 0
0.0224506 124.837 124.837 1 1 0
0.0224497 124.594 124.594 1 1 0
0.0224488 124.352 124.352 1 1 0
0.022448 124.109 124.109 1 1 0
0.0224473 123.866 123.866 1 1 0
0.0224466 123.622 123.622 1 1 0
0.022446 123.379 123.379 1 1 0
0.0224454 123.135 123.135 1 1 0
0.0224448 122.891 122.891 1 1 0
0.0224443 122.647 122.647 1 1 0
0.0224439 122.403 122.403 1 1 0
0.0224435 122.159 122.159 1 1 0
0.0224432 121.914 121.914 1 1 0
0.0224429 121.669 121.669 1 1 0
0.0224427 121.424 121.424 1 1 0
0.0224426 121.179 121.179 1 1 0
0.0224424 120.934 120.934 1 1 0
0.0224424 120.688 120.688 1 1 0
0.0224424 120.567 120.567 2 1 0
0.0224424 120.322 120.322 2 1 0
0.0224425 120.076 120.076 2 1 0
0.0224426 119.829 119.829 2 1 0
0.0224428 119.583 119.583 2 1 0
0.0224431 119.336 119.336 2 1 0
0.0224434 119.09 119.09 2 1 0
0.0224438 118.843 118.843 2 1 0
0.0224442 118.596 118.596 2 1 0
0.0224447 118.348 118.348 2 1 0
0.0224452 118.101 118.101 2 1 0
0.0224458 117.853 117.853 2 1 0
0.0224465 117.605 117.605 2 1 0
0.0224472 117.357 117.357 2 1 0
0.0224479 117.109 117.109 2 1 0
0.0224488 116.861 116.861 2 1 0
0.0224497 116.612 116.612 2 1 0
0.0224506 116.363 116.363 2 1 0
0.0224516 116.115 116.115 2 1 0
0.0224527 115.865 115.865 2 1 0
0.0224539 115.616 115.616 2 1 0
0.0224551 115.367 115.367 2 1 0
0.0224563 115.117 115.117 2 1 0
0.0224576 114.867 114.867 2 1 0
0.022459 114.617 114.617 2 1 0
0.0224605 114.367 114.367 2 1 0
0.022462 114.116 114.116 2 1 0
0.0224636 113.866 113.866 2 1 0
0.0224652 113.615 113.615 2 1 0
0.0224669 113.364 113.364 2 1 0
0.0224687 113.112 113.112 2 1 0
0.0224706 112.861 112.861 2 1 0
0.0224725 112.61 112.61 2 1 0
0.0224744 112.358 112.358 2 1 0
0.0224765 112.106 112.106 2 1 0
0.0224786 111.854 111.854 2 1 0
0.0224808 111.601 111.601 2 1 0
0.022483 111.349 111.349 2 1 0
0.0224853 111.096 111.096 2 1 0
0.0224877 110.843 110.843 2 1 0
0.0224902 110.59 110.59 2 1 0
0.0224927 110.337 110.337 2 1 0
0.0224953 110.084 110.084 2 1 0
0.0224979 109.83 109.83 2 1 0
0.0225007 109.576 109.576 2 1 0
0.0225035 109.322 109.322 2 1 0
0.0225064 109.068 109.068 2 1 0
0.0225093 108.814 108.814 2 1 0
0.0225123 108.559 108.559 2 1 0
0.0225154 108.304 108.304 2 1 0
0.0225186 108.049 108.049 2 1 0
0.0225219 107.794 107.794 2 1 0
0.0225252 107.539 107.539 2 1 0
0.0225286 107.283 107.283 2 1 0
0.0225321 107.028 107.028 2 1 0
0.0225356 106.772 106.772 2 1 0
0.0225393 106.516 106.516 2 1 0
0.022543 106.259 106.259 2 1 0
0.0225468 106.003 106.003 2 1 0
0.0225506 105.746 105.746 2 1 0
0.0225546 105.49 105.49 2 1 0
0.0225586 105.233 105.233 2 1 0
0.0225627 104.975 104.975 2 1 0
0.0225669 104.718 104.718 2 1 0
0.0225712 104.46 104.46 2 1 0
0.0225755 104.203 104.203 2 1 0
0.02258 103.945 103.945 2 1 0
0.0225845 103.687 103.687 2 1 0
0.0225891 103.428 103.428 2 1 0
0.0225938 103.17 103.17 2 1 0
0.0225986 102.911 102.911 2 1 0
0.0226034 102.652 102.652 2 1 0
0.0226084 102.393 102.393 2 1 0
0.0226134 102.134 102.134 2 1 0
0.0226185 101.874 101.874 2 1 0
0.0226238 101.615 101.615 2 1 0
0.0226291 101.355 101.355 2 1 0
0.0226345 101.095 101.095 2 1 0
0.0226399 100.835 100.835 2 1 0
0.0226455 100.574 100.574 2 1 0
0.0226512 100.314 100.314 2 1 0
0.0226569 100.053 100.053 2 1 0
0.0226628 99.7921 99.7921 2 1 0
0.0226687 99.5309 99.5309 2 1 0
0.0226748 99.2696 99.2696 2 1 0
0.0226809 99.0081 99.0081 2 1 0
0.0226872 98.7464 98.7464 2 1 0
0.0226935 98.4845 98.4845 2 1 0
0.0226999 98.2224 98.2224 2 1 0
0.0227065 97.9602 97.9602 2 1 0
0.0227131 97.6977 97.6977 2 1 0
0.0227198 97.4351 97.4351 2 1 0
0.0227266 97.1722 97.1722 2 1 0
0.0227336 96.9092 96.9092 2 1 0
0.0227406 96.646 96.646 2 1 0
0.0227477 96.3826 96.3826 2 1 0
0.022755 96.119 96.119 2 1 0
0.0227623 95.8552 95.8552 2 1 0
0.0227698 95.5913 95.5913 2 1 0
0.0227773 95.3271 95.3271 2 1 0
0.022785 95.0628 95.0628 2 1 0
0.0227928 94.7983 94.7983 2 1 0
0.0228007 94.5335 94.5335 2 1 0
0.0228087 94.2686 94.2686 2 1 0
0.0228168 94.0036 94.0036 2 1 0
0.022825 93.7383 93.7383 2 1 0
0.0228333 93.4728 93.4728 2 1 0
0.0228418 93.2072 93.2072 2 1 0
0.0228503 92.9413 92.9413 2 1 0
0.0228503 92.9413 92.9413 2 1 0
0.022851 92.92 92.92 2 1 0
0.0228517 92.8988 92.8988 2 1 0
0.0228531 92.8562 92.8562 2 1 0
0.0228559 92.7711 92.7711 2 1 0
0.0228614 92.6008 92.6008 2 1 0
0.0228703 92.3345 92.3345 2 1 0
0.0228792 92.068 92.068 2 1 0
0.0228883 91.8014 91.8014 2 1 0
0.0228975 91.5345 91.5345 2 1 0
0.0229068 91.2675 91.2675 2 1 0
0.0229162 91.0003 91.0003 2 1 0
0.0229257 90.7329 90.7329 2 1 0
0.0229354 90.4653 90.4653 2 1 0
0.0229452 90.1976 90.1976 2 1 0
0.0229551 89.9296 89.9296 2 1 0
0.0229652 89.6615 89.6615 2 1 0
0.0229754 89.3931 89.3931 2 1 0
0.0229857 89.1246 89.1246 2 1 0
0.0229961 88.8559 88.8559 2 1 0
0.0230067 88.587 88.587 2 1 0
0.0230174 88.3179 88.3179 2 1 0
0.0230282 88.0486 88.0486 2 1 0
0.0230392 87.7792 87.7792 2 1 0
0.0230503 87.5095 87.5095 2 1 0
0.0230616 87.2397 87.2397 2 1 0
0.023073 86.9697 86.9697 2 1 0
0.0230845 86.6995 86.6995 2 1 0
0.0230962 86.4291 86.4291 2 1 0
0.023108 86.1585 86.1585 2 1 0
0.02312 85.8877 85.8877 2 1 0
0.0231321 85.6168 85.6168 2 1 0
0.0231443 85.3456 85.3456 2 1 0
0.0231567 85.0743 85.0743 2 1 0
0.0231693 84.8028 84.8028 2 1 0
0.023182 84.5311 84.5311 2 1 0
0.0231948 84.2592 84.2592 2 1 0
0.0232078 83.9871 83.9871 2 1 0
0.023221 83.7148 83.7148 2 1 0
0.0232343 83.4424 83.4424 2 1 0
0.0232478 83.1698 83.1698 2 1 0
0.0232615 82.8969 82.8969 2 1 0
0.0232753 82.6239 82.6239 2 1 0
0.0232892 82.3507 82.3507 2 1 0
0.0233034 82.0774 82.0774 2 1 0
0.0233177 81.8038 81.8038 2 1 0
0.0233322 81.53 81.53 2 1 0
0.0233468 81.2561 81.2561 2 1 0
0.0233616 80.982 80.982 2 1 0
0.0233766 80.7077 80.7077 2 1 0
0.0233917 80.4332 80.4332 2 1 0
0.0234071 80.1585 80.1585 2 1 0
0.0234226 79.8836 79.8836 2 1 0
0.0234383 79.6086 79.6086 2 1 0
0.0234542 79.3334 79.3334 2 1 0
0.0234702 79.0579 79.0579 2 1 0
0.0234865 78.7823 78.7823 2 1 0
0.0235029 78.5066 78.5066 2 1 0
0.0235195 78.2306 78.2306 2 1 0
0.0235363 77.9544 77.9544 2 1 0
0.0235534 77.6781 77.6781 2 1 0
0.0235706 77.4016 77.4016 2 1 0
0.023588 77.1249 77.1249 2 1 0
0.0236056 76.848 76.848 2 1 0
0.0236234 76.5709 76.5709 2 1 0
0.0236414 76.2936 76.2936 2 1 0
0.0236596 76.0162 76.0162 2 1 0
0.023678 75.7386 75.7386 2 1 0
0.0236967 75.4607 75.4607 2 1 0
0.0237155 75.1827 75.1827 2 1 0
0.0237346 74.9046 74.9046 2 1 0
0.0237538 74.6262 74.6262 2 1 0
0.0237733 74.3477 74.3477 2 1 0
0.0237931 74.0689 74.0689 2 1 0
0.023813 73.79 73.79 2 1 0
0.0238332 73.511 73.511 2 1 0
0.0238536 73.2317 73.2317 2 1 0
0.0238742 72.9522 72.9522 2 1 0
0.0238951 72.6726 72.6726 2 1 0
0.0239162 72.3928 72.3928 2 1 0
0.0239376 72.1128 72.1128 2 1 0
0.0239591 71.8326 71.8326 2 1 0
0.023981 71.5522 71.5522 2 1 0
0.0240031 71.2717 71.2717 2 1 0
0.0240254 70.991 70.991 2 1 0
0.024048 70.7101 70.7101 2 1 0
0.0240708 70.429 70.429 2 1 0
0.024094 70.1477 70.1477 2 1 0
0.0241173 69.8663 69.8663 2 1 0
0.024141 69.5847 69.5847 2 1 0
0.0241649 69.3029 69.3029 2 1 0
0.0241891 69.0209 69.0209 2 1 0
0.0242135 68.7387 68.7387 2 1 0
0.0242382 68.4564 68.4564 2 1 0
0.0242633 68.1739 68.1739 2 1 0
0.0242886 67.8912 67.8912 2 1 0
0.0243142 67.6083 67.6083 2 1 0
0.0243401 67.3253 67.3253 2 1 0
0.0243662 67.042 67.042 2 1 0
0.0243927 66.7586 66.7586 2 1 0
0.0244195 66.475 66.475 2 1 0
0.0244466 66.1913 66.1913 2 1 0
0.024474 65.9073 65.9073 2 1 0
0.0245017 65.6232 65.6232 2 1 0
0.0245298 65.3389 65.3389 2 1 0
0.0245581 65.0545 65.0545 2 1 0
0.0245868 64.7698 64.7698 2 1 0
0.0246158 64.485 64.485 2 1 0
0.0246452 64.2 64.2 2 1 0
0.0246749 63.9149 63.9149 2 1 0
0.0247049 63.6295 63.6295 2 1 0
0.0247353 63.344 63.344 2 1 0
0.0247661 63.0583 63.0583 2 1 0
0.0247972 62.7725 62.7725 2 1 0
0.0248286 62.4864 62.4864 2 1 0
0.0248605 62.2002 62.2002 2 1 0
0.0248927 61.9138 61.9138 2 1 0
0.0249253 61.6273 61.6273 2 1 0
0.0249582 61.3406 61.3406 2 1 0
0.0249916 61.0537 61.0537 2 1 0
0.0250253 60.7666 60.7666 2 1 0
0.0250595 60.4794 60.4794 2 1 0
0.025094 60.192 60.192 2 1 0
0.025129 59.9044 59.9044 2 1 0
0.0251643 59.6166 59.6166 2 1 0
0.0252001 59.3287 59.3287 2 1 0
0.0252364 59.0406 59.0406 2 1 0
0.025273 58.7524 58.7524 2 1 0
0.0253101 58.464 58.464 2 1 0
0.0253476 58.1754 58.1754 2 1 0
0.0253856 57.8866 57.8866 2 1 0
0.025424 57.5977 57.5977 2 1 0
0.025463 57.3086 57.3086 2 1 0
0.0255023 57.0193 57.0193 2 1 0
0.0255422 56.7299 56.7299 2 1 0
0.0255825 56.4403 56.4403 2 1 0
0.0256233 56.1506 56.1506 2 1 0
0.0256647 55.8607 55.8607 2 1 0
0.0257065 55.5706 55.5706 2 1 0
0.0257488 55.2804 55.2804 2 1 0
0.0257917 54.99 54.99 2 1 0
0.0258351 54.6994 54.6994 2 1 0
0.025879 54.4087 54.4087 2 1 0
0.0259235 54.1178 54.1178 2 1 0
0.0259686 53.8267 53.8267 2 1 0
0.0260142 53.5355 53.5355 2 1 0
0.0260603 53.2442 53.2442 2 1 0
0.0261071 52.9526 52.9526 2 1 0
0.0261544 52.6609 52.6609 2 1 0
0.0262023 52.3691 52.3691 2 1 0
0.0262509 52.0771 52.0771 2 1 0
0.0263 51.785 51.785 2 1 0
0.0263498 51.4926 51.4926 2 1 0
0.0264002 51.2002 51.2002 2 1 0
0.0264513 50.9076 50.9076 2 1 0
0.026503 50.6148 50.6148 2 1 0
0.0265554 50.3219 50.3219 2 1 0
0.0266085 50.0288 50.0288 2 1 0
0.0266623 49.7356 49.7356 2 1 0
0.0267167 49.4422 49.4422 2 1 0
0.0267719 49.1487 49.1487 2 1 0
0.0268278 48.855 48.855 2 1 0
0.0268845 48.5612 48.5612 2 1 0
0.0269419 48.2672 48.2672 2 1 0
0.027 47.9731 47.9731 2 1 0
0.027059 47.6788 47.6788 2 1 0
0.0271187 47.3844 47.3844 2 1 0
0.0271792 47.0898 47.0898 2 1 0
0.0272406 46.7951 46.7951 2 1 0
0.0273028 46.5003 46.5003 2 1 0
0.0273658 46.2053 46.2053 2 1 0
0.0274297 45.9102 45.9102 2 1 0
0.0274945 45.6149 45.6149 2 1 0
0.0275601 45.3195 45.3195 2 1 0
0.0276267 45.024 45.024 2 1 0
0.0276942 44.7283 44.7283 2 1 0
0.0277627 44.4325 44.4325 2 1 0
0.0278321 44.1366 44.1366 2 1 0
0.0279025 43.8405 43.8405 2 1 0
0.0279739 43.5443 43.5443 2 1 0
0.0280463 43.248 43.248 2 1 0
0.0281197 42.9515 42.9515 2 1 0
0.0281942 42.6549 42.6549 2 1 0
0.0282698 42.3582 42.3582 2 1 0
0.0283465 42.0613 42.0613 2 1 0
0.0284243 41.7643 41.7643 2 1 0
0.0285032 41.4672 41.4672 2 1 0
0.0285833 41.17 41.17 2 1 0
0.0286646 40.8727 40.8727 2 1 0
0.0287471 40.5752 40.5752 2 1 0
0.0288308 40.2776 40.2776 2 1 0
0.0289158 39.9799 39.9799 2 1 0
0.0290021 39.6821 39.6821 2 1 0
0.0290897 39.3842 39.3842 2 1 0
0.0291786 39.0862 39.0862 2 1 0
0.0292689 38.788 38.788 2 1 0
0.0293606 38.4898 38.4898 2 1 0
0.0294538 38.1914 38.1914 2 1 0
0.0295484 37.8929 37.8929 2 1 0
0.0296444 37.5944 37.5944 2 1 0
0.0297421 37.2957 37.2957 2 1 0
0.0298412 36.9969 36.9969 2 1 0
0.029942 36.6981 36.6981 2 1 0
0.0300443 36.3991 36.3991 2 1 0
0.0301484 36.1 36.1 2 1 0
0.0302541 35.8009 35.8009 2 1 0
0.0303616 35.5017 35.5017 2 1 0
0.0304708 35.2023 35.2023 2 1 0
0.0305819 34.9029 34.9029 2 1 0
0.0306949 34.6034 34.6034 2 1 0
0.0308097 34.3039 34.3039 2 1 0
0.0309265 34.0042 34.0042 2 1 0
0.0310453 33.7045 33.7045 2 1 0
0.0311661 33.4047 33.4047 2 1 0
0.0312891 33.1048 33.1048 2 1 0
0.0314141 32.8049 32.8049 2 1 0
0.0315414 32.5049 32.5049 2 1 0
0.031671 32.2048 32.2048 2 1 0
0.0318028 31.9047 31.9047 2 1 0
0.031937 31.6045 31.6045 2 1 0
0.0320737 31.3043 31.3043 2 1 0
0.0322128 31.004 31.004 2 1 0
0.0323545 30.7037 30.7037 2 1 0
0.0324989 30.4033 30.4033 2 1 0
0.0326459 30.1029 30.1029 2 1 0
0.0327957 29.8025 29.8025 2 1 0
0.0329483 29.502 29.502 2 1 0
0.0331039 29.2015 29.2015 2 1 0
0.0332625 28.901 28.901 2 1 0
0.0334241 28.6004 28.6004 2 1 0
0.0335889 28.2999 28.2999 2 1 0
0.033757 27.9993 27.9993 2 1 0
0.0339284 27.6987 27.6987 2 1 0
0.0341033 27.3982 27.3982 2 1 0
0.0342817 27.0976 27.0976 2 1 0
0.0344638 26.797 26.797 2 1 0
0.0346497 26.4965 26.4965 2 1 0
0.0348394 26.1959 26.1959 2 1 0
0.0350331 25.8954 25.8954 2 1 0
0.0352309 25.5949 25.5949 2 1 0
0.035433 25.2945 25.2945 2 1 0
0.0356394 24.9941 24.9941 2 1 0
0.0358504 24.6937 24.6937 2 1 0
0.036066 24.3934 24.3934 2 1 0
0.0362864 24.0932 24.0932 2 1 0
0.0365118 23.793 23.793 2 1 0
0.0367423 23.4929 23.4929 2 1 0
0.0369781 23.1929 23.1929 2 1 0
0.0372194 22.893 22.893 2 1 0
0.0374664 22.5932 22.5932 2 1 0
0.0377192 22.2934 22.2934 2 1 0
0.037978 21.9938 21.9938 2 1 0
0.0382432 21.6944 21.6944 2 1 0
0.0385148 21.395 21.395 2 1 0
0.0387932 21.0958 21.0958 2 1 0
0.0390785 20.7968 20.7968 2 1 0
0.0393711 20.4979 20.4979 2 1 0
0.0396712 20.1992 20.1992 2 1 0
0.0399791 19.9007 19.9007 2 1 0
0.0402951 19.6024 19.6024 2 1 0
0.0406195 19.3043 19.3043 2 1 0
0.0409526 19.0064 19.0064 2 1 0
0.0412948 18.7087 18.7087 2 1 0
0.0416464 18.4113 18.4113 2 1 0
0.0420079 18.1142 18.1142 2 1 0
0.0423796 17.8174 17.8174 2 1 0
0.042762 17.5208 17.5208 2 1 0
0.0431555 17.2246 17.2246 2 1 0
0.0435606 16.9287 16.9287 2 1 0
0.0439779 16.6332 16.6332 2 1 0
0.0444077 16.338 16.338 2 1 0
0.0448508 16.0433 16.0433 2 1 0
0.0453077 15.7489 15.7489 2 1 0
0.0457791 15.455 15.455 2 1 0
0.0462655 15.1615 15.1615 2 1 0
0.0467679 14.8685 14.8685 2 1 0
0.0472868 14.576 14.576 2 1 0
0.0478232 14.2841 14.2841 2 1 0
0.0483779 13.9927 13.9927 2 1 0
0.0489518 13.7019 13.7019 2 1 0
0.049546 13.4118 13.4118 2 1 0
0.0501614 13.1223 13.1223 2 1 0
0.0507992 12.8335 12.8335 2 1 0
0.0514606 12.5454 12.5454 2 1 0
0.0521469 12.2581 12.2581 2 1 0
0.0528595 11.9716 11.9716 2 1 0
0.0535999 11.6859 11.6859 2 1 0
0.0543696 11.4012 11.4012 2 1 0
0.0551704 11.1174 11.1174 2 1 0
0.0560042 10.8346 10.8346 2 1 0
0.0568729 10.5528 10.5528 2 1 0
0.0577787 10.2722 10.2722 2 1 0
0.0587239 9.99267 9.99267 2 1 0
0.0597111 9.71441 9.71441 2 1 0
0.0607429 9.43745 9.43745 2 1 0
0.0618224 9.16185 9.16185 2 1 0
0.0629527 8.8877 8.8877 2 1 0
0.0641374 8.61507 8.61507 2 1 0
0.0653803 8.34405 8.34405 2 1 0
0.0666855 8.07472 8.07472 2 1 0
0.0680575 7.80719 7.80719 2 1 0
0.0695014 7.54155 7.54155 2 1 0
0.0710226 7.27791 7.27791 2 1 0
0.0726271 7.01639 7.01639 2 1 0
0.0743213 6.75709 6.75709 2 1 0
0.0761127 6.50016 6.50016 2 1 0
0.078009 6.24571 6.24571 2 1 0
0.0800189 5.99393 5.99393 2 1 0
0.0821524 5.74493 5.74493 2 1 0
0.0844202 5.49887 5.49887 2 1 0
0.0868342 5.25592 5.25592 2 1 0
0.0894078 5.01625 5.01625 2 1 0
0.0921557 4.78005 4.78005 2 1 0
0.0950946 4.5475 4.5475 2 1 0
0.098243 4.31881 4.31881 2 1 0
0.101622 4.09418 4.09418 2 1 0
0.105254 3.87382 3.87382 2 1 0
0.109165 3.65796 3.65796 2 1 0
0.113387 3.44683 3.44683 2 1 0
0.117951 3.24065 3.24065 2 1 0
0.122895 3.03965 3.03965 2 1 0
0.128264 2.84408 2.84408 2 1 0
0.134106 2.65417 2.65417 2 1 0
0.140478 2.47014 2.47014 2 1 0
0.147444 2.29223 2.29223 2 1 0
0.155078 2.12064 2.12064 2 1 0
0.163466 1.95559 1.95559 2 1 0
0.172709 1.79726 1.79726 2 1 0
0.182922 1.64582 1.64582 2 1 0
0.194242 1.50142 1.50142 2 1 0
0.206828 1.36419 1.36419 2 1 0
0.22087 1.23423 1.23423 2 1 0
0.236594 1.11159 1.11159 2 1 0
0.254268 0.996323 0.996323 2 1 0
0.274219 0.888422 0.888422 2 1 0
0.29684 0.787855 0.787855 2 1 0
0.322615 0.694555 0.694555 2 1 0
0.352138 0.608423 0.608423 2 1 0
0.386149 0.529324 0.529324 2 1 0
0.425575 0.457094 0.457094 2 1 0
0.471588 0.39154 0.39154 2 1 0
0.525683 0.332444 0.332444 2 1 0
0.1 0 0 1 1 0
0.14 0 0 1 1 0
0.18 0 0 1 1 0
0.26 0 0 1 1 0
0.42 0 0 1 1 0
0.74 0 0 1 1 0
0.1 0 0 1 1 0
0.06 0 0 1 1 0
0.02 7.44551e-31 7.44551e-31 1 1 0
-0.06 3.30706e-43 3.30706e-43 1 1 0