0.1 306.924 306.924 2 1 0
0.100008 306.925 306.925 1 1 0
0.100017 306.925 306.925 1 1 0
0.100034 306.927 306.927 1 1 0
0.100067 306.93 306.93 1 1 0
0.100135 306.937 306.937 1 1 0
0.10024 306.946 306.946 1 1 0
0.100346 306.956 306.956 1 1 0
0.100451 306.966 306.966 1 1 0
0.100557 306.976 306.976 1 1 0
0.100662 306.985 306.985 1 1 0
0.100768 306.995 306.995 1 1 0
0.100873 307.005 307.005 1 1 0
0.100979 307.014 307.014 1 1 0
0.101084 307.024 307.024 1 1 0
0.101189 307.033 307.033 1 1 0
0.101295 307.043 307.043 1 1 0
0.1014 307.052 307.052 1 1 0
0.101506 307.062 307.062 1 1 0
0.101611 307.071 307.071 1 1 0
0.101717 307.08 307.08 1 1 0
0.101822 307.089 307.089 1 1 0
0.101928 307.099 307.099 1 1 0
0.102033 307.108 307.108 1 1 0
0.102139 307.117 307.117 1 1 0
0.102244 307.126 307.126 1 1 0
0.10235 307.135 307.135 1 1 0
0.102455 307.144 307.144 1 1 0
0.102561 307.153 307.153 1 1 0
0.102666 307.162 307.162 1 1 0
0.102771 307.171 307.171 1 1 0
0.102877 307.18 307.18 1 1 0
0.102982 307.189 307.189 1 1 0
0.103088 307.198 307.198 1 1 0
0.103193 307.207 307.207 1 1 0
0.103299 307.215 307.215 1 1 0
0.103404 307.224 307.224 1 1 0
0.10351 307.233 307.233 1 1 0
0.103615 307.241 307.241 1 1 0
0.103721 307.25 307.25 1 1 0
0.103826 307.259 307.259 1 1 0
0.103932 307.267 307.267 1 1 0
0.104037 307.276 307.276 1 1 0
0.104143 307.284 307.284 1 1 0
0.104248 307.293 307.293 1 1 0
0.104354 307.301 307.301 1 1 0
0.104459 307.309 307.309 1 1 0
0.104565 307.318 307.318 1 1 0
0.10467 307.326 307.326 1 1 0
0.104776 307.334 307.334 1 1 0
0.104881 307.342 307.342 1 1 0
0.104987 307.351 307.351 1 1 0
0.105092 307.359 307.359 1 1 0
0.105198 307.367 307.367 1 1 0
0.105304 307.375 307.375 1 1 0
0.105409 307.383 307.383 1 1 0
0.105515 307.391 307.391 1 1 0
0.10562 307.399 307.399 1 1 0
0.105726 307.407 307.407 1 1 0
0.105831 307.415 307.415 1 1 0
0.105937 307.423 307.423 1 1 0
0.106042 307.431 307.431 1 1 0
0.106148 307.439 307.439 1 1 0
0.106253 307.447 307.447 1 1 0
0.106359 307.454 307.454 1 1 0
0.106464 307.462 307.462 1 1 0
0.10657 307.47 307.47 1 1 0
0.106675 307.478 307.478 1 1 0
0.106781 307.485 307.485 1 1 0
0.106886 307.493 307.493 1 1 0
0.106992 307.501 307.501 1 1 0
0.107098 307.508 307.508 1 1 0
0.107203 307.516 307.516 1 1 0
0.107309 307.523 307.523 1 1 0
0.107414 307.531 307.531 1 1 0
0.10752 307.538 307.538 1 1 0
0.107625 307.546 307.546 1 1 0
0.107731 307.553 307.553 1 1 0
0.107836 307.561 307.561 1 1 0
0.107942 307.568 307.568 1 1 0
0.108047 307.575 307.575 1 1 0
0.108153 307.582 307.582 1 1 0
0.108259 307.59 307.59 1 1 0
0.108364 307.597 307.597 1 1 0
0.10847 307.604 307.604 1 1 0
0.108575 307.611 307.611 1 1 0
0.108681 307.619 307.619 1 1 0
0.108786 307.626 307.626 1 1 0
0.108892 307.633 307.633 1 1 0
0.108998 307.64 307.64 1 1 0
0.109103 307.647 307.647 1 1 0
0.109209 307.654 307.654 1 1 0
0.109314 307.661 307.661 1 1 0
0.10942 307.668 307.668 1 1 0
0.109525 307.675 307.675 1 1 0
0.109631 307.682 307.682 1 1 0
0.109736 307.689 307.689 1 1 0
0.109842 307.695 307.695 1 1 0
0.109948 307.702 307.702 1 1 0
0.110053 307.709 307.709 1 1 0
0.110159 307.716 307.716 1 1 0
0.110264 307.723 307.723 1 1 0
0.11037 307.729 307.729 1 1 0
0.110476 307.736 307.736 1 1 0
0.110581 307.743 307.743 1 1 0
0.110687 307.749 307.749 1 1 0
0.110792 307.756 307.756 1 1 0
0.110898 307.763 307.763 1 1 0
0.111003 307.769 307.769 1 1 0
0.111109 307.776 307.776 1 1 0
0.111215 307.782 307.782 1 1 0
0.11132 307.789 307.789 1 1 0
0.111426 307.795 307.795 1 1 0
0.111531 307.802 307.802 1 1 0
0.111637 307.808 307.808 1 1 0
0.111743 307.815 307.815 1 1 0
0.111848 307.821 307.821 1 1 0
0.111954 307.827 307.827 1 1 0
0.112059 307.834 307.834 1 1 0
0.112165 307.84 307.84 1 1 0
0.112271 307.846 307.846 1 1 0
0.112376 307.853 307.853 1 1 0
0.112482 307.859 307.859 1 1 0
0.112587 307.865 307.865 1 1 0
0.112693 307.871 307.871 1 1 0
0.112799 307.877 307.877 1 1 0
0.112904 307.884 307.884 1 1 0
0.11301 307.89 307.89 1 1 0
0.113115 307.896 307.896 1 1 0
0.113221 307.902 307.902 1 1 0
0.113327 307.908 307.908 1 1 0
0.113432 307.914 307.914 1 1 0
0.113538 307.92 307.92 1 1 0
0.113643 307.926 307.926 1 1 0
0.113749 307.932 307.932 1 1 0
0.113855 307.938 307.938 1 1 0
0.11396 307.944 307.944 1 1 0
0.114066 307.95 307.95 1 1 0
0.114171 307.956 307.956 1 1 0
0.114277 307.962 307.962 1 1 0
0.114383 307.967 307.967 1 1 0
0.114488 307.973 307.973 1 1 0
0.114594 307.979 307.979 1 1 0
0.1 306.924 306.924 2 1 0
0.0999916 306.923 306.923 1 1 0
0.0999831 306.922 306.922 1 1 0
0.0999663 306.921 306.921 1 1 0
0.0999325 306.917 306.917 1 1 0
0.099865 306.911 306.911 1 1 0
0.0997596 306.901 306.901 1 1 0
0.0996542 306.891 306.891 1 1 0
0.0995488 306.881 306.881 1 1 0
0.0994433 306.871 306.871 1 1 0
0.0993379 306.861 306.861 1 1 0
0.0992325 306.85 306.85 1 1 0
0.0991271 306.84 306.84 1 1 0
0.0990216 306.83 306.83 1 1 0
0.0989162 306.82 306.82 1 1 0
0.0988108 306.809 306.809 1 1 0
0.0987054 306.799 306.799 1 1 0
0.0986 306.788 306.788 1 1 0
0.0984946 306.778 306.778 1 1 0
0.0983892 306.767 306.767 1 1 0
0.0982838 306.757 306.757 1 1 0
0.0981784 306.746 306.746 1 1 0
0.098073 306.735 306.735 1 1 0
0.0979676 306.724 306.724 1 1 0
0.0978622 306.714 306.714 1 1 0
0.0977568 306.703 306.703 1 1 0
0.0976514 306.692 306.692 1 1 0
0.097546 306.681 306.681 1 1 0
0.0974407 306.67 306.67 1 1 0
0.0973353 306.659 306.659 1 1 0
0.0972299 306.648 306.648 1 1 0
0.0971245 306.637 306.637 1 1 0
0.0970191 306.626 306.626 1 1 0
0.0969138 306.614 306.614 1 1 0
0.0968084 306.603 306.603 1 1 0
0.096703 306.592 306.592 1 1 0
0.0965977 306.58 306.58 1 1 0
0.0964923 306.569 306.569 1 1 0
0.0963869 306.558 306.558 1 1 0
0.0962816 306.546 306.546 1 1 0
0.0961762 306.534 306.534 1 1 0
0.0960709 306.523 306.523 1 1 0
0.0959655 306.511 306.511 1 1 0
0.0958602 306.499 306.499 1 1 0
0.0957548 306.488 306.488 1 1 0
0.0956495 306.476 306.476 1 1 0
0.0955441 306.464 306.464 1 1 0
0.0954388 306.452 306.452 1 1 0
0.0953335 306.44 306.44 1 1 0
0.0952281 306.428 306.428 1 1 0
0.0951228 306.416 306.416 1 1 0
0.0950175 306.404 306.404 1 1 0
0.0949122 306.392 306.392 1 1 0
0.0948068 306.38 306.38 1 1 0
0.0947015 306.367 306.367 1 1 0
0.0945962 306.355 306.355 1 1 0
0.0944909 306.343 306.343 1 1 0
0.0943856 306.33 306.33 1 1 0
0.0942803 306.318 306.318 1 1 0
0.094175 306.305 306.305 1 1 0
0.0940697 306.292 306.292 1 1 0
0.0939644 306.28 306.28 1 1 0
0.0938591 306.267 306.267 1 1 0
0.0937538 306.254 306.254 1 1 0
0.0936485 306.241 306.241 1 1 0
0.0935432 306.228 306.228 1 1 0
0.0934379 306.216 306.216 1 1 0
0.0933326 306.203 306.203 1 1 0
0.0932274 306.189 306.189 1 1 0
0.0931221 306.176 306.176 1 1 0
0.0930168 306.163 306.163 1 1 0
0.0929116 306.15 306.15 1 1 0
0.0928063 306.137 306.137 1 1 0
0.092701 306.123 306.123 1 1 0
0.0925958 306.11 306.11 1 1 0
0.0924905 306.096 306.096 1 1 0
0.0923853 306.083 306.083 1 1 0
0.09228 306.069 306.069 1 1 0
0.0921748 306.056 306.056 1 1 0
0.0920695 306.042 306.042 1 1 0
0.0919643 306.028 306.028 1 1 0
0.091859 306.014 306.014 1 1 0
0.0917538 306 306 1 1 0
0.0916486 305.986 305.986 1 1 0
0.0915434 305.972 305.972 1 1 0
0.0914381 305.958 305.958 1 1 0
0.0913329 305.944 305.944 1 1 0
0.0912277 305.93 305.93 1 1 0
0.0911225 305.915 305.915 1 1 0
0.0910173 305.901 305.901 1 1 0
0.0909121 305.887 305.887 1 1 0
0.0908069 305.872 305.872 1 1 0
0.0907017 305.858 305.858 1 1 0
0.0905965 305.843 305.843 1 1 0
0.0904913 305.828 305.828 1 1 0
0.0903861 305.813 305.813 1 1 0
0.0902809 305.799 305.799 1 1 0
0.0901758 305.784 305.784 1 1 0
0.0900706 305.769 305.769 1 1 0
0.0899654 305.754 305.754 1 1 0
0.0898603 305.739 305.739 1 1 0
0.0897551 305.724 305.724 1 1 0
0.0896499 305.708 305.708 1 1 0
0.0895448 305.693 305.693 1 1 0
0.0894396 305.678 305.678 1 1 0
0.0893345 305.662 305.662 1 1 0
0.0892293 305.647 305.647 1 1 0
0.0891242 305.631 305.631 1 1 0
0.0890191 305.615 305.615 1 1 0
0.0889139 305.6 305.6 1 1 0
0.0888088 305.584 305.584 1 1 0
0.0887037 305.568 305.568 1 1 0
0.0885986 305.552 305.552 1 1 0
0.0884935 305.536 305.536 1 1 0
0.0883884 305.52 305.52 1 1 0
0.0882833 305.504 305.504 1 1 0
0.0881782 305.487 305.487 1 1 0
0.0880731 305.471 305.471 1 1 0
0.087968 305.455 305.455 1 1 0
0.0878629 305.438 305.438 1 1 0
0.0877578 305.422 305.422 1 1 0
0.0876527 305.405 305.405 1 1 0
0.0875477 305.388 305.388 1 1 0
0.0874426 305.371 305.371 1 1 0
0.0873375 305.354 305.354 1 1 0
0.0872325 305.337 305.337 1 1 0
0.0871274 305.32 305.32 1 1 0
0.0870224 305.303 305.303 1 1 0
0.0869173 305.286 305.286 1 1 0
0.0868123 305.269 305.269 1 1 0
0.0867073 305.251 305.251 1 1 0
0.0866022 305.234 305.234 1 1 0
0.0864972 305.216 305.216 1 1 0
0.0863922 305.199 305.199 1 1 0
0.0862872 305.181 305.181 1 1 0
0.0861822 305.163 305.163 1 1 0
0.0860772 305.145 305.145 1 1 0
0.0859722 305.128 305.128 1 1 0
0.0858672 305.109 305.109 1 1 0
0.0857622 305.091 305.091 1 1 0
0.0856572 305.073 305.073 1 1 0
0.0855523 305.055 305.055 1 1 0
0.0854473 305.036 305.036 1 1 0
0.0853423 305.018 305.018 1 1 0
0.0852374 304.999 304.999 1 1 0
0.0851324 304.981 304.981 1 1 0
0.0850275 304.962 304.962 1 1 0
0.0849225 304.943 304.943 1 1 0
0.0848176 304.924 304.924 1 1 0
0.0847127 304.905 304.905 1 1 0
0.0846077 304.886 304.886 1 1 0
0.0845028 304.867 304.867 1 1 0
0.0843979 304.848 304.848 1 1 0
0.084293 304.828 304.828 1 1 0
0.0841881 304.809 304.809 1 1 0
0.0840832 304.789 304.789 1 1 0
0.0839783 304.769 304.769 1 1 0
0.0838735 304.75 304.75 1 1 0
0.0837686 304.73 304.73 1 1 0
0.0836637 304.71 304.71 1 1 0
0.0835589 304.69 304.69 1 1 0
0.083454 304.67 304.67 1 1 0
0.0833492 304.649 304.649 1 1 0
0.0832443 304.629 304.629 1 1 0
0.0831395 304.608 304.608 1 1 0
0.0830347 304.588 304.588 1 1 0
0.0829298 304.567 304.567 1 1 0
0.082825 304.546 304.546 1 1 0
0.0827202 304.526 304.526 1 1 0
0.0826154 304.505 304.505 1 1 0
0.0825106 304.483 304.483 1 1 0
0.0824058 304.462 304.462 1 1 0
0.0823011 304.441 304.441 1 1 0
0.0821963 304.42 304.42 1 1 0
0.0820915 304.398 304.398 1 1 0
0.0819868 304.377 304.377 1 1 0
0.081882 304.355 304.355 1 1 0
0.0817773 304.333 304.333 1 1 0
0.0816726 304.311 304.311 1 1 0
0.0815678 304.289 304.289 1 1 0
0.0814631 304.267 304.267 1 1 0
0.0813584 304.245 304.245 1 1 0
0.0812537 304.222 304.222 1 1 0
0.081149 304.2 304.2 1 1 0
0.0810443 304.177 304.177 1 1 0
0.0809397 304.154 304.154 1 1 0
0.080835 304.132 304.132 1 1 0
0.0807303 304.109 304.109 1 1 0
0.0806257 304.086 304.086 1 1 0
0.080521 304.062 304.062 1 1 0
0.0804164 304.039 304.039 1 1 0
0.0803118 304.016 304.016 1 1 0
0.0802072 303.992 303.992 1 1 0
0.0801025 303.968 303.968 1 1 0
0.0799979 303.945 303.945 1 1 0
0.0798934 303.921 303.921 1 1 0
0.0797888 303.897 303.897 1 1 0
0.0796842 303.873 303.873 1 1 0
0.0795796 303.848 303.848 1 1 0
0.0794751 303.824 303.824 1 1 0
0.0794751 303.824 303.824 2 1 0
0.0794667 303.822 303.822 1 1 0
0.0794584 303.82 303.82 1 1 0
0.0794416 303.816 303.816 1 1 0
0.0794082 303.808 303.808 1 1 0
0.0793413 303.793 303.793 1 1 0
0.0792367 303.768 303.768 1 1 0
0.0791322 303.743 303.743 1 1 0
0.0790277 303.718 303.718 1 1 0
0.0789232 303.693 303.693 1 1 0
0.0788187 303.668 303.668 1 1 0
0.0787142 303.643 303.643 1 1 0
0.0786097 303.617 303.617 1 1 0
0.0785053 303.592 303.592 1 1 0
0.0784008 303.566 303.566 1 1 0
0.0782964 303.54 303.54 1 1 0
0.078192 303.514 303.514 1 1 0
0.0780875 303.488 303.488 1 1 0
0.0779831 303.462 303.462 1 1 0
0.0778787 303.436 303.436 1 1 0
0.0777743 303.409 303.409 1 1 0
0.07767 303.382 303.382 1 1 0
0.0775656 303.356 303.356 1 1 0
0.0774612 303.329 303.329 1 1 0
0.0773569 303.302 303.302 1 1 0
0.0772526 303.274 303.274 1 1 0
0.0771482 303.247 303.247 1 1 0
0.0770439 303.22 303.22 1 1 0
0.0769396 303.192 303.192 1 1 0
0.0768353 303.164 303.164 1 1 0
0.0767311 303.136 303.136 1 1 0
0.0766268 303.108 303.108 1 1 0
0.0765226 303.08 303.08 1 1 0
0.0764183 303.052 303.052 1 1 0
0.0763141 303.023 303.023 1 1 0
0.0762099 302.994 302.994 1 1 0
0.0761057 302.966 302.966 1 1 0
0.0760015 302.937 302.937 1 1 0
0.0758973 302.908 302.908 1 1 0
0.0757932 302.878 302.878 1 1 0
0.075689 302.849 302.849 1 1 0
0.0755849 302.819 302.819 1 1 0
0.0754808 302.79 302.79 1 1 0
0.0753767 302.76 302.76 1 1 0
0.0752726 302.73 302.73 1 1 0
0.0751685 302.699 302.699 1 1 0
0.0750644 302.669 302.669 1 1 0
0.0749604 302.638 302.638 1 1 0
0.0748563 302.608 302.608 1 1 0
0.0747523 302.577 302.577 1 1 0
0.0746483 302.546 302.546 1 1 0
0.0745443 302.515 302.515 1 1 0
0.0744404 302.483 302.483 1 1 0
0.0743364 302.452 302.452 1 1 0
0.0742324 302.42 302.42 1 1 0
0.0741285 302.388 302.388 1 1 0
0.0740246 302.356 302.356 1 1 0
0.0739207 302.324 302.324 1 1 0
0.0738168 302.292 302.292 1 1 0
0.073713 302.259 302.259 1 1 0
0.0736091 302.226 302.226 1 1 0
0.0735053 302.193 302.193 1 1 0
0.0734015 302.16 302.16 1 1 0
0.0732977 302.127 302.127 1 1 0
0.0731939 302.094 302.094 1 1 0
0.0730901 302.06 302.06 1 1 0
0.0729864 302.026 302.026 1 1 0
0.0728826 301.992 301.992 1 1 0
0.0727789 301.958 301.958 1 1 0
0.0726752 301.924 301.924 1 1 0
0.0725716 301.889 301.889 1 1 0
0.0724679 301.854 301.854 1 1 0
0.0723643 301.819 301.819 1 1 0
0.0722606 301.784 301.784 1 1 0
0.072157 301.749 301.749 1 1 0
0.0720534 301.713 301.713 1 1 0
0.0719499 301.678 301.678 1 1 0
0.0718463 301.642 301.642 1 1 0
0.0717428 301.606 301.606 1 1 0
0.0716393 301.569 301.569 1 1 0
0.0715358 301.533 301.533 1 1 0
0.0714324 301.496 301.496 1 1 0
0.0713289 301.459 301.459 1 1 0
0.0712255 301.422 301.422 1 1 0
0.0711221 301.385 301.385 1 1 0
0.0710187 301.347 301.347 1 1 0
0.0709154 301.31 301.31 1 1 0
0.070812 301.272 301.272 1 1 0
0.0707087 301.234 301.234 1 1 0
0.0706054 301.195 301.195 1 1 0
0.0705021 301.157 301.157 1 1 0
0.0703989 301.118 301.118 1 1 0
0.0702957 301.079 301.079 1 1 0
0.0701925 301.04 301.04 1 1 0
0.0700893 301.001 301.001 1 1 0
0.0699861 300.961 300.961 1 1 0
0.069883 300.921 300.921 1 1 0
0.0697799 300.881 300.881 1 1 0
0.0696768 300.841 300.841 1 1 0
0.0695738 300.8 300.8 1 1 0
0.0694707 300.759 300.759 1 1 0
0.0693677 300.718 300.718 1 1 0
0.0692647 300.677 300.677 1 1 0
0.0691618 300.636 300.636 1 1 0
0.0690589 300.594 300.594 1 1 0
0.068956 300.552 300.552 1 1 0
0.0688531 300.51 300.51 1 1 0
0.0687502 300.468 300.468 1 1 0
0.0686474 300.425 300.425 1 1 0
0.0685446 300.382 300.382 1 1 0
0.0684419 300.339 300.339 1 1 0
0.0683391 300.296 300.296 1 1 0
0.0682364 300.252 300.252 1 1 0
0.0681337 300.209 300.209 1 1 0
0.0680311 300.165 300.165 1 1 0
0.0679284 300.12 300.12 1 1 0
0.0678259 300.076 300.076 1 1 0
0.0677233 300.031 300.031 1 1 0
0.0676208 299.986 299.986 1 1 0
0.0675183 299.941 299.941 1 1 0
0.0674158 299.895 299.895 1 1 0
0.0673134 299.849 299.849 1 1 0
0.0672109 299.803 299.803 1 1 0
0.0671086 299.757 299.757 1 1 0
0.0670062 299.71 299.71 1 1 0
0.0669039 299.663 299.663 1 1 0
0.0668016 299.616 299.616 1 1 0
0.0666994 299.569 299.569 1 1 0
0.0665972 299.521 299.521 1 1 0
0.066495 299.473 299.473 1 1 0
0.0663929 299.425 299.425 1 1 0
0.0662908 299.377 299.377 1 1 0
0.0661887 299.328 299.328 1 1 0
0.0660867 299.279 299.279 1 1 0
0.0659847 299.23 299.23 1 1 0
0.0658827 299.18 299.18 1 1 0
0.0657808 299.13 299.13 1 1 0
0.0656789 299.08 299.08 1 1 0
0.0655771 299.029 299.029 1 1 0
0.0654753 298.979 298.979 1 1 0
0.0653735 298.928 298.928 1 1 0
0.0652718 298.876 298.876 1 1 0
0.0651701 298.825 298.825 1 1 0
0.0650684 298.773 298.773 1 1 0
0.0649668 298.721 298.721 1 1 0
0.0648652 298.668 298.668 1 1 0
0.0647637 298.616 298.616 1 1 0
0.0646622 298.562 298.562 1 1 0
0.0645608 298.509 298.509 1 1 0
0.0644594 298.455 298.455 1 1 0
0.064358 298.401 298.401 1 1 0
0.0642567 298.347 298.347 1 1 0
0.0641555 298.292 298.292 1 1 0
0.0640542 298.238 298.238 1 1 0
0.0639531 298.182 298.182 1 1 0
0.0638519 298.127 298.127 1 1 0
0.0637508 298.071 298.071 1 1 0
0.0636498 298.015 298.015 1 1 0
0.0635488 297.958 297.958 1 1 0
0.0634479 297.901 297.901 1 1 0
0.063347 297.844 297.844 1 1 0
0.0632461 297.787 297.787 1 1 0
0.0631453 297.729 297.729 1 1 0
0.0630446 297.671 297.671 1 1 0
0.0629439 297.612 297.612 1 1 0
0.0628432 297.553 297.553 1 1 0
0.0627426 297.494 297.494 1 1 0
0.0626421 297.435 297.435 1 1 0
0.0625416 297.375 297.375 1 1 0
0.0624412 297.315 297.315 1 1 0
0.0623408 297.254 297.254 1 1 0
0.0622405 297.193 297.193 1 1 0
0.0621402 297.132 297.132 1 1 0
0.06204 297.071 297.071 1 1 0
0.0619398 297.009 297.009 1 1 0
0.0618397 296.946 296.946 1 1 0
0.0617397 296.884 296.884 1 1 0
0.0616397 296.821 296.821 1 1 0
0.0615398 296.758 296.758 1 1 0
0.0614399 296.694 296.694 1 1 0
0.0613401 296.63 296.63 1 1 0
0.0612404 296.565 296.565 1 1 0
0.0611407 296.501 296.501 1 1 0
0.0610411 296.435 296.435 1 1 0
0.0609415 296.37 296.37 1 1 0
0.060842 296.304 296.304 1 1 0
0.0607426 296.238 296.238 1 1 0
0.0606433 296.171 296.171 1 1 0
0.060544 296.104 296.104 1 1 0
0.0604447 296.037 296.037 1 1 0
0.0603456 295.969 295.969 1 1 0
0.0602465 295.901 295.901 1 1 0
0.0601474 295.832 295.832 1 1 0
0.0600485 295.763 295.763 1 1 0
0.0599496 295.694 295.694 1 1 0
0.0598508 295.624 295.624 1 1 0
0.059752 295.554 295.554 1 1 0
0.0596534 295.483 295.483 1 1 0
0.0595548 295.412 295.412 1 1 0
0.0594563 295.341 295.341 1 1 0
0.0593578 295.269 295.269 1 1 0
0.0592594 295.197 295.197 1 1 0
0.0591611 295.125 295.125 1 1 0
0.0590629 295.052 295.052 1 1 0
0.0589648 294.978 294.978 1 1 0
0.0588667 294.904 294.904 1 1 0
0.0587688 294.83 294.83 1 1 0
0.0586709 294.756 294.756 1 1 0
0.058573 294.68 294.68 1 1 0
0.0584753 294.605 294.605 1 1 0
0.0583776 294.529 294.529 1 1 0
0.0582801 294.453 294.453 1 1 0
0.0581826 294.376 294.376 1 1 0
0.0580852 294.299 294.299 1 1 0
0.0579879 294.221 294.221 1 1 0
0.0578907 294.143 294.143 1 1 0
0.0577935 294.065 294.065 1 1 0
0.0576965 293.986 293.986 1 1 0
0.0575995 293.907 293.907 1 1 0
0.0575027 293.827 293.827 1 1 0
0.0574059 293.747 293.747 1 1 0
0.0573092 293.666 293.666 1 1 0
0.0572126 293.585 293.585 1 1 0
0.0571161 293.503 293.503 1 1 0
0.0570198 293.421 293.421 1 1 0
0.0569235 293.339 293.339 1 1 0
0.0568273 293.256 293.256 1 1 0
0.0567312 293.172 293.172 1 1 0
0.0566352 293.089 293.089 1 1 0
0.0565393 293.004 293.004 1 1 0
0.0564435 292.92 292.92 1 1 0
0.0563478 292.834 292.834 1 1 0
0.0562522 292.749 292.749 1 1 0
0.0561567 292.663 292.663 1 1 0
0.0560613 292.576 292.576 1 1 0
0.0559661 292.489 292.489 1 1 0
0.0558709 292.401 292.401 1 1 0
0.0557758 292.313 292.313 1 1 0
0.0556809 292.225 292.225 1 1 0
0.0555861 292.136 292.136 1 1 0
0.0554913 292.046 292.046 1 1 0
0.0553967 291.957 291.957 1 1 0
0.0553022 291.866 291.866 1 1 0
0.0552079 291.775 291.775 1 1 0
0.0551136 291.684 291.684 1 1 0
0.0550195 291.592 291.592 1 1 0
0.0549254 291.5 291.5 1 1 0
0.0548315 291.407 291.407 1 1 0
0.0547377 291.313 291.313 1 1 0
0.0546441 291.22 291.22 1 1 0
0.0545505 291.125 291.125 1 1 0
0.0544571 291.031 291.031 1 1 0
0.0543638 290.935 290.935 1 1 0
0.0542707 290.839 290.839 1 1 0
0.0541776 290.743 290.743 1 1 0
0.0540847 290.646 290.646 1 1 0
0.0539919 290.549 290.549 1 1 0
0.0538993 290.451 290.451 1 1 0
0.0538068 290.353 290.353 1 1 0
0.0537144 290.254 290.254 1 1 0
0.0536221 290.155 290.155 1 1 0
0.05353 290.055 290.055 1 1 0
0.053438 289.955 289.955 1 1 0
0.0533462 289.854 289.854 1 1 0
0.0532545 289.753 289.753 1 1 0
0.0531629 289.651 289.651 1 1 0
0.0530715 289.548 289.548 1 1 0
0.0529802 289.445 289.445 1 1 0
0.0528891 289.342 289.342 1 1 0
0.0527981 289.238 289.238 1 1 0
0.0527072 289.134 289.134 1 1 0
0.0526165 289.029 289.029 1 1 0
0.052526 288.923 288.923 1 1 0
0.0524355 288.817 288.817 1 1 0
0.0523453 288.711 288.711 1 1 0
0.0522552 288.604 288.604 1 1 0
0.0521652 288.496 288.496 1 1 0
0.0520754 288.388 288.388 1 1 0
0.0519858 288.28 288.28 1 1 0
0.0518963 288.17 288.17 1 1 0
0.051807 288.061 288.061 1 1 0
0.0517178 287.951 287.951 1 1 0
0.0516288 287.84 287.84 1 1 0
0.0515399 287.729 287.729 1 1 0
0.0514512 287.617 287.617 1 1 0
0.0513627 287.505 287.505 1 1 0
0.0512743 287.392 287.392 1 1 0
0.0511861 287.279 287.279 1 1 0
0.0510981 287.165 287.165 1 1 0
0.0510102 287.05 287.05 1 1 0
0.0509225 286.936 286.936 1 1 0
0.050835 286.82 286.82 1 1 0
0.0507476 286.704 286.704 1 1 0
0.0506604 286.588 286.588 1 1 0
0.0505734 286.471 286.471 1 1 0
0.0504865 286.353 286.353 1 1 0
0.0503999 286.235 286.235 1 1 0
0.0503134 286.116 286.116 1 1 0
0.050227 285.997 285.997 1 1 0
0.0501409 285.878 285.878 1 1 0
0.0500549 285.757 285.757 1 1 0
0.0499691 285.637 285.637 1 1 0
0.0498835 285.515 285.515 1 1 0
0.0497981 285.394 285.394 1 1 0
0.0497129 285.271 285.271 1 1 0
0.0496278 285.149 285.149 1 1 0
0.0495429 285.025 285.025 1 1 0
0.0494583 284.901 284.901 1 1 0
0.0493738 284.777 284.777 1 1 0
0.0492894 284.652 284.652 1 1 0
0.0492053 284.526 284.526 1 1 0
0.0491214 284.4 284.4 1 1 0
0.0490376 284.274 284.274 1 1 0
0.0489541 284.147 284.147 1 1 0
0.0488707 284.019 284.019 1 1 0
0.0487876 283.891 283.891 1 1 0
0.0487046 283.763 283.763 1 1 0
0.0486218 283.634 283.634 1 1 0
0.0485392 283.504 283.504 1 1 0
0.0484569 283.374 283.374 1 1 0
0.0483747 283.243 283.243 1 1 0
0.0482927 283.112 283.112 1 1 0
0.0482109 282.98 282.98 1 1 0
0.0481293 282.848 282.848 1 1 0
0.0480479 282.715 282.715 1 1 0
0.0479667 282.582 282.582 1 1 0
0.0478858 282.448 282.448 1 1 0
0.047805 282.314 282.314 1 1 0
0.0477244 282.179 282.179 1 1 0
0.047644 282.044 282.044 1 1 0
0.0475639 281.908 281.908 1 1 0
0.0474839 281.772 281.772 1 1 0
0.0474042 281.635 281.635 1 1 0
0.0473246 281.498 281.498 1 1 0
0.0472453 281.36 281.36 1 1 0
0.0471662 281.221 281.221 1 1 0
0.0470873 281.083 281.083 1 1 0
0.0470086 280.943 280.943 1 1 0
0.0469301 280.803 280.803 1 1 0
0.0468518 280.663 280.663 1 1 0
0.0467737 280.522 280.522 1 1 0
0.0466959 280.381 280.381 1 1 0
0.0466182 280.239 280.239 1 1 0
0.0465408 280.097 280.097 1 1 0
0.0464636 279.954 279.954 1 1 0
0.0463866 279.811 279.811 1 1 0
0.0463098 279.667 279.667 1 1 0
0.0462333 279.523 279.523 1 1 0
0.0461569 279.378 279.378 1 1 0
0.0460808 279.233 279.233 1 1 0
0.0460049 279.087 279.087 1 1 0
0.0459292 278.941 278.941 1 1 0
0.0458537 278.795 278.795 1 1 0
0.0457784 278.648 278.648 1 1 0
0.0457034 278.5 278.5 1 1 0
0.0456286 278.352 278.352 1 1 0
0.045554 278.204 278.204 1 1 0
0.0454796 278.055 278.055 1 1 0
0.0454055 277.905 277.905 1 1 0
0.0453315 277.755 277.755 1 1 0
0.0452578 277.605 277.605 1 1 0
0.0451843 277.454 277.454 1 1 0
0.045111 277.303 277.303 1 1 0
0.045038 277.152 277.152 1 1 0
0.0449652 276.999 276.999 1 1 0
0.0448925 276.847 276.847 1 1 0
0.0448202 276.694 276.694 1 1 0
0.044748 276.54 276.54 1 1 0
0.0446761 276.387 276.387 1 1 0
0.0446044 276.232 276.232 1 1 0
0.0445329 276.077 276.077 1 1 0
0.0444616 275.922 275.922 1 1 0
0.0443906 275.767 275.767 1 1 0
0.0443197 275.611 275.611 1 1 0
0.0442491 275.454 275.454 1 1 0
0.0441788 275.297 275.297 1 1 0
0.0441086 275.14 275.14 1 1 0
0.0440387 274.982 274.982 1 1 0
0.043969 274.824 274.824 1 1 0
0.0438995 274.665 274.665 1 1 0
0.0438303 274.506 274.506 1 1 0
0.0437612 274.347 274.347 1 1 0
0.0436924 274.187 274.187 1 1 0
0.0436238 274.027 274.027 1 1 0
0.0435555 273.866 273.866 1 1 0
0.0434873 273.705 273.705 1 1 0
0.0434194 273.544 273.544 1 1 0
0.0433517 273.382 273.382 1 1 0
0.0432843 273.22 273.22 1 1 0
0.043217 273.057 273.057 1 1 0
0.04315 272.894 272.894 1 1 0
0.0430832 272.731 272.731 1 1 0
0.0430166 272.567 272.567 1 1 0
0.0429503 272.403 272.403 1 1 0
0.0428842 272.239 272.239 1 1 0
0.0428182 272.074 272.074 1 1 0
0.0427526 271.909 271.909 1 1 0
0.0426871 271.743 271.743 1 1 0
0.0426219 271.577 271.577 1 1 0
0.0425568 271.411 271.411 1 1 0
0.042492 271.244 271.244 1 1 0
0.0424274 271.077 271.077 1 1 0
0.0423631 270.91 270.91 1 1 0
0.0422989 270.742 270.742 1 1 0
0.042235 270.574 270.574 1 1 0
0.0421713 270.405 270.405 1 1 0
0.0421078 270.236 270.236 1 1 0
0.0420446 270.067 270.067 1 1 0
0.0419815 269.898 269.898 1 1 0
0.0419187 269.728 269.728 1 1 0
0.0418561 269.558 269.558 1 1 0
0.0417937 269.387 269.387 1 1 0
0.0417315 269.216 269.216 1 1 0
0.0416695 269.045 269.045 1 1 0
0.0416078 268.873 268.873 1 1 0
0.0415462 268.702 268.702 1 1 0
0.0414849 268.529 268.529 1 1 0
0.0414238 268.357 268.357 1 1 0
0.0413629 268.184 268.184 1 1 0
0.0413022 268.011 268.011 1 1 0
0.0412417 267.837 267.837 1 1 0
0.0411815 267.664 267.664 1 1 0
0.0411214 267.49 267.49 1 1 0
0.0410616 267.315 267.315 1 1 0
0.041002 267.141 267.141 1 1 0
0.0409426 266.966 266.966 1 1 0
0.0408834 266.79 266.79 1 1 0
0.0408244 266.615 266.615 1 1 0
0.0407656 266.439 266.439 1 1 0
0.040707 266.263 266.263 1 1 0
0.0406487 266.086 266.086 1 1 0
0.0405905 265.909 265.909 1 1 0
0.0405325 265.732 265.732 1 1 0
0.0404748 265.555 265.555 1 1 0
0.0404172 265.377 265.377 1 1 0
0.0403599 265.2 265.2 1 1 0
0.0403028 265.021 265.021 1 1 0
0.0402458 264.843 264.843 1 1 0
0.0401891 264.664 264.664 1 1 0
0.0401326 264.485 264.485 1 1 0
0.0400762 264.306 264.306 1 1 0
0.0400201 264.127 264.127 1 1 0
0.0399642 263.947 263.947 1 1 0
0.0399085 263.767 263.767 1 1 0
0.0398529 263.586 263.586 1 1 0
0.0397976 263.406 263.406 1 1 0
0.0397425 263.225 263.225 1 1 0
0.0396875 263.044 263.044 1 1 0
0.0396328 262.863 262.863 1 1 0
0.0395783 262.681 262.681 1 1 0
0.0395239 262.499 262.499 1 1 0
0.0394697 262.317 262.317 1 1 0
0.0394158 262.135 262.135 1 1 0
0.039362 261.952 261.952 1 1 0
0.0393084 261.77 261.77 1 1 0
0.0392551 261.587 261.587 1 1 0
0.0392019 261.403 261.403 1 1 0
0.0391489 261.22 261.22 1 1 0
0.0390961 261.036 261.036 1 1 0
0.0390434 260.852 260.852 1 1 0
0.038991 260.668 260.668 1 1 0
0.0389387 260.484 260.484 1 1 0
0.0388867 260.299 260.299 1 1 0
0.0388348 260.114 260.114 1 1 0
0.0387831 259.929 259.929 1 1 0
0.0387316 259.744 259.744 1 1 0
0.0386803 259.559 259.559 1 1 0
0.0386292 259.373 259.373 1 1 0
0.0385782 259.187 259.187 1 1 0
0.0385274 259.001 259.001 1 1 0
0.0384768 258.815 258.815 1 1 0
0.0384264 258.628 258.628 1 1 0
0.0383762 258.441 258.441 1 1 0
0.0383261 258.254 258.254 1 1 0
0.0382763 258.067 258.067 1 1 0
0.0382266 257.88 257.88 1 1 0
0.038177 257.692 257.692 1 1 0
0.0381277 257.505 257.505 1 1 0
0.0380785 257.317 257.317 1 1 0
0.0380295 257.129 257.129 1 1 0
0.0379807 256.94 256.94 1 1 0
0.0379321 256.752 256.752 1 1 0
0.0378836 256.563 256.563 1 1 0
0.0378353 256.375 256.375 1 1 0
0.0377872 256.185 256.185 1 1 0
0.0377392 255.996 255.996 1 1 0
0.0376914 255.807 255.807 1 1 0
0.0376438 255.617 255.617 1 1 0
0.0375963 255.428 255.428 1 1 0
0.0375491 255.238 255.238 1 1 0
0.0375019 255.048 255.048 1 1 0
0.037455 254.857 254.857 1 1 0
0.0374082 254.667 254.667 1 1 0
0.0373616 254.476 254.476 1 1 0
0.0373151 254.286 254.286 1 1 0
0.0372688 254.095 254.095 1 1 0
0.0372227 253.904 253.904 1 1 0
0.0371767 253.712 253.712 1 1 0
0.0371309 253.521 253.521 1 1 0
0.0370853 253.329 253.329 1 1 0
0.0370853 253.329 253.329 2 1 0
0.0370816 253.314 253.314 1 1 0
0.037078 253.299 253.299 1 1 0
0.0370707 253.268 253.268 1 1 0
0.0370561 253.207 253.207 1 1 0
0.0370271 253.084 253.084 1 1 0
0.0369818 252.892 252.892 1 1 0
0.0369366 252.7 252.7 1 1 0
0.0368917 252.508 252.508 1 1 0
0.0368469 252.315 252.315 1 1 0
0.0368022 252.123 252.123 1 1 0
0.0367577 251.93 251.93 1 1 0
0.0367134 251.737 251.737 1 1 0
0.0366692 251.544 251.544 1 1 0
0.0366251 251.351 251.351 1 1 0
0.0365812 251.158 251.158 1 1 0
0.0365375 250.964 250.964 1 1 0
0.0364939 250.771 250.771 1 1 0
0.0364505 250.577 250.577 1 1 0
0.0364072 250.383 250.383 1 1 0
0.0363641 250.189 250.189 1 1 0
0.0363211 249.995 249.995 1 1 0
0.0362782 249.801 249.801 1 1 0
0.0362355 249.606 249.606 1 1 0
0.036193 249.412 249.412 1 1 0
0.0361506 249.217 249.217 1 1 0
0.0361083 249.023 249.023 1 1 0
0.0360662 248.828 248.828 1 1 0
0.0360243 248.633 248.633 1 1 0
0.0359825 248.438 248.438 1 1 0
0.0359408 248.242 248.242 1 1 0
0.0358992 248.047 248.047 1 1 0
0.0358578 247.851 247.851 1 1 0
0.0358166 247.656 247.656 1 1 0
0.0357755 247.46 247.46 1 1 0
0.0357345 247.264 247.264 1 1 0
0.0356936 247.068 247.068 1 1 0
0.0356529 246.872 246.872 1 1 0
0.0356124 246.676 246.676 1 1 0
0.035572 246.479 246.479 1 1 0
0.0355317 246.283 246.283 1 1 0
0.0354915 246.086 246.086 1 1 0
0.0354515 245.89 245.89 1 1 0
0.0354116 245.693 245.693 1 1 0
0.0353718 245.496 245.496 1 1 0
0.0353322 245.299 245.299 1 1 0
0.0352927 245.102 245.102 1 1 0
0.0352534 244.905 244.905 1 1 0
0.0352142 244.707 244.707 1 1 0
0.0351751 244.51 244.51 1 1 0
0.0351361 244.312 244.312 1 1 0
0.0350973 244.115 244.115 1 1 0
0.0350585 243.917 243.917 1 1 0
0.03502 243.719 243.719 1 1 0
0.0349815 243.521 243.521 1 1 0
0.0349432 243.323 243.323 1 1 0
0.034905 243.125 243.125 1 1 0
0.0348669 242.927 242.927 1 1 0
0.034829 242.728 242.728 1 1 0
0.0347911 242.53 242.53 1 1 0
0.0347534 242.331 242.331 1 1 0
0.0347159 242.133 242.133 1 1 0
0.0346784 241.934 241.934 1 1 0
0.0346411 241.735 241.735 1 1 0
0.0346039 241.536 241.536 1 1 0
0.0345668 241.337 241.337 1 1 0
0.0345298 241.138 241.138 1 1 0
0.034493 240.939 240.939 1 1 0
0.0344562 240.74 240.74 1 1 0
0.0344196 240.541 240.541 1 1 0
0.0343831 240.341 240.341 1 1 0
0.0343467 240.142 240.142 1 1 0
0.0343105 239.942 239.942 1 1 0
0.0342743 239.743 239.743 1 1 0
0.0342383 239.543 239.543 1 1 0
0.0342024 239.343 239.343 1 1 0
0.0341666 239.143 239.143 1 1 0
0.0341309 238.943 238.943 1 1 0
0.0340954 238.743 238.743 1 1 0
0.0340599 238.543 238.543 1 1 0
0.0340246 238.343 238.343 1 1 0
0.0339893 238.142 238.142 1 1 0
0.0339542 237.942 237.942 1 1 0
0.0339192 237.741 237.741 1 1 0
0.0338843 237.541 237.541 1 1 0
0.0338495 237.34 237.34 1 1 0
0.0338148 237.14 237.14 1 1 0
0.0337803 236.939 236.939 1 1 0
0.0337458 236.738 236.738 1 1 0
0.0337115 236.537 236.537 1 1 0
0.0336772 236.336 236.336 1 1 0
0.0336431 236.135 236.135 1 1 0
0.033609 235.934 235.934 1 1 0
0.0335751 235.733 235.733 1 1 0
0.0335413 235.532 235.532 1 1 0
0.0335076 235.33 235.33 1 1 0
0.033474 235.129 235.129 1 1 0
0.0334405 234.928 234.928 1 1 0
0.0334071 234.726 234.726 1 1 0
0.0333738 234.525 234.525 1 1 0
0.0333406 234.323 234.323 1 1 0
0.0333075 234.121 234.121 1 1 0
0.0332745 233.92 233.92 1 1 0
0.0332416 233.718 233.718 1 1 0
0.0332088 233.516 233.516 1 1 0
0.0331761 233.314 233.314 1 1 0
0.0331435 233.112 233.112 1 1 0
0.033111 232.91 232.91 1 1 0
0.0330786 232.708 232.708 1 1 0
0.0330463 232.506 232.506 1 1 0
0.0330141 232.303 232.303 1 1 0
0.032982 232.101 232.101 1 1 0
0.03295 231.899 231.899 1 1 0
0.0329181 231.696 231.696 1 1 0
0.0328863 231.494 231.494 1 1 0
0.0328546 231.291 231.291 1 1 0
0.032823 231.089 231.089 1 1 0
0.0327915 230.886 230.886 1 1 0
0.03276 230.684 230.684 1 1 0
0.0327287 230.481 230.481 1 1 0
0.0326975 230.278 230.278 1 1 0
0.0326663 230.075 230.075 1 1 0
0.0326353 229.872 229.872 1 1 0
0.0326043 229.669 229.669 1 1 0
0.0325734 229.466 229.466 1 1 0
0.0325427 229.263 229.263 1 1 0
0.032512 229.06 229.06 1 1 0
0.0324814 228.857 228.857 1 1 0
0.0324509 228.654 228.654 1 1 0
0.0324204 228.451 228.451 1 1 0
0.0323901 228.247 228.247 1 1 0
0.0323599 228.044 228.044 1 1 0
0.0323297 227.841 227.841 1 1 0
0.0322997 227.637 227.637 1 1 0
0.0322697 227.434 227.434 1 1 0
0.0322398 227.23 227.23 1 1 0
0.03221 227.027 227.027 1 1 0
0.0321803 226.823 226.823 1 1 0
0.0321507 226.62 226.62 1 1 0
0.0321211 226.416 226.416 1 1 0
0.0320917 226.212 226.212 1 1 0
0.0320623 226.008 226.008 1 1 0
0.032033 225.805 225.805 1 1 0
0.0320038 225.601 225.601 1 1 0
0.0319747 225.397 225.397 1 1 0
0.0319456 225.193 225.193 1 1 0
0.0319167 224.989 224.989 1 1 0
0.0318878 224.785 224.785 1 1 0
0.031859 224.581 224.581 1 1 0
0.0318303 224.377 224.377 1 1 0
0.0318017 224.173 224.173 1 1 0
0.0317732 223.969 223.969 1 1 0
0.0317447 223.764 223.764 1 1 0
0.0317163 223.56 223.56 1 1 0
0.031688 223.356 223.356 1 1 0
0.0316598 223.152 223.152 1 1 0
0.0316317 222.947 222.947 1 1 0
0.0316036 222.743 222.743 1 1 0
0.0315756 222.538 222.538 1 1 0
0.0315477 222.334 222.334 1 1 0
0.0315199 222.13 222.13 1 1 0
0.0314922 221.925 221.925 1 1 0
0.0314645 221.72 221.72 1 1 0
0.0314369 221.516 221.516 1 1 0
0.0314094 221.311 221.311 1 1 0
0.031382 221.107 221.107 1 1 0
0.0313546 220.902 220.902 1 1 0
0.0313273 220.697 220.697 1 1 0
0.0313001 220.492 220.492 1 1 0
0.031273 220.288 220.288 1 1 0
0.0312459 220.083 220.083 1 1 0
0.0312189 219.878 219.878 1 1 0
0.031192 219.673 219.673 1 1 0
0.0311652 219.468 219.468 1 1 0
0.0311384 219.263 219.263 1 1 0
0.0311117 219.058 219.058 1 1 0
0.0310851 218.853 218.853 1 1 0
0.0310586 218.648 218.648 1 1 0
0.0310321 218.443 218.443 1 1 0
0.0310057 218.238 218.238 1 1 0
0.0309794 218.033 218.033 1 1 0
0.0309531 217.828 217.828 1 1 0
0.0309269 217.623 217.623 1 1 0
0.0309008 217.418 217.418 1 1 0
0.0308748 217.212 217.212 1 1 0
0.0308488 217.007 217.007 1 1 0
0.0308229 216.802 216.802 1 1 0
0.0307971 216.597 216.597 1 1 0
0.0307713 216.391 216.391 1 1 0
0.0307456 216.186 216.186 1 1 0
0.03072 215.981 215.981 1 1 0
0.0306944 215.775 215.775 1 1 0
0.0306689 215.57 215.57 1 1 0
0.0306435 215.364 215.364 1 1 0
0.0306181 215.159 215.159 1 1 0
0.0305929 214.953 214.953 1 1 0
0.0305676 214.748 214.748 1 1 0
0.0305425 214.542 214.542 1 1 0
0.0305174 214.337 214.337 1 1 0
0.0304924 214.131 214.131 1 1 0
0.0304674 213.926 213.926 1 1 0
0.0304426 213.72 213.72 1 1 0
0.0304177 213.515 213.515 1 1 0
0.030393 213.309 213.309 1 1 0
0.0303683 213.103 213.103 1 1 0
0.0303437 212.898 212.898 1 1 0
0.0303191 212.692 212.692 1 1 0
0.0302946 212.486 212.486 1 1 0
0.0302702 212.28 212.28 1 1 0
0.0302458 212.075 212.075 1 1 0
0.0302215 211.869 211.869 1 1 0
0.0301972 211.663 211.663 1 1 0
0.0301731 211.457 211.457 1 1 0
0.0301489 211.251 211.251 1 1 0
0.0301249 211.045 211.045 1 1 0
0.0301009 210.84 210.84 1 1 0
0.030077 210.634 210.634 1 1 0
0.0300531 210.428 210.428 1 1 0
0.0300293 210.222 210.222 1 1 0
0.0300055 210.016 210.016 1 1 0
0.0299819 209.81 209.81 1 1 0
0.0299582 209.604 209.604 1 1 0
0.0299347 209.398 209.398 1 1 0
0.0299112 209.192 209.192 1 1 0
0.0298877 208.986 208.986 1 1 0
0.0298643 208.78 208.78 1 1 0
0.029841 208.574 208.574 1 1 0
0.0298178 208.368 208.368 1 1 0
0.0297945 208.162 208.162 1 1 0
0.0297714 207.955 207.955 1 1 0
0.0297483 207.749 207.749 1 1 0
0.0297253 207.543 207.543 1 1 0
0.0297023 207.337 207.337 1 1 0
0.0296794 207.131 207.131 1 1 0
0.0296565 206.925 206.925 1 1 0
0.0296337 206.719 206.719 1 1 0
0.029611 206.512 206.512 1 1 0
0.0295883 206.306 206.306 1 1 0
0.0295657 206.1 206.1 1 1 0
0.0295431 205.894 205.894 1 1 0
0.0295206 205.687 205.687 1 1 0
0.0294981 205.481 205.481 1 1 0
0.0294757 205.275 205.275 1 1 0
0.0294534 205.069 205.069 1 1 0
0.0294311 204.862 204.862 1 1 0
0.0294089 204.656 204.656 1 1 0
0.0293867 204.45 204.45 1 1 0
0.0293646 204.243 204.243 1 1 0
0.0293425 204.037 204.037 1 1 0
0.0293205 203.831 203.831 1 1 0
0.0292985 203.624 203.624 1 1 0
0.0292766 203.418 203.418 1 1 0
0.0292548 203.212 203.212 1 1 0
0.029233 203.005 203.005 1 1 0
0.0292112 202.799 202.799 1 1 0
0.0291895 202.592 202.592 1 1 0
0.0291679 202.386 202.386 1 1 0
0.0291463 202.18 202.18 1 1 0
0.0291248 201.973 201.973 1 1 0
0.0291033 201.767 201.767 1 1 0
0.0290819 201.56 201.56 1 1 0
0.0290605 201.354 201.354 1 1 0
0.0290392 201.147 201.147 1 1 0
0.0290179 200.941 200.941 1 1 0
0.0289967 200.734 200.734 1 1 0
0.0289755 200.528 200.528 1 1 0
0.0289544 200.321 200.321 1 1 0
0.0289333 200.115 200.115 1 1 0
0.0289123 199.908 199.908 1 1 0
0.0288913 199.702 199.702 1 1 0
0.0288704 199.495 199.495 1 1 0
0.0288495 199.289 199.289 1 1 0
0.0288287 199.082 199.082 1 1 0
0.028808 198.876 198.876 1 1 0
0.0287873 198.669 198.669 1 1 0
0.0287666 198.463 198.463 1 1 0
0.028746 198.256 198.256 1 1 0
0.0287254 198.05 198.05 1 1 0
0.0287049 197.843 197.843 1 1 0
0.0286844 197.637 197.637 1 1 0
0.028664 197.43 197.43 1 1 0
0.0286436 197.223 197.223 1 1 0
0.0286233 197.017 197.017 1 1 0
0.028603 196.81 196.81 1 1 0
0.0285828 196.604 196.604 1 1 0
0.0285626 196.397 196.397 1 1 0
0.0285425 196.19 196.19 1 1 0
0.0285224 195.984 195.984 1 1 0
0.0285024 195.777 195.777 1 1 0
0.0284824 195.571 195.571 1 1 0
0.0284625 195.364 195.364 1 1 0
0.0284426 195.157 195.157 1 1 0
0.0284227 194.951 194.951 1 1 0
0.0284029 194.744 194.744 1 1 0
0.0283832 194.538 194.538 1 1 0
0.0283635 194.331 194.331 1 1 0
0.0283438 194.124 194.124 1 1 0
0.0283242 193.918 193.918 1 1 0
0.0283046 193.711 193.711 1 1 0
0.0282851 193.504 193.504 1 1 0
0.0282656 193.298 193.298 1 1 0
0.0282462 193.091 193.091 1 1 0
0.0282268 192.885 192.885 1 1 0
0.0282075 192.678 192.678 1 1 0
0.0281882 192.471 192.471 1 1 0
0.0281689 192.265 192.265 1 1 0
0.0281497 192.058 192.058 1 1 0
0.0281305 191.851 191.851 1 1 0
0.0281114 191.645 191.645 1 1 0
0.0280923 191.438 191.438 1 1 0
0.0280733 191.231 191.231 1 1 0
0.0280543 191.025 191.025 1 1 0
0.0280354 190.818 190.818 1 1 0
0.0280165 190.612 190.612 1 1 0
0.0279976 190.405 190.405 1 1 0
0.0279788 190.198 190.198 1 1 0
0.02796 189.992 189.992 1 1 0
0.0279413 189.785 189.785 1 1 0
0.0279226 189.578 189.578 1 1 0
0.027904 189.372 189.372 1 1 0
0.0278854 189.165 189.165 1 1 0
0.0278669 188.959 188.959 1 1 0
0.0278483 188.752 188.752 1 1 0
0.0278299 188.545 188.545 1 1 0
0.0278114 188.339 188.339 1 1 0
0.0277931 188.132 188.132 1 1 0
0.0277747 187.925 187.925 1 1 0
0.0277564 187.719 187.719 1 1 0
0.0277382 187.512 187.512 1 1 0
0.0277199 187.306 187.306 1 1 0
0.0277018 187.099 187.099 1 1 0
0.0276836 186.892 186.892 1 1 0
0.0276655 186.686 186.686 1 1 0
0.0276475 186.479 186.479 1 1 0
0.0276295 186.273 186.273 1 1 0
0.0276115 186.066 186.066 1 1 0
0.0275936 185.859 185.859 1 1 0
0.0275757 185.653 185.653 1 1 0
0.0275578 185.446 185.446 1 1 0
0.02754 185.24 185.24 1 1 0
0.0275222 185.033 185.033 1 1 0
0.0275045 184.826 184.826 1 1 0
0.0274868 184.62 184.62 1 1 0
0.0274692 184.413 184.413 1 1 0
0.0274516 184.207 184.207 1 1 0
0.027434 184 184 1 1 0
0.0274165 183.794 183.794 1 1 0
0.027399 183.587 183.587 1 1 0
0.0273815 183.381 183.381 1 1 0
0.0273641 183.174 183.174 1 1 0
0.0273467 182.967 182.967 1 1 0
0.0273294 182.761 182.761 1 1 0
0.0273121 182.554 182.554 1 1 0
0.0272948 182.348 182.348 1 1 0
0.0272776 182.141 182.141 1 1 0
0.0272604 181.935 181.935 1 1 0
0.0272433 181.728 181.728 1 1 0
0.0272262 181.522 181.522 1 1 0
0.0272091 181.315 181.315 1 1 0
0.0271921 181.109 181.109 1 1 0
0.0271751 180.902 180.902 1 1 0
0.0271582 180.696 180.696 1 1 0
0.0271412 180.489 180.489 1 1 0
0.0271244 180.283 180.283 1 1 0
0.0271075 180.077 180.077 1 1 0
0.0270907 179.87 179.87 1 1 0
0.027074 179.664 179.664 1 1 0
0.0270572 179.457 179.457 1 1 0
0.0270405 179.251 179.251 1 1 0
0.0270239 179.044 179.044 1 1 0
0.0270073 178.838 178.838 1 1 0
0.0269907 178.632 178.632 1 1 0
0.0269741 178.425 178.425 1 1 0
0.0269576 178.219 178.219 1 1 0
0.0269412 178.012 178.012 1 1 0
0.0269247 177.806 177.806 1 1 0
0.0269083 177.6 177.6 1 1 0
0.026892 177.393 177.393 1 1 0
0.0268756 177.187 177.187 1 1 0
0.0268594 176.981 176.981 1 1 0
0.0268431 176.774 176.774 1 1 0
0.0268269 176.568 176.568 1 1 0
0.0268107 176.362 176.362 1 1 0
0.0267946 176.155 176.155 1 1 0
0.0267784 175.949 175.949 1 1 0
0.0267624 175.743 175.743 1 1 0
0.0267463 175.536 175.536 1 1 0
0.0267303 175.33 175.33 1 1 0
0.0267143 175.124 175.124 1 1 0
0.0266984 174.918 174.918 1 1 0
0.0266825 174.711 174.711 1 1 0
0.0266666 174.505 174.505 1 1 0
0.0266508 174.299 174.299 1 1 0
0.026635 174.093 174.093 1 1 0
0.0266193 173.887 173.887 1 1 0
0.0266035 173.68 173.68 1 1 0
0.0265878 173.474 173.474 1 1 0
0.0265722 173.268 173.268 1 1 0
0.0265566 173.062 173.062 1 1 0
0.026541 172.856 172.856 1 1 0
0.0265254 172.65 172.65 1 1 0
0.0265099 172.443 172.443 1 1 0
0.0264944 172.237 172.237 1 1 0
0.026479 172.031 172.031 1 1 0
0.0264635 171.825 171.825 1 1 0
0.0264482 171.619 171.619 1 1 0
0.0264328 171.413 171.413 1 1 0
0.0264175 171.207 171.207 1 1 0
0.0264022 171.001 171.001 1 1 0
0.0263869 170.795 170.795 1 1 0
0.0263717 170.589 170.589 1 1 0
0.0263565 170.383 170.383 1 1 0
0.0263414 170.177 170.177 1 1 0
0.0263263 169.971 169.971 1 1 0
0.0263112 169.765 169.765 1 1 0
0.0262961 169.559 169.559 1 1 0
0.0262811 169.353 169.353 1 1 0
0.0262661 169.147 169.147 1 1 0
0.0262512 168.941 168.941 1 1 0
0.0262363 168.735 168.735 1 1 0
0.0262214 168.529 168.529 1 1 0
0.0262065 168.323 168.323 1 1 0
0.0261917 168.117 168.117 1 1 0
0.0261769 167.911 167.911 1 1 0
0.0261621 167.705 167.705 1 1 0
0.0261474 167.499 167.499 1 1 0
0.0261327 167.294 167.294 1 1 0
0.026118 167.088 167.088 1 1 0
0.0261034 166.882 166.882 1 1 0
0.0260888 166.676 166.676 1 1 0
0.0260742 166.47 166.47 1 1 0
0.0260597 166.265 166.265 1 1 0
0.0260452 166.059 166.059 1 1 0
0.0260307 165.853 165.853 1 1 0
0.0260163 165.647 165.647 1 1 0
0.0260019 165.442 165.442 1 1 0
0.0259875 165.236 165.236 1 1 0
0.0259732 165.03 165.03 1 1 0
0.0259588 164.824 164.824 1 1 0
0.0259446 164.619 164.619 1 1 0
0.0259303 164.413 164.413 1 1 0
0.0259161 164.207 164.207 1 1 0
0.0259019 164.002 164.002 1 1 0
0.0258877 163.796 163.796 1 1 0
0.0258736 163.591 163.591 1 1 0
0.0258595 163.385 163.385 1 1 0
0.0258454 163.179 163.179 1 1 0
0.0258314 162.974 162.974 1 1 0
0.0258174 162.768 162.768 1 1 0
0.0258034 162.563 162.563 1 1 0
0.0257895 162.357 162.357 1 1 0
0.0257756 162.152 162.152 1 1 0
0.0257617 161.946 161.946 1 1 0
0.0257478 161.741 161.741 1 1 0
0.025734 161.535 161.535 1 1 0
0.0257202 161.33 161.33 1 1 0
0.0257065 161.124 161.124 1 1 0
0.0256927 160.919 160.919 1 1 0
0.025679 160.714 160.714 1 1 0
0.0256653 160.508 160.508 1 1 0
0.0256517 160.303 160.303 1 1 0
0.0256381 160.098 160.098 1 1 0
0.0256245 159.892 159.892 1 1 0
0.025611 159.687 159.687 1 1 0
0.0255974 159.482 159.482 1 1 0
0.0255839 159.276 159.276 1 1 0
0.0255705 159.071 159.071 1 1 0
0.0255571 158.866 158.866 1 1 0
0.0255436 158.661 158.661 1 1 0
0.0255303 158.455 158.455 1 1 0
0.0255169 158.25 158.25 1 1 0
0.0255036 158.045 158.045 1 1 0
0.0254903 157.84 157.84 1 1 0
0.0254771 157.635 157.635 1 1 0
0.0254638 157.429 157.429 1 1 0
0.0254506 157.224 157.224 1 1 0
0.0254375 157.019 157.019 1 1 0
0.0254243 156.814 156.814 1 1 0
0.0254112 156.609 156.609 1 1 0
0.0253981 156.404 156.404 1 1 0
0.0253851 156.199 156.199 1 1 0
0.0253721 155.994 155.994 1 1 0
0.0253591 155.789 155.789 1 1 0
0.0253461 155.584 155.584 1 1 0
0.0253332 155.379 155.379 1 1 0
0.0253203 155.174 155.174 1 1 0
0.0253074 154.969 154.969 1 1 0
0.0252945 154.764 154.764 1 1 0
0.0252817 154.559 154.559 1 1 0
0.0252689 154.354 154.354 1 1 0
0.0252562 154.15 154.15 1 1 0
0.0252434 153.945 153.945 1 1 0
0.0252307 153.74 153.74 1 1 0
0.025218 153.535 153.535 1 1 0
0.0252054 153.33 153.33 1 1 0
0.0251928 153.126 153.126 1 1 0
0.0251802 152.921 152.921 1 1 0
0.0251676 152.716 152.716 1 1 0
0.0251551 152.511 152.511 1 1 0
0.0251425 152.307 152.307 1 1 0
0.0251425 152.307 152.307 2 1 0
0.0251415 152.29 152.29 1 1 0
0.0251405 152.274 152.274 1 1 0
0.0251386 152.241 152.241 1 1 0
0.0251346 152.176 152.176 1 1 0
0.0251266 152.045 152.045 1 1 0
0.0251141 151.84 151.84 1 1 0
0.0251017 151.635 151.635 1 1 0
0.0250893 151.431 151.431 1 1 0
0.025077 151.226 151.226 1 1 0
0.0250646 151.022 151.022 1 1 0
0.0250523 150.817 150.817 1 1 0
0.02504 150.613 150.613 1 1 0
0.0250278 150.408 150.408 1 1 0
0.0250156 150.204 150.204 1 1 0
0.0250034 149.999 149.999 1 1 0
0.0249912 149.795 149.795 1 1 0
0.0249791 149.59 149.59 1 1 0
0.024967 149.386 149.386 1 1 0
0.0249549 149.181 149.181 1 1 0
0.0249428 148.977 148.977 1 1 0
0.0249308 148.773 148.773 1 1 0
0.0249188 148.568 148.568 1 1 0
0.0249068 148.364 148.364 1 1 0
0.0248949 148.16 148.16 1 1 0
0.024883 147.955 147.955 1 1 0
0.0248711 147.751 147.751 1 1 0
0.0248592 147.547 147.547 1 1 0
0.0248474 147.343 147.343 1 1 0
0.0248356 147.138 147.138 1 1 0
0.0248238 146.934 146.934 1 1 0
0.024812 146.73 146.73 1 1 0
0.0248003 146.526 146.526 1 1 0
0.0247886 146.322 146.322 1 1 0
0.0247769 146.118 146.118 1 1 0
0.0247653 145.914 145.914 1 1 0
0.0247536 145.71 145.71 1 1 0
0.0247421 145.506 145.506 1 1 0
0.0247305 145.302 145.302 1 1 0
0.024719 145.098 145.098 1 1 0
0.0247074 144.894 144.894 1 1 0
0.024696 144.69 144.69 1 1 0
0.0246845 144.486 144.486 1 1 0
0.0246731 144.282 144.282 1 1 0
0.0246617 144.078 144.078 1 1 0
0.0246503 143.874 143.874 1 1 0
0.024639 143.67 143.67 1 1 0
0.0246276 143.467 143.467 1 1 0
0.0246163 143.263 143.263 1 1 0
0.0246051 143.059 143.059 1 1 0
0.0245938 142.855 142.855 1 1 0
0.0245826 142.652 142.652 1 1 0
0.0245714 142.448 142.448 1 1 0
0.0245603 142.244 142.244 1 1 0
0.0245491 142.041 142.041 1 1 0
0.024538 141.837 141.837 1 1 0
0.0245269 141.633 141.633 1 1 0
0.0245159 141.43 141.43 1 1 0
0.0245049 141.226 141.226 1 1 0
0.0244939 141.023 141.023 1 1 0
0.0244829 140.819 140.819 1 1 0
0.0244719 140.616 140.616 1 1 0
0.024461 140.412 140.412 1 1 0
0.0244501 140.209 140.209 1 1 0
0.0244392 140.005 140.005 1 1 0
0.0244284 139.802 139.802 1 1 0
0.0244176 139.599 139.599 1 1 0
0.0244068 139.395 139.395 1 1 0
0.024396 139.192 139.192 1 1 0
0.0243853 138.989 138.989 1 1 0
0.0243746 138.785 138.785 1 1 0
0.0243639 138.582 138.582 1 1 0
0.0243533 138.379 138.379 1 1 0
0.0243426 138.176 138.176 1 1 0
0.024332 137.972 137.972 1 1 0
0.0243214 137.769 137.769 1 1 0
0.0243109 137.566 137.566 1 1 0
0.0243004 137.363 137.363 1 1 0
0.0242899 137.16 137.16 1 1 0
0.0242794 136.957 136.957 1 1 0
0.024269 136.754 136.754 1 1 0
0.0242585 136.551 136.551 1 1 0
0.0242481 136.348 136.348 1 1 0
0.0242378 136.145 136.145 1 1 0
0.0242274 135.942 135.942 1 1 0
0.0242171 135.739 135.739 1 1 0
0.0242068 135.536 135.536 1 1 0
0.0241966 135.333 135.333 1 1 0
0.0241863 135.13 135.13 1 1 0
0.0241761 134.928 134.928 1 1 0
0.024166 134.725 134.725 1 1 0
0.0241558 134.522 134.522 1 1 0
0.0241457 134.319 134.319 1 1 0
0.0241356 134.117 134.117 1 1 0
0.0241255 133.914 133.914 1 1 0
0.0241154 133.711 133.711 1 1 0
0.0241054 133.509 133.509 1 1 0
0.0240954 133.306 133.306 1 1 0
0.0240854 133.103 133.103 1 1 0
0.0240755 132.901 132.901 1 1 0
0.0240656 132.698 132.698 1 1 0
0.0240557 132.496 132.496 1 1 0
0.0240458 132.293 132.293 1 1 0
0.024036 132.091 132.091 1 1 0
0.0240262 131.889 131.889 1 1 0
0.0240164 131.686 131.686 1 1 0
0.0240066 131.484 131.484 1 1 0
0.0239969 131.281 131.281 1 1 0
0.0239872 131.079 131.079 1 1 0
0.0239775 130.877 130.877 1 1 0
0.0239678 130.675 130.675 1 1 0
0.0239582 130.472 130.472 1 1 0
0.0239486 130.27 130.27 1 1 0
0.023939 130.068 130.068 1 1 0
0.0239294 129.866 129.866 1 1 0
0.0239199 129.664 129.664 1 1 0
0.0239104 129.462 129.462 1 1 0
0.0239009 129.259 129.259 1 1 0
0.0238915 129.057 129.057 1 1 0
0.0238821 128.855 128.855 1 1 0
0.0238727 128.653 128.653 1 1 0
0.0238633 128.451 128.451 1 1 0
0.023854 128.249 128.249 1 1 0
0.0238447 128.048 128.048 1 1 0
0.0238354 127.846 127.846 1 1 0
0.0238261 127.644 127.644 1 1 0
0.0238169 127.442 127.442 1 1 0
0.0238077 127.24 127.24 1 1 0
0.0237985 127.038 127.038 1 1 0
0.0237893 126.837 126.837 1 1 0
0.0237802 126.635 126.635 1 1 0
0.0237711 126.433 126.433 1 1 0
0.023762 126.232 126.232 1 1 0
0.0237529 126.03 126.03 1 1 0
0.0237439 125.828 125.828 1 1 0
0.0237349 125.627 125.627 1 1 0
0.0237259 125.425 125.425 1 1 0
0.023717 125.224 125.224 1 1 0
0.0237081 125.022 125.022 1 1 0
0.0236992 124.821 124.821 1 1 0
0.0236903 124.619 124.619 1 1 0
0.0236815 124.418 124.418 1 1 0
0.0236727 124.217 124.217 1 1 0
0.0236639 124.015 124.015 1 1 0
0.0236551 123.814 123.814 1 1 0
0.0236464 123.613 123.613 1 1 0
0.0236377 123.412 123.412 1 1 0
0.023629 123.21 123.21 1 1 0
0.0236203 123.009 123.009 1 1 0
0.0236117 122.808 122.808 1 1 0
0.0236031 122.607 122.607 1 1 0
0.0235945 122.406 122.406 1 1 0
0.023586 122.205 122.205 1 1 0
0.0235774 122.004 122.004 1 1 0
0.023569 121.803 121.803 1 1 0
0.0235605 121.602 121.602 1 1 0
0.023552 121.401 121.401 1 1 0
0.0235436 121.2 121.2 1 1 0
0.0235352 120.999 120.999 1 1 0
0.0235269 120.798 120.798 1 1 0
0.0235185 120.597 120.597 1 1 0
0.0235102 120.396 120.396 1 1 0
0.023502 120.196 120.196 1 1 0
0.0234937 119.995 119.995 1 1 0
0.0234855 119.794 119.794 1 1 0
0.0234773 119.593 119.593 1 1 0
0.0234691 119.393 119.393 1 1 0
0.023461 119.192 119.192 1 1 0
0.0234528 118.992 118.992 1 1 0
0.0234448 118.791 118.791 1 1 0
0.0234367 118.591 118.591 1 1 0
0.0234287 118.39 118.39 1 1 0
0.0234206 118.19 118.19 1 1 0
0.0234127 117.989 117.989 1 1 0
0.0234047 117.789 117.789 1 1 0
0.0233968 117.588 117.588 1 1 0
0.0233889 117.388 117.388 1 1 0
0.023381 117.188 117.188 1 1 0
0.0233732 116.988 116.988 1 1 0
0.0233653 116.787 116.787 1 1 0
0.0233575 116.587 116.587 1 1 0
0.0233498 116.387 116.387 1 1 0
0.0233421 116.187 116.187 1 1 0
0.0233343 115.987 115.987 1 1 0
0.0233267 115.787 115.787 1 1 0
0.023319 115.587 115.587 1 1 0
0.0233114 115.387 115.387 1 1 0
0.0233038 115.187 115.187 1 1 0
0.0232962 114.987 114.987 1 1 0
0.0232887 114.787 114.787 1 1 0
0.0232812 114.587 114.587 1 1 0
0.0232737 114.387 114.387 1 1 0
0.0232662 114.187 114.187 1 1 0
0.0232588 113.987 113.987 1 1 0
0.0232514 113.788 113.788 1 1 0
0.023244 113.588 113.588 1 1 0
0.0232367 113.388 113.388 1 1 0
0.0232293 113.189 113.189 1 1 0
0.0232221 112.989 112.989 1 1 0
0.0232148 112.789 112.789 1 1 0
0.0232076 112.59 112.59 1 1 0
0.0232004 112.39 112.39 1 1 0
0.0231932 112.191 112.191 1 1 0
0.023186 111.992 111.992 1 1 0
0.0231789 111.792 111.792 1 1 0
0.0231718 111.593 111.593 1 1 0
0.0231648 111.393 111.393 1 1 0
0.0231577 111.194 111.194 1 1 0
0.0231507 110.995 110.995 1 1 0
0.0231437 110.796 110.796 1 1 0
0.0231368 110.596 110.596 1 1 0
0.0231299 110.397 110.397 1 1 0
0.023123 110.198 110.198 1 1 0
0.0231161 109.999 109.999 1 1 0
0.0231093 109.8 109.8 1 1 0
0.0231025 109.601 109.601 1 1 0
0.0230957 109.402 109.402 1 1 0
0.023089 109.203 109.203 1 1 0
0.0230822 109.004 109.004 1 1 0
0.0230756 108.805 108.805 1 1 0
0.0230689 108.606 108.606 1 1 0
0.0230623 108.407 108.407 1 1 0
0.0230557 108.209 108.209 1 1 0
0.0230491 108.01 108.01 1 1 0
0.0230426 107.811 107.811 1 1 0
0.0230361 107.613 107.613 1 1 0
0.0230296 107.414 107.414 1 1 0
0.0230231 107.215 107.215 1 1 0
0.0230167 107.017 107.017 1 1 0
0.0230103 106.818 106.818 1 1 0
0.023004 106.62 106.62 1 1 0
0.0229976 106.421 106.421 1 1 0
0.0229913 106.223 106.223 1 1 0
0.0229851 106.024 106.024 1 1 0
0.0229788 105.826 105.826 1 1 0
0.0229726 105.628 105.628 1 1 0
0.0229664 105.429 105.429 1 1 0
0.0229603 105.231 105.231 1 1 0
0.0229541 105.033 105.033 1 1 0
0.0229481 104.835 104.835 1 1 0
0.022942 104.637 104.637 1 1 0
0.022936 104.439 104.439 1 1 0
0.02293 104.241 104.241 1 1 0
0.022924 104.043 104.043 1 1 0
0.0229181 103.845 103.845 1 1 0
0.0229122 103.647 103.647 1 1 0
0.0229063 103.449 103.449 1 1 0
0.0229005 103.251 103.251 1 1 0
0.0228946 103.053 103.053 1 1 0
0.0228889 102.855 102.855 1 1 0
0.0228831 102.657 102.657 1 1 0
0.0228774 102.46 102.46 1 1 0
0.0228717 102.262 102.262 1 1 0
0.0228661 102.064 102.064 1 1 0
0.0228604 101.867 101.867 1 1 0
0.0228548 101.669 101.669 1 1 0
0.0228493 101.472 101.472 1 1 0
0.0228438 101.274 101.274 1 1 0
0.0228383 101.077 101.077 1 1 0
0.0228328 100.879 100.879 1 1 0
0.0228274 100.682 100.682 1 1 0
0.022822 100.485 100.485 1 1 0
0.0228166 100.287 100.287 1 1 0
0.0228113 100.09 100.09 1 1 0
0.022806 99.8927 99.8927 1 1 0
0.0228007 99.6955 99.6955 1 1 0
0.0227955 99.4984 99.4984 1 1 0
0.0227903 99.3013 99.3013 1 1 0
0.0227851 99.1042 99.1042 1 1 0
0.02278 98.9072 98.9072 1 1 0
0.0227749 98.7102 98.7102 1 1 0
0.0227698 98.5132 98.5132 1 1 0
0.0227648 98.3163 98.3163 1 1 0
0.0227598 98.1194 98.1194 1 1 0
0.0227548 97.9226 97.9226 1 1 0
0.0227499 97.7258 97.7258 1 1 0
0.022745 97.529 97.529 1 1 0
0.0227401 97.3323 97.3323 1 1 0
0.0227352 97.1356 97.1356 1 1 0
0.0227304 96.939 96.939 1 1 0
0.0227257 96.7424 96.7424 1 1 0
0.022721 96.5458 96.5458 1 1 0
0.0227163 96.3493 96.3493 1 1 0
0.0227116 96.1528 96.1528 1 1 0
0.022707 95.9564 95.9564 1 1 0
0.0227024 95.76 95.76 1 1 0
0.0226978 95.5637 95.5637 1 1 0
0.0226933 95.3673 95.3673 1 1 0
0.0226888 95.1711 95.1711 1 1 0
0.0226843 94.9748 94.9748 1 1 0
0.0226799 94.7787 94.7787 1 1 0
0.0226755 94.5825 94.5825 1 1 0
0.0226712 94.3864 94.3864 1 1 0
0.0226669 94.1903 94.1903 1 1 0
0.0226626 93.9943 93.9943 1 1 0
0.0226584 93.7983 93.7983 1 1 0
0.0226542 93.6024 93.6024 1 1 0
0.02265 93.4065 93.4065 1 1 0
0.0226459 93.2106 93.2106 1 1 0
0.0226418 93.0148 93.0148 1 1 0
0.0226377 92.819 92.819 1 1 0
0.0226337 92.6233 92.6233 1 1 0
0.0226297 92.4276 92.4276 1 1 0
0.0226258 92.2319 92.2319 1 1 0
0.0226218 92.0363 92.0363 1 1 0
0.022618 91.8407 91.8407 1 1 0
0.0226141 91.6452 91.6452 1 1 0
0.0226103 91.4497 91.4497 1 1 0
0.0226066 91.2543 91.2543 1 1 0
0.0226028 91.0589 91.0589 1 1 0
0.0225992 90.8635 90.8635 1 1 0
0.0225955 90.6682 90.6682 1 1 0
0.0225919 90.4729 90.4729 1 1 0
0.0225883 90.2777 90.2777 1 1 0
0.0225848 90.0825 90.0825 1 1 0
0.0225813 89.8874 89.8874 1 1 0
0.0225778 89.6923 89.6923 1 1 0
0.0225744 89.4972 89.4972 1 1 0
0.0225711 89.3022 89.3022 1 1 0
0.0225677 89.1072 89.1072 1 1 0
0.0225644 88.9123 88.9123 1 1 0
0.0225612 88.7174 88.7174 1 1 0
0.0225579 88.5226 88.5226 1 1 0
0.0225548 88.3278 88.3278 1 1 0
0.0225516 88.1331 88.1331 1 1 0
0.0225485 87.9383 87.9383 1 1 0
0.0225455 87.7437 87.7437 1 1 0
0.0225424 87.5491 87.5491 1 1 0
0.0225395 87.3545 87.3545 1 1 0
0.0225365 87.16 87.16 1 1 0
0.0225336 86.9655 86.9655 1 1 0
0.0225308 86.771 86.771 1 1 0
0.022528 86.5766 86.5766 1 1 0
0.0225252 86.3823 86.3823 1 1 0
0.0225225 86.188 86.188 1 1 0
0.0225198 85.9937 85.9937 1 1 0
0.0225171 85.7995 85.7995 1 1 0
0.0225145 85.6053 85.6053 1 1 0
0.022512 85.4112 85.4112 1 1 0
0.0225094 85.2171 85.2171 1 1 0
0.022507 85.0231 85.0231 1 1 0
0.0225045 84.8291 84.8291 1 1 0
0.0225021 84.6351 84.6351 1 1 0
0.0224998 84.4412 84.4412 1 1 0
0.0224975 84.2474 84.2474 1 1 0
0.0224952 84.0535 84.0535 1 1 0
0.022493 83.8598 83.8598 1 1 0
0.0224908 83.6661 83.6661 1 1 0
0.0224887 83.4724 83.4724 1 1 0
0.0224866 83.2788 83.2788 1 1 0
0.0224846 83.0852 83.0852 1 1 0
0.0224826 82.8916 82.8916 1 1 0
0.0224806 82.6981 82.6981 1 1 0
0.0224787 82.5047 82.5047 1 1 0
0.0224769 82.3113 82.3113 1 1 0
0.0224751 82.118 82.118 1 1 0
0.0224733 81.9246 81.9246 1 1 0
0.0224716 81.7314 81.7314 1 1 0
0.0224699 81.5382 81.5382 1 1 0
0.0224683 81.345 81.345 1 1 0
0.0224667 81.1519 81.1519 1 1 0
0.0224652 80.9588 80.9588 1 1 0
0.0224637 80.7658 80.7658 1 1 0
0.0224623 80.5728 80.5728 1 1 0
0.0224609 80.3799 80.3799 1 1 0
0.0224595 80.187 80.187 1 1 0
0.0224582 79.9942 79.9942 1 1 0
0.022457 79.8014 79.8014 1 1 0
0.0224558 79.6087 79.6087 1 1 0
0.0224547 79.416 79.416 1 1 0
0.0224536 79.2233 79.2233 1 1 0
0.0224525 79.0308 79.0308 1 1 0
0.0224515 78.8382 78.8382 1 1 0
0.0224506 78.6457 78.6457 1 1 0
0.0224497 78.4533 78.4533 1 1 0
0.0224488 78.2609 78.2609 1 1 0
0.022448 78.0685 78.0685 1 1 0
0.0224473 77.8762 77.8762 1 1 0
0.0224466 77.684 77.684 1 1 0
0.022446 77.4917 77.4917 1 1 0
0.0224454 77.2996 77.2996 1 1 0
0.0224448 77.1075 77.1075 1 1 0
0.0224443 76.9154 76.9154 1 1 0
0.0224439 76.7234 76.7234 1 1 0
0.0224435 76.5315 76.5315 1 1 0
0.0224432 76.3395 76.3395 1 1 0
0.0224429 76.1477 76.1477 1 1 0
0.0224427 75.9559 75.9559 1 1 0
0.0224426 75.7641 75.7641 1 1 0
0.0224424 75.5724 75.5724 1 1 0
0.0224424 75.3807 75.3807 1 1 0
0.0224424 75.2864 75.2864 2 1 0
0.0224424 75.0949 75.0949 2 1 0
0.0224425 74.9033 74.9033 2 1 0
0.0224426 74.7118 74.7118 2 1 0
0.0224428 74.5204 74.5204 2 1 0
0.0224431 74.329 74.329 2 1 0
0.0224434 74.1377 74.1377 2 1 0
0.0224438 73.9464 73.9464 2 1 0
0.0224442 73.7551 73.7551 2 1 0
0.0224447 73.564 73.564 2 1 0
0.0224452 73.3728 73.3728 2 1 0
0.0224458 73.1817 73.1817 2 1 0
0.0224465 72.9907 72.9907 2 1 0
0.0224472 72.7997 72.7997 2 1 0
0.0224479 72.6088 72.6088 2 1 0
0.0224488 72.4179 72.4179 2 1 0
0.0224497 72.2271 72.2271 2 1 0
0.0224506 72.0363 72.0363 2 1 0
0.0224516 71.8456 71.8456 2 1 0
0.0224527 71.6549 71.6549 2 1 0
0.0224539 71.4643 71.4643 2 1 0
0.0224551 71.2737 71.2737 2 1 0
0.0224563 71.0832 71.0832 2 1 0
0.0224576 70.8928 70.8928 2 1 0
0.022459 70.7023 70.7023 2 1 0
0.0224605 70.512 70.512 2 1 0
0.022462 70.3217 70.3217 2 1 0
0.0224636 70.1314 70.1314 2 1 0
0.0224652 69.9412 69.9412 2 1 0
0.0224669 69.7511 69.7511 2 1 0
0.0224687 69.561 69.561 2 1 0
0.0224706 69.3709 69.3709 2 1 0
0.0224725 69.1809 69.1809 2 1 0
0.0224744 68.991 68.991 2 1 0
0.0224765 68.8011 68.8011 2 1 0
0.0224786 68.6113 68.6113 2 1 0
0.0224808 68.4215 68.4215 2 1 0
0.022483 68.2318 68.2318 2 1 0
0.0224853 68.0421 68.0421 2 1 0
0.0224877 67.8525 67.8525 2 1 0
0.0224902 67.6629 67.6629 2 1 0
0.0224927 67.4734 67.4734 2 1 0
0.0224953 67.284 67.284 2 1 0
0.0224979 67.0946 67.0946 2 1 0
0.0225007 66.9052 66.9052 2 1 0
0.0225035 66.7159 66.7159 2 1 0
0.0225064 66.5267 66.5267 2 1 0
0.0225093 66.3375 66.3375 2 1 0
0.0225123 66.1484 66.1484 2 1 0
0.0225154 65.9593 65.9593 2 1 0
0.0225186 65.7703 65.7703 2 1 0
0.0225219 65.5813 65.5813 2 1 0
0.0225252 65.3924 65.3924 2 1 0
0.0225286 65.2036 65.2036 2 1 0
0.0225321 65.0148 65.0148 2 1 0
0.0225356 64.826 64.826 2 1 0
0.0225393 64.6373 64.6373 2 1 0
0.022543 64.4487 64.4487 2 1 0
0.0225468 64.2601 64.2601 2 1 0
0.0225506 64.0716 64.0716 2 1 0
0.0225546 63.8831 63.8831 2 1 0
0.0225586 63.6947 63.6947 2 1 0
0.0225627 63.5064 63.5064 2 1 0
0.0225669 63.3181 63.3181 2 1 0
0.0225712 63.1298 63.1298 2 1 0
0.0225755 62.9417 62.9417 2 1 0
0.02258 62.7535 62.7535 2 1 0
0.0225845 62.5655 62.5655 2 1 0
0.0225891 62.3775 62.3775 2 1 0
0.0225938 62.1895 62.1895 2 1 0
0.0225986 62.0016 62.0016 2 1 0
0.0226034 61.8138 61.8138 2 1 0
0.0226084 61.626 61.626 2 1 0
0.0226134 61.4383 61.4383 2 1 0
0.0226185 61.2506 61.2506 2 1 0
0.0226238 61.063 61.063 2 1 0
0.0226291 60.8754 60.8754 2 1 0
0.0226345 60.6879 60.6879 2 1 0
0.0226399 60.5005 60.5005 2 1 0
0.0226455 60.3131 60.3131 2 1 0
0.0226512 60.1258 60.1258 2 1 0
0.0226569 59.9385 59.9385 2 1 0
0.0226628 59.7513 59.7513 2 1 0
0.0226687 59.5642 59.5642 2 1 0
0.0226748 59.3771 59.3771 2 1 0
0.0226809 59.1901 59.1901 2 1 0
0.0226872 59.0031 59.0031 2 1 0
0.0226935 58.8162 58.8162 2 1 0
0.0226999 58.6293 58.6293 2 1 0
0.0227065 58.4425 58.4425 2 1 0
0.0227131 58.2558 58.2558 2 1 0
0.0227198 58.0691 58.0691 2 1 0
0.0227266 57.8825 57.8825 2 1 0
0.0227336 57.6959 57.6959 2 1 0
0.0227406 57.5095 57.5095 2 1 0
0.0227477 57.323 57.323 2 1 0
0.022755 57.1366 57.1366 2 1 0
0.0227623 56.9503 56.9503 2 1 0
0.0227698 56.7641 56.7641 2 1 0
0.0227773 56.5779 56.5779 2 1 0
0.022785 56.3917 56.3917 2 1 0
0.0227928 56.2057 56.2057 2 1 0
0.0228007 56.0197 56.0197 2 1 0
0.0228087 55.8337 55.8337 2 1 0
0.0228168 55.6478 55.6478 2 1 0
0.022825 55.462 55.462 2 1 0
0.0228333 55.2762 55.2762 2 1 0
0.0228418 55.0905 55.0905 2 1 0
0.0228503 54.9049 54.9049 2 1 0
0.0228503 54.9049 54.9049 2 1 0
0.022851 54.89 54.89 2 1 0
0.0228517 54.8752 54.8752 2 1 0
0.0228531 54.8455 54.8455 2 1 0
0.0228559 54.7861 54.7861 2 1 0
0.0228614 54.6673 54.6673 2 1 0
0.0228703 54.4818 54.4818 2 1 0
0.0228792 54.2964 54.2964 2 1 0
0.0228883 54.111 54.111 2 1 0
0.0228975 53.9257 53.9257 2 1 0
0.0229068 53.7404 53.7404 2 1 0
0.0229162 53.5552 53.5552 2 1 0
0.0229257 53.3701 53.3701 2 1 0
0.0229354 53.185 53.185 2 1 0
0.0229452 53 53 2 1 0
0.0229551 52.8151 52.8151 2 1 0
0.0229652 52.6302 52.6302 2 1 0
0.0229754 52.4454 52.4454 2 1 0
0.0229857 52.2606 52.2606 2 1 0
0.0229961 52.076 52.076 2 1 0
0.0230067 51.8913 51.8913 2 1 0
0.0230174 51.7068 51.7068 2 1 0
0.0230282 51.5223 51.5223 2 1 0
0.0230392 51.3378 51.3378 2 1 0
0.0230503 51.1535 51.1535 2 1 0
0.0230616 50.9692 50.9692 2 1 0
0.023073 50.7849 50.7849 2 1 0
0.0230845 50.6007 50.6007 2 1 0
0.0230962 50.4166 50.4166 2 1 0
0.023108 50.2326 50.2326 2 1 0
0.02312 50.0486 50.0486 2 1 0
0.0231321 49.8647 49.8647 2 1 0
0.0231443 49.6808 49.6808 2 1 0
0.0231567 49.497 49.497 2 1 0
0.0231693 49.3133 49.3133 2 1 0
0.023182 49.1297 49.1297 2 1 0
0.0231948 48.9461 48.9461 2 1 0
0.0232078 48.7625 48.7625 2 1 0
0.023221 48.5791 48.5791 2 1 0
0.0232343 48.3957 48.3957 2 1 0
0.0232478 48.2124 48.2124 2 1 0
0.0232615 48.0291 48.0291 2 1 0
0.0232753 47.8459 47.8459 2 1 0
0.0232892 47.6628 47.6628 2 1 0
0.0233034 47.4797 47.4797 2 1 0
0.0233177 47.2967 47.2967 2 1 0
0.0233322 47.1138 47.1138 2 1 0
0.0233468 46.9309 46.9309 2 1 0
0.0233616 46.7482 46.7482 2 1 0
0.0233766 46.5654 46.5654 2 1 0
0.0233917 46.3828 46.3828 2 1 0
0.0234071 46.2002 46.2002 2 1 0
0.0234226 46.0177 46.0177 2 1 0
0.0234383 45.8352 45.8352 2 1 0
0.0234542 45.6528 45.6528 2 1 0
0.0234702 45.4705 45.4705 2 1 0
0.0234865 45.2883 45.2883 2 1 0
0.0235029 45.1061 45.1061 2 1 0
0.0235195 44.924 44.924 2 1 0
0.0235363 44.742 44.742 2 1 0
0.0235534 44.56 44.56 2 1 0
0.0235706 44.3781 44.3781 2 1 0
0.023588 44.1963 44.1963 2 1 0
0.0236056 44.0145 44.0145 2 1 0
0.0236234 43.8328 43.8328 2 1 0
0.0236414 43.6512 43.6512 2 1 0
0.0236596 43.4697 43.4697 2 1 0
0.023678 43.2882 43.2882 2 1 0
0.0236967 43.1068 43.1068 2 1 0
0.0237155 42.9254 42.9254 2 1 0
0.0237346 42.7442 42.7442 2 1 0
0.0237538 42.563 42.563 2 1 0
0.0237733 42.3819 42.3819 2 1 0
0.0237931 42.2008 42.2008 2 1 0
0.023813 42.0198 42.0198 2 1 0
0.0238332 41.8389 41.8389 2 1 0
0.0238536 41.6581 41.6581 2 1 0
0.0238742 41.4773 41.4773 2 1 0
0.0238951 41.2966 41.2966 2 1 0
0.0239162 41.116 41.116 2 1 0
0.0239376 40.9355 40.9355 2 1 0
0.0239591 40.755 40.755 2 1 0
0.023981 40.5746 40.5746 2 1 0
0.0240031 40.3943 40.3943 2 1 0
0.0240254 40.214 40.214 2 1 0
0.024048 40.0338 40.0338 2 1 0
0.0240708 39.8537 39.8537 2 1 0
0.024094 39.6737 39.6737 2 1 0
0.0241173 39.4937 39.4937 2 1 0
0.024141 39.3139 39.3139 2 1 0
0.0241649 39.134 39.134 2 1 0
0.0241891 38.9543 38.9543 2 1 0
0.0242135 38.7747 38.7747 2 1 0
0.0242382 38.5951 38.5951 2 1 0
0.0242633 38.4156 38.4156 2 1 0
0.0242886 38.2361 38.2361 2 1 0
0.0243142 38.0568 38.0568 2 1 0
0.0243401 37.8775 37.8775 2 1 0
0.0243662 37.6983 37.6983 2 1 0
0.0243927 37.5192 37.5192 2 1 0
0.0244195 37.3401 37.3401 2 1 0
0.0244466 37.1611 37.1611 2 1 0
0.024474 36.9823 36.9823 2 1 0
0.0245017 36.8034 36.8034 2 1 0
0.0245298 36.6247 36.6247 2 1 0
0.0245581 36.446 36.446 2 1 0
0.0245868 36.2674 36.2674 2 1 0
0.0246158 36.0889 36.0889 2 1 0
0.0246452 35.9105 35.9105 2 1 0
0.0246749 35.7322 35.7322 2 1 0
0.0247049 35.5539 35.5539 2 1 0
0.0247353 35.3757 35.3757 2 1 0
0.0247661 35.1976 35.1976 2 1 0
0.0247972 35.0196 35.0196 2 1 0
0.0248286 34.8416 34.8416 2 1 0
0.0248605 34.6637 34.6637 2 1 0
0.0248927 34.4859 34.4859 2 1 0
0.0249253 34.3082 34.3082 2 1 0
0.0249582 34.1306 34.1306 2 1 0
0.0249916 33.9531 33.9531 2 1 0
0.0250253 33.7756 33.7756 2 1 0
0.0250595 33.5982 33.5982 2 1 0
0.025094 33.4209 33.4209 2 1 0
0.025129 33.2437 33.2437 2 1 0
0.0251643 33.0665 33.0665 2 1 0
0.0252001 32.8895 32.8895 2 1 0
0.0252364 32.7125 32.7125 2 1 0
0.025273 32.5356 32.5356 2 1 0
0.0253101 32.3588 32.3588 2 1 0
0.0253476 32.1821 32.1821 2 1 0
0.0253856 32.0055 32.0055 2 1 0
0.025424 31.8289 31.8289 2 1 0
0.025463 31.6524 31.6524 2 1 0
0.0255023 31.4761 31.4761 2 1 0
0.0255422 31.2998 31.2998 2 1 0
0.0255825 31.1235 31.1235 2 1 0
0.0256233 30.9474 30.9474 2 1 0
0.0256647 30.7714 30.7714 2 1 0
0.0257065 30.5954 30.5954 2 1 0
0.0257488 30.4196 30.4196 2 1 0
0.0257917 30.2438 30.2438 2 1 0
0.0258351 30.0681 30.0681 2 1 0
0.025879 29.8925 29.8925 2 1 0
0.0259235 29.717 29.717 2 1 0
0.0259686 29.5415 29.5415 2 1 0
0.0260142 29.3662 29.3662 2 1 0
0.0260603 29.191 29.191 2 1 0
0.0261071 29.0158 29.0158 2 1 0
0.0261544 28.8407 28.8407 2 1 0
0.0262023 28.6658 28.6658 2 1 0
0.0262509 28.4909 28.4909 2 1 0
0.0263 28.3161 28.3161 2 1 0
0.0263498 28.1414 28.1414 2 1 0
0.0264002 27.9668 27.9668 2 1 0
0.0264513 27.7922 27.7922 2 1 0
0.026503 27.6178 27.6178 2 1 0
0.0265554 27.4435 27.4435 2 1 0
0.0266085 27.2692 27.2692 2 1 0
0.0266623 27.0951 27.0951 2 1 0
0.0267167 26.9211 26.9211 2 1 0
0.0267719 26.7471 26.7471 2 1 0
0.0268278 26.5732 26.5732 2 1 0
0.0268845 26.3995 26.3995 2 1 0
0.0269419 26.2258 26.2258 2 1 0
0.027 26.0522 26.0522 2 1 0
0.027059 25.8788 25.8788 2 1 0
0.0271187 25.7054 25.7054 2 1 0
0.0271792 25.5321 25.5321 2 1 0
0.0272406 25.3589 25.3589 2 1 0
0.0273028 25.1858 25.1858 2 1 0
0.0273658 25.0129 25.0129 2 1 0
0.0274297 24.84 24.84 2 1 0
0.0274945 24.6672 24.6672 2 1 0
0.0275601 24.4945 24.4945 2 1 0
0.0276267 24.322 24.322 2 1 0
0.0276942 24.1495 24.1495 2 1 0
0.0277627 23.9771 23.9771 2 1 0
0.0278321 23.8048 23.8048 2 1 0
0.0279025 23.6327 23.6327 2 1 0
0.0279739 23.4606 23.4606 2 1 0
0.0280463 23.2887 23.2887 2 1 0
0.0281197 23.1168 23.1168 2 1 0
0.0281942 22.9451 22.9451 2 1 0
0.0282698 22.7735 22.7735 2 1 0
0.0283465 22.6019 22.6019 2 1 0
0.0284243 22.4305 22.4305 2 1 0
0.0285032 22.2592 22.2592 2 1 0
0.0285833 22.088 22.088 2 1 0
0.0286646 21.9169 21.9169 2 1 0
0.0287471 21.746 21.746 2 1 0
0.0288308 21.5751 21.5751 2 1 0
0.0289158 21.4044 21.4044 2 1 0
0.0290021 21.2337 21.2337 2 1 0
0.0290897 21.0632 21.0632 2 1 0
0.0291786 20.8928 20.8928 2 1 0
0.0292689 20.7225 20.7225 2 1 0
0.0293606 20.5524 20.5524 2 1 0
0.0294538 20.3823 20.3823 2 1 0
0.0295484 20.2124 20.2124 2 1 0
0.0296444 20.0426 20.0426 2 1 0
0.0297421 19.8729 19.8729 2 1 0
0.0298412 19.7033 19.7033 2 1 0
0.029942 19.5339 19.5339 2 1 0
0.0300443 19.3645 19.3645 2 1 0
0.0301484 19.1953 19.1953 2 1 0
0.0302541 19.0263 19.0263 2 1 0
0.0303616 18.8573 18.8573 2 1 0
0.0304708 18.6885 18.6885 2 1 0
0.0305819 18.5198 18.5198 2 1 0
0.0306949 18.3513 18.3513 2 1 0
0.0308097 18.1829 18.1829 2 1 0
0.0309265 18.0146 18.0146 2 1 0
0.0310453 17.8464 17.8464 2 1 0
0.0311661 17.6784 17.6784 2 1 0
0.0312891 17.5105 17.5105 2 1 0
0.0314141 17.3428 17.3428 2 1 0
0.0315414 17.1752 17.1752 2 1 0
0.031671 17.0077 17.0077 2 1 0
0.0318028 16.8404 16.8404 2 1 0
0.031937 16.6732 16.6732 2 1 0
0.0320737 16.5062 16.5062 2 1 0
0.0322128 16.3393 16.3393 2 1 0
0.0323545 16.1726 16.1726 2 1 0
0.0324989 16.006 16.006 2 1 0
0.0326459 15.8396 15.8396 2 1 0
0.0327957 15.6733 15.6733 2 1 0
0.0329483 15.5072 15.5072 2 1 0
0.0331039 15.3412 15.3412 2 1 0
0.0332625 15.1754 15.1754 2 1 0
0.0334241 15.0098 15.0098 2 1 0
0.0335889 14.8443 14.8443 2 1 0
0.033757 14.679 14.679 2 1 0
0.0339284 14.5138 14.5138 2 1 0
0.0341033 14.3489 14.3489 2 1 0
0.0342817 14.1841 14.1841 2 1 0
0.0344638 14.0194 14.0194 2 1 0
0.0346497 13.855 13.855 2 1 0
0.0348394 13.6907 13.6907 2 1 0
0.0350331 13.5267 13.5267 2 1 0
0.0352309 13.3628 13.3628 2 1 0
0.035433 13.1991 13.1991 2 1 0
0.0356394 13.0356 13.0356 2 1 0
0.0358504 12.8722 12.8722 2 1 0
0.036066 12.7091 12.7091 2 1 0
0.0362864 12.5462 12.5462 2 1 0
0.0365118 12.3835 12.3835 2 1 0
0.0367423 12.221 12.221 2 1 0
0.0369781 12.0587 12.0587 2 1 0
0.0372194 11.8966 11.8966 2 1 0
0.0374664 11.7348 11.7348 2 1 0
0.0377192 11.5732 11.5732 2 1 0
0.037978 11.4118 11.4118 2 1 0
0.0382432 11.2506 11.2506 2 1 0
0.0385148 11.0897 11.0897 2 1 0
0.0387932 10.929 10.929 2 1 0
0.0390785 10.7685 10.7685 2 1 0
0.0393711 10.6083 10.6083 2 1 0
0.0396712 10.4484 10.4484 2 1 0
0.0399791 10.2888 10.2888 2 1 0
0.0402951 10.1294 10.1294 2 1 0
0.0406195 9.97024 9.97024 2 1 0
0.0409526 9.8114 9.8114 2 1 0
0.0412948 9.65285 9.65285 2 1 0
0.0416464 9.4946 9.4946 2 1 0
0.0420079 9.33665 9.33665 2 1 0
0.0423796 9.17901 9.17901 2 1 0
0.042762 9.02168 9.02168 2 1 0
0.0431555 8.86468 8.86468 2 1 0
0.0435606 8.70802 8.70802 2 1 0
0.0439779 8.5517 8.5517 2 1 0
0.0444077 8.39574 8.39574 2 1 0
0.0448508 8.24013 8.24013 2 1 0
0.0453077 8.0849 8.0849 2 1 0
0.0457791 7.93006 7.93006 2 1 0
0.0462655 7.77561 7.77561 2 1 0
0.0467679 7.62156 7.62156 2 1 0
0.0472868 7.46794 7.46794 2 1 0
0.0478232 7.31475 7.31475 2 1 0
0.0483779 7.162 7.162 2 1 0
0.0489518 7.00972 7.00972 2 1 0
0.049546 6.85792 6.85792 2 1 0
0.0501614 6.7066 6.7066 2 1 0
0.0507992 6.5558 6.5558 2 1 0
0.0514606 6.40552 6.40552 2 1 0
0.0521469 6.25579 6.25579 2 1 0
0.0528595 6.10663 6.10663 2 1 0
0.0535999 5.95805 5.95805 2 1 0
0.0543696 5.81008 5.81008 2 1 0
0.0551704 5.66275 5.66275 2 1 0
0.0560042 5.51607 5.51607 2 1 0
0.0568729 5.37007 5.37007 2 1 0
0.0577787 5.22479 5.22479 2 1 0
0.0587239 5.08024 5.08024 2 1 0
0.0597111 4.93647 4.93647 2 1 0
0.0607429 4.79349 4.79349 2 1 0
0.0618224 4.65136 4.65136 2 1 0
0.0629527 4.5101 4.5101 2 1 0
0.0641374 4.36976 4.36976 2 1 0
0.0653803 4.23037 4.23037 2 1 0
0.0666855 4.09197 4.09197 2 1 0
0.0680575 3.95463 3.95463 2 1 0
0.0695014 3.81837 3.81837 2 1 0
0.0710226 3.68326 3.68326 2 1 0
0.0726271 3.54935 3.54935 2 1 0
0.0743213 3.4167 3.4167 2 1 0
0.0761127 3.28538 3.28538 2 1 0
0.078009 3.15543 3.15543 2 1 0
0.0800189 3.02695 3.02695 2 1 0
0.0821524 2.9 2.9 2 1 0
0.0844202 2.77465 2.77465 2 1 0
0.0868342 2.65099 2.65099 2 1 0
0.0894078 2.52909 2.52909 2 1 0
0.0921557 2.40906 2.40906 2 1 0
0.0950946 2.29097 2.29097 2 1 0
0.098243 2.17493 2.17493 2 1 0
0.101622 2.06103 2.06103 2 1 0
0.105254 1.94939 1.94939 2 1 0
0.109165 1.84011 1.84011 2 1 0
0.113387 1.73329 1.73329 2 1 0
0.117951 1.62905 1.62905 2 1 0
0.122895 1.5275 1.5275 2 1 0
0.128264 1.42876 1.42876 2 1 0
0.134106 1.33293 1.33293 2 1 0
0.140478 1.24013 1.24013 2 1 0
0.147444 1.15047 1.15047 2 1 0
0.155078 1.06405 1.06405 2 1 0
0.163466 0.980964 0.980964 2 1 0
0.172709 0.901305 0.901305 2 1 0
0.182922 0.825154 0.825154 2 1 0
0.194242 0.752579 0.752579 2 1 0
0.206828 0.683638 0.683638 2 1 0
0.22087 0.618375 0.618375 2 1 0
0.236594 0.556819 0.556819 2 1 0
0.254268 0.498983 0.498983 2 1 0
0.274219 0.444864 0.444864 2 1 0
0.29684 0.394441 0.394441 2 1 0
0.322615 0.347677 0.347677 2 1 0
0.352138 0.304518 0.304518 2 1 0
0.386149 0.264894 0.264894 2 1 0
0.425575 0.22872 0.22872 2 1 0
0.471588 0.195897 0.195897 2 1 0
0.525683 0.166313 0.166313 2 1 0
0.1 0 0 2 1 0
0.14 0 0 1 1 0
0.18 0 0 1 1 0
0.26 0 0 1 1 0
0.42 0 0 1 1 0
0.74 0 0 1 1 0
0.1 0 0 1 1 0
0.06 0 0 1 1 0
0.02 -5.51311e-44 -5.51311e-44 1 1 0
-0.06 1.65393e-43 1.65393e-43 1 1 0